0.00000e+00 4.51349e-01
4.00000e-03 4.51348e-01
8.00000e-03 4.51341e-01
1.20000e-02 4.51216e-01
1.60000e-02 4.49893e-01
2.00000e-02 4.41583e-01
2.40000e-02 4.19609e-01
2.80000e-02 4.05572e-01
3.20000e-02 4.04786e-01
3.60000e-02 4.06512e-01
4.00000e-02 4.13675e-01
4.40000e-02 4.29119e-01
4.80000e-02 4.54021e-01
5.20000e-02 4.89577e-01
5.60000e-02 5.33361e-01
6.00000e-02 5.63981e-01
6.40000e-02 5.70128e-01
6.80000e-02 5.70244e-01
7.20000e-02 5.69821e-01
7.60000e-02 5.65442e-01
8.00000e-02 5.43861e-01
8.40000e-02 5.10169e-01
8.80000e-02 4.98981e-01
9.20000e-02 4.98264e-01
9.60000e-02 4.98128e-01
1.00000e-01 4.97919e-01
1.04000e-01 4.97344e-01
1.08000e-01 4.95238e-01
1.12000e-01 4.86374e-01
1.16000e-01 4.62601e-01
1.20000e-01 4.42229e-01
1.24000e-01 4.39067e-01
1.28000e-01 4.39202e-01
1.32000e-01 4.40459e-01
1.36000e-01 4.44486e-01
1.40000e-01 4.52896e-01
1.44000e-01 4.67233e-01
1.48000e-01 4.88436e-01
1.52000e-01 5.09460e-01
1.56000e-01 5.17361e-01
1.60000e-01 5.17938e-01
1.64000e-01 5.17916e-01
1.68000e-01 5.17623e-01
1.72000e-01 5.15832e-01
1.76000e-01 5.09187e-01
1.80000e-01 4.98794e-01
1.84000e-01 4.94675e-01
1.88000e-01 4.94469e-01
1.92000e-01 4.94573e-01
1.96000e-01 4.95362e-01
2.00000e-01 4.98937e-01
2.04000e-01 5.10402e-01
2.08000e-01 5.25251e-01
2.12000e-01 5.27550e-01
2.16000e-01 5.22172e-01
2.20000e-01 4.89516e-01
2.24000e-01 4.50251e-01
2.28000e-01 4.43420e-01
2.32000e-01 4.43991e-01
2.36000e-01 4.47855e-01
2.40000e-01 4.57482e-01
2.44000e-01 4.73276e-01
2.48000e-01 4.95224e-01
2.52000e-01 5.19651e-01
2.56000e-01 5.33271e-01
2.60000e-01 5.35325e-01
2.64000e-01 5.35372e-01
2.68000e-01 5.35373e-01
2.72000e-01 5.35374e-01
2.76000e-01 5.35376e-01
2.80000e-01 5.35386e-01
2.84000e-01 5.35432e-01
2.88000e-01 5.35627e-01
2.92000e-01 5.36474e-01
2.96000e-01 5.39894e-01
3.00000e-01 5.49334e-01
3.04000e-01 5.58311e-01
3.08000e-01 5.59238e-01
3.12000e-01 5.56725e-01
3.16000e-01 5.39017e-01
3.20000e-01 5.06726e-01
3.24000e-01 4.95297e-01
3.28000e-01 4.94921e-01
3.32000e-01 4.95347e-01
3.36000e-01 4.97553e-01
3.40000e-01 5.04105e-01
3.44000e-01 5.19763e-01
3.48000e-01 5.44293e-01
3.52000e-01 5.56053e-01
3.56000e-01 5.55970e-01
3.60000e-01 5.45829e-01
3.64000e-01 5.01500e-01
3.68000e-01 4.62415e-01
3.72000e-01 4.57500e-01
3.76000e-01 4.57752e-01
3.80000e-01 4.59616e-01
3.84000e-01 4.64533e-01
3.88000e-01 4.72227e-01
3.92000e-01 4.80629e-01
3.96000e-01 4.87828e-01
4.00000e-01 4.93413e-01
4.04000e-01 4.97968e-01
4.08000e-01 5.02240e-01
4.12000e-01 5.06957e-01
4.16000e-01 5.13139e-01
4.20000e-01 5.22718e-01
4.24000e-01 5.38505e-01
4.28000e-01 5.57671e-01
4.32000e-01 5.66958e-01
4.36000e-01 5.67933e-01
4.40000e-01 5.67945e-01
4.44000e-01 5.67945e-01
4.48000e-01 5.67945e-01
4.52000e-01 5.67945e-01
4.56000e-01 5.67945e-01
4.60000e-01 5.67944e-01
4.64000e-01 5.67939e-01
4.68000e-01 5.67915e-01
4.72000e-01 5.67793e-01
4.76000e-01 5.67245e-01
4.80000e-01 5.65464e-01
4.84000e-01 5.62536e-01
4.88000e-01 5.60813e-01
4.92000e-01 5.60366e-01
4.96000e-01 5.60113e-01
5.00000e-01 5.59696e-01
5.04000e-01 5.59232e-01
5.08000e-01 5.59128e-01
5.12000e-01 5.59153e-01
5.16000e-01 5.59437e-01
5.20000e-01 5.60035e-01
5.24000e-01 5.60088e-01
5.28000e-01 5.59040e-01
5.32000e-01 5.48669e-01
5.36000e-01 5.11061e-01
5.40000e-01 4.79939e-01
5.44000e-01 4.76450e-01
5.48000e-01 4.77080e-01
5.52000e-01 4.79552e-01
5.56000e-01 4.80741e-01
5.60000e-01 4.80429e-01
5.64000e-01 4.77230e-01
5.68000e-01 4.66029e-01
5.72000e-01 4.53164e-01
5.76000e-01 4.50026e-01
5.80000e-01 4.49993e-01
5.84000e-01 4.50363e-01
5.88000e-01 4.52173e-01
5.92000e-01 4.57113e-01
5.96000e-01 4.63111e-01
6.00000e-01 4.64761e-01
6.04000e-01 4.64641e-01
6.08000e-01 4.63038e-01
6.12000e-01 4.55993e-01
6.16000e-01 4.43301e-01
6.20000e-01 4.37043e-01
6.24000e-01 4.36563e-01
6.28000e-01 4.36626e-01
6.32000e-01 4.37060e-01
6.36000e-01 4.38409e-01
6.40000e-01 4.41241e-01
6.44000e-01 4.45796e-01
6.48000e-01 4.51788e-01
6.52000e-01 4.58559e-01
6.56000e-01 4.65400e-01
6.60000e-01 4.71770e-01
6.64000e-01 4.77324e-01
6.68000e-01 4.81884e-01
6.72000e-01 4.85432e-01
6.76000e-01 4.88121e-01
6.80000e-01 4.90206e-01
6.84000e-01 4.91947e-01
6.88000e-01 4.93547e-01
6.92000e-01 4.95154e-01
6.96000e-01 4.96869e-01
7.00000e-01 4.98754e-01
7.04000e-01 5.00842e-01
7.08000e-01 5.03131e-01
7.12000e-01 5.05580e-01
7.16000e-01 5.08101e-01
7.20000e-01 5.10580e-01
7.24000e-01 5.12909e-01
7.28000e-01 5.15042e-01
7.32000e-01 5.17021e-01
7.36000e-01 5.18977e-01
7.40000e-01 5.21144e-01
7.44000e-01 5.23956e-01
7.48000e-01 5.28349e-01
7.52000e-01 5.36414e-01
7.56000e-01 5.51181e-01
7.60000e-01 5.68791e-01
7.64000e-01 5.76151e-01
7.68000e-01 5.76745e-01
7.72000e-01 5.76750e-01
7.76000e-01 5.76749e-01
7.80000e-01 5.76726e-01
7.84000e-01 5.76437e-01
7.88000e-01 5.73170e-01
7.92000e-01 5.50190e-01
7.96000e-01 4.98932e-01
8.00000e-01 4.76795e-01
8.04000e-01 4.75727e-01
8.08000e-01 4.76068e-01
8.12000e-01 4.77331e-01
8.16000e-01 4.78587e-01
8.20000e-01 4.79148e-01
8.24000e-01 4.79593e-01
8.28000e-01 4.80537e-01
8.32000e-01 4.82352e-01
8.36000e-01 4.83499e-01
8.40000e-01 4.83560e-01
8.44000e-01 4.83280e-01
8.48000e-01 4.81401e-01
8.52000e-01 4.75076e-01
8.56000e-01 4.66537e-01
8.60000e-01 4.63701e-01
8.64000e-01 4.63606e-01
8.68000e-01 4.63749e-01
8.72000e-01 4.64573e-01
8.76000e-01 4.67303e-01
8.80000e-01 4.73873e-01
8.84000e-01 4.83508e-01
8.88000e-01 4.88940e-01
8.92000e-01 4.89633e-01
8.96000e-01 4.89644e-01
9.00000e-01 4.89644e-01
9.04000e-01 4.89644e-01
9.08000e-01 4.89644e-01
9.12000e-01 4.89644e-01
9.16000e-01 4.89644e-01
9.20000e-01 4.89645e-01
9.24000e-01 4.89648e-01
9.28000e-01 4.89654e-01
9.32000e-01 4.89671e-01
9.36000e-01 4.89713e-01
9.40000e-01 4.89821e-01
9.44000e-01 4.90104e-01
9.48000e-01 4.90876e-01
9.52000e-01 4.93030e-01
9.56000e-01 4.98632e-01
9.60000e-01 5.08691e-01
9.64000e-01 5.15656e-01
9.68000e-01 5.16482e-01
9.72000e-01 5.16193e-01
9.76000e-01 5.13375e-01
9.80000e-01 5.01676e-01
9.84000e-01 4.84144e-01
9.88000e-01 4.77944e-01
9.92000e-01 4.77628e-01
9.96000e-01 4.77639e-01
1.00000e+00 4.77731e-01
1.00400e+00 4.78057e-01
1.00800e+00 4.78843e-01
1.01200e+00 4.80349e-01
1.01600e+00 4.82925e-01
1.02000e+00 4.87307e-01
1.02400e+00 4.95153e-01
1.02800e+00 5.08191e-01
1.03200e+00 5.21313e-01
1.03600e+00 5.25601e-01
1.04000e+00 5.25814e-01
1.04400e+00 5.25738e-01
1.04800e+00 5.24832e-01
1.05200e+00 5.18470e-01
1.05600e+00 4.94848e-01
1.06000e+00 4.67976e-01
1.06400e+00 4.62183e-01
1.06800e+00 4.62162e-01
1.07200e+00 4.62882e-01
1.07600e+00 4.65350e-01
1.08000e+00 4.69390e-01
1.08400e+00 4.73109e-01
1.08800e+00 4.75980e-01
1.09200e+00 4.78838e-01
1.09600e+00 4.81139e-01
1.10000e+00 4.81641e-01
1.10400e+00 4.81567e-01
1.10800e+00 4.80643e-01
1.11200e+00 4.75631e-01
1.11600e+00 4.61845e-01
1.12000e+00 4.49069e-01
1.12400e+00 4.46519e-01
1.12800e+00 4.46465e-01
1.13200e+00 4.46495e-01
1.13600e+00 4.46634e-01
1.14000e+00 4.46858e-01
1.14400e+00 4.46992e-01
1.14800e+00 4.47032e-01
1.15200e+00 4.47055e-01
1.15600e+00 4.47095e-01
1.16000e+00 4.47190e-01
1.16400e+00 4.47413e-01
1.16800e+00 4.47902e-01
1.17200e+00 4.48957e-01
1.17600e+00 4.51255e-01
1.18000e+00 4.55907e-01
1.18400e+00 4.62495e-01
1.18800e+00 4.66450e-01
1.19200e+00 4.67034e-01
1.19600e+00 4.67047e-01
1.20000e+00 4.67047e-01
1.20400e+00 4.67048e-01
1.20800e+00 4.67049e-01
1.21200e+00 4.67053e-01
1.21600e+00 4.67064e-01
1.22000e+00 4.67096e-01
1.22400e+00 4.67171e-01
1.22800e+00 4.67339e-01
1.23200e+00 4.67680e-01
1.23600e+00 4.68311e-01
1.24000e+00 4.69358e-01
1.24400e+00 4.70893e-01
1.24800e+00 4.72871e-01
1.25200e+00 4.75250e-01
1.25600e+00 4.78274e-01
1.26000e+00 4.82637e-01
1.26400e+00 4.88470e-01
1.26800e+00 4.92773e-01
1.27200e+00 4.93748e-01
1.27600e+00 4.93794e-01
1.28000e+00 4.93799e-01
1.28400e+00 4.93804e-01
1.28800e+00 4.93817e-01
1.29200e+00 4.93853e-01
1.29600e+00 4.93939e-01
1.30000e+00 4.94152e-01
1.30400e+00 4.94742e-01
1.30800e+00 4.96536e-01
1.31200e+00 5.01505e-01
1.31600e+00 5.09472e-01
1.32000e+00 5.13038e-01
1.32400e+00 5.13074e-01
1.32800e+00 5.11432e-01
1.33200e+00 5.02121e-01
1.33600e+00 4.83016e-01
1.34000e+00 4.73473e-01
1.34400e+00 4.72858e-01
1.34800e+00 4.73103e-01
1.35200e+00 4.74646e-01
1.35600e+00 4.79625e-01
1.36000e+00 4.90596e-01
1.36400e+00 5.04251e-01
1.36800e+00 5.10143e-01
1.37200e+00 5.10656e-01
1.37600e+00 5.10661e-01
1.38000e+00 5.10661e-01
1.38400e+00 5.10661e-01
1.38800e+00 5.10660e-01
1.39200e+00 5.10657e-01
1.39600e+00 5.10635e-01
1.40000e+00 5.10485e-01
1.40400e+00 5.09528e-01
1.40800e+00 5.04294e-01
1.41200e+00 4.87068e-01
1.41600e+00 4.67220e-01
1.42000e+00 4.62217e-01
1.42400e+00 4.62068e-01
1.42800e+00 4.62112e-01
1.43200e+00 4.62373e-01
1.43600e+00 4.63175e-01
1.44000e+00 4.64924e-01
1.44400e+00 4.67862e-01
1.44800e+00 4.71689e-01
1.45200e+00 4.75532e-01
1.45600e+00 4.78734e-01
1.46000e+00 4.81486e-01
1.46400e+00 4.84618e-01
1.46800e+00 4.89577e-01
1.47200e+00 4.98278e-01
1.47600e+00 5.08644e-01
1.48000e+00 5.12966e-01
1.48400e+00 5.13240e-01
1.48800e+00 5.13077e-01
1.49200e+00 5.11302e-01
1.49600e+00 5.00546e-01
1.50000e+00 4.71422e-01
1.50400e+00 4.50503e-01
1.50800e+00 4.48042e-01
1.51200e+00 4.48145e-01
1.51600e+00 4.49017e-01
1.52000e+00 4.51164e-01
1.52400e+00 4.52917e-01
1.52800e+00 4.53272e-01
1.53200e+00 4.53300e-01
1.53600e+00 4.53318e-01
1.54000e+00 4.53365e-01
1.54400e+00 4.53510e-01
1.54800e+00 4.53925e-01
1.55200e+00 4.55009e-01
1.55600e+00 4.57651e-01
1.56000e+00 4.63269e-01
1.56400e+00 4.71240e-01
1.56800e+00 4.75846e-01
1.57200e+00 4.76477e-01
1.57600e+00 4.76489e-01
1.58000e+00 4.76489e-01
1.58400e+00 4.76489e-01
1.58800e+00 4.76489e-01
1.59200e+00 4.76490e-01
1.59600e+00 4.76491e-01
1.60000e+00 4.76495e-01
1.60400e+00 4.76506e-01
1.60800e+00 4.76533e-01
1.61200e+00 4.76594e-01
1.61600e+00 4.76721e-01
1.62000e+00 4.76966e-01
1.62400e+00 4.77408e-01
1.62800e+00 4.78161e-01
1.63200e+00 4.79431e-01
1.63600e+00 4.81662e-01
1.64000e+00 4.85875e-01
1.64400e+00 4.93980e-01
1.64800e+00 5.06339e-01
1.65200e+00 5.15337e-01
1.65600e+00 5.17075e-01
1.66000e+00 5.17122e-01
1.66400e+00 5.17118e-01
1.66800e+00 5.17068e-01
1.67200e+00 5.16640e-01
1.67600e+00 5.13566e-01
1.68000e+00 4.98208e-01
1.68400e+00 4.67170e-01
1.68800e+00 4.52063e-01
1.69200e+00 4.50986e-01
1.69600e+00 4.51064e-01
1.70000e+00 4.51568e-01
1.70400e+00 4.52642e-01
1.70800e+00 4.53562e-01
1.71200e+00 4.53963e-01
1.71600e+00 4.54212e-01
1.72000e+00 4.54614e-01
1.72400e+00 4.55642e-01
1.72800e+00 4.58308e-01
1.73200e+00 4.63826e-01
1.73600e+00 4.70126e-01
1.74000e+00 4.72488e-01
1.74400e+00 4.72660e-01
1.74800e+00 4.72661e-01
1.75200e+00 4.72661e-01
1.75600e+00 4.72662e-01
1.76000e+00 4.72662e-01
1.76400e+00 4.72662e-01
1.76800e+00 4.72662e-01
1.77200e+00 4.72663e-01
1.77600e+00 4.72667e-01
1.78000e+00 4.72674e-01
1.78400e+00 4.72693e-01
1.78800e+00 4.72736e-01
1.79200e+00 4.72838e-01
1.79600e+00 4.73092e-01
1.80000e+00 4.73748e-01
1.80400e+00 4.75460e-01
1.80800e+00 4.79509e-01
1.81200e+00 4.86051e-01
1.81600e+00 4.90448e-01
1.82000e+00 4.91164e-01
1.82400e+00 4.91180e-01
1.82800e+00 4.91180e-01
1.83200e+00 4.91180e-01
1.83600e+00 4.91180e-01
1.84000e+00 4.91180e-01
1.84400e+00 4.91180e-01
1.84800e+00 4.91181e-01
1.85200e+00 4.91185e-01
1.85600e+00 4.91194e-01
1.86000e+00 4.91228e-01
1.86400e+00 4.91358e-01
1.86800e+00 4.91875e-01
1.87200e+00 4.93658e-01
1.87600e+00 4.97187e-01
1.88000e+00 4.99145e-01
1.88400e+00 4.99184e-01
1.88800e+00 4.98265e-01
1.89200e+00 4.92747e-01
1.89600e+00 4.78847e-01
1.90000e+00 4.68864e-01
1.90400e+00 4.67719e-01
1.90800e+00 4.67888e-01
1.91200e+00 4.69186e-01
1.91600e+00 4.73662e-01
1.92000e+00 4.82288e-01
1.92400e+00 4.89063e-01
1.92800e+00 4.90386e-01
1.93200e+00 4.90423e-01
1.93600e+00 4.90423e-01
1.94000e+00 4.90423e-01
1.94400e+00 4.90423e-01
1.94800e+00 4.90423e-01
1.95200e+00 4.90423e-01
1.95600e+00 4.90423e-01
1.96000e+00 4.90423e-01
1.96400e+00 4.90423e-01
1.96800e+00 4.90423e-01
1.97200e+00 4.90423e-01
1.97600e+00 4.90423e-01
1.98000e+00 4.90423e-01
1.98400e+00 4.90424e-01
1.98800e+00 4.90424e-01
1.99200e+00 4.90427e-01
1.99600e+00 4.90427e-01
