0.00000e+00 5.33238e-01
4.00000e-03 5.33238e-01
8.00000e-03 5.33238e-01
1.20000e-02 5.33223e-01
1.60000e-02 5.32980e-01
2.00000e-02 5.30177e-01
2.40000e-02 5.12346e-01
2.80000e-02 4.74166e-01
3.20000e-02 4.54065e-01
3.60000e-02 4.48663e-01
4.00000e-02 4.41821e-01
4.40000e-02 4.24999e-01
4.80000e-02 4.09019e-01
5.20000e-02 4.06606e-01
5.60000e-02 4.07250e-01
6.00000e-02 4.10989e-01
6.40000e-02 4.20370e-01
6.80000e-02 4.35912e-01
7.20000e-02 4.56858e-01
7.60000e-02 4.83633e-01
8.00000e-02 5.18005e-01
8.40000e-02 5.53062e-01
8.80000e-02 5.68556e-01
9.20000e-02 5.69979e-01
9.60000e-02 5.69914e-01
1.00000e-01 5.68753e-01
1.04000e-01 5.59724e-01
1.08000e-01 5.29418e-01
1.12000e-01 5.02612e-01
1.16000e-01 4.98208e-01
1.20000e-01 4.98008e-01
1.24000e-01 4.97878e-01
1.28000e-01 4.97371e-01
1.32000e-01 4.94585e-01
1.36000e-01 4.82018e-01
1.40000e-01 4.55546e-01
1.44000e-01 4.40885e-01
1.48000e-01 4.39715e-01
1.52000e-01 4.39971e-01
1.56000e-01 4.41520e-01
1.60000e-01 4.45838e-01
1.64000e-01 4.54209e-01
1.68000e-01 4.67964e-01
1.72000e-01 4.88177e-01
1.76000e-01 5.08831e-01
1.80000e-01 5.17166e-01
1.84000e-01 5.17861e-01
1.88000e-01 5.17851e-01
1.92000e-01 5.17672e-01
1.96000e-01 5.16501e-01
2.00000e-01 5.11535e-01
2.04000e-01 5.01331e-01
2.08000e-01 4.95237e-01
2.12000e-01 4.94645e-01
2.16000e-01 4.94707e-01
2.20000e-01 4.95309e-01
2.24000e-01 4.98318e-01
2.28000e-01 5.08167e-01
2.32000e-01 5.20302e-01
2.36000e-01 5.21905e-01
2.40000e-01 5.17162e-01
2.44000e-01 4.88814e-01
2.48000e-01 4.52756e-01
2.52000e-01 4.45658e-01
2.56000e-01 4.46027e-01
2.60000e-01 4.49051e-01
2.64000e-01 4.57175e-01
2.68000e-01 4.71180e-01
2.72000e-01 4.91388e-01
2.76000e-01 5.15750e-01
2.80000e-01 5.32013e-01
2.84000e-01 5.35265e-01
2.88000e-01 5.35373e-01
2.92000e-01 5.35373e-01
2.96000e-01 5.35374e-01
3.00000e-01 5.35374e-01
3.04000e-01 5.35378e-01
3.08000e-01 5.35394e-01
3.12000e-01 5.35466e-01
3.16000e-01 5.35791e-01
3.20000e-01 5.37230e-01
3.24000e-01 5.42534e-01
3.28000e-01 5.52519e-01
3.32000e-01 5.56727e-01
3.36000e-01 5.56339e-01
3.40000e-01 5.49601e-01
3.44000e-01 5.23493e-01
3.48000e-01 4.99175e-01
3.52000e-01 4.95514e-01
3.56000e-01 4.95591e-01
3.60000e-01 4.96568e-01
3.64000e-01 5.00411e-01
3.68000e-01 5.11260e-01
3.72000e-01 5.33040e-01
3.76000e-01 5.50186e-01
3.80000e-01 5.51715e-01
3.84000e-01 5.46829e-01
3.88000e-01 5.14661e-01
3.92000e-01 4.69284e-01
3.96000e-01 4.58790e-01
4.00000e-01 4.58760e-01
4.04000e-01 4.60032e-01
4.08000e-01 4.64159e-01
4.12000e-01 4.71481e-01
4.16000e-01 4.80145e-01
4.20000e-01 4.87751e-01
4.24000e-01 4.93418e-01
4.28000e-01 4.97693e-01
4.32000e-01 5.01413e-01
4.36000e-01 5.05261e-01
4.40000e-01 5.09941e-01
4.44000e-01 5.16637e-01
4.48000e-01 5.27678e-01
4.52000e-01 5.45297e-01
4.56000e-01 5.62342e-01
4.60000e-01 5.67650e-01
4.64000e-01 5.67944e-01
4.68000e-01 5.67945e-01
4.72000e-01 5.67945e-01
4.76000e-01 5.67945e-01
4.80000e-01 5.67945e-01
4.84000e-01 5.67945e-01
4.88000e-01 5.67944e-01
4.92000e-01 5.67940e-01
4.96000e-01 5.67918e-01
5.00000e-01 5.67811e-01
5.04000e-01 5.67327e-01
5.08000e-01 5.65706e-01
5.12000e-01 5.62807e-01
5.16000e-01 5.60806e-01
5.20000e-01 5.60172e-01
5.24000e-01 5.59825e-01
5.28000e-01 5.59427e-01
5.32000e-01 5.59210e-01
5.36000e-01 5.59204e-01
5.40000e-01 5.59301e-01
5.44000e-01 5.59604e-01
5.48000e-01 5.59658e-01
5.52000e-01 5.59205e-01
5.56000e-01 5.53964e-01
5.60000e-01 5.26954e-01
5.64000e-01 4.88067e-01
5.68000e-01 4.78229e-01
5.72000e-01 4.78217e-01
5.76000e-01 4.79174e-01
5.80000e-01 4.79642e-01
5.84000e-01 4.79140e-01
5.88000e-01 4.75071e-01
5.92000e-01 4.63013e-01
5.96000e-01 4.52144e-01
6.00000e-01 4.50294e-01
6.04000e-01 4.50341e-01
6.08000e-01 4.50978e-01
6.12000e-01 4.53595e-01
6.16000e-01 4.59292e-01
6.20000e-01 4.63647e-01
6.24000e-01 4.64133e-01
6.28000e-01 4.63735e-01
6.32000e-01 4.60747e-01
6.36000e-01 4.51096e-01
6.40000e-01 4.39843e-01
6.44000e-01 4.36808e-01
6.48000e-01 4.36732e-01
6.52000e-01 4.36864e-01
6.56000e-01 4.37507e-01
6.60000e-01 4.39213e-01
6.64000e-01 4.42468e-01
6.68000e-01 4.47359e-01
6.72000e-01 4.53484e-01
6.76000e-01 4.60169e-01
6.80000e-01 4.66777e-01
6.84000e-01 4.72856e-01
6.88000e-01 4.78133e-01
6.92000e-01 4.82460e-01
6.96000e-01 4.85823e-01
7.00000e-01 4.88361e-01
7.04000e-01 4.90317e-01
7.08000e-01 4.91940e-01
7.12000e-01 4.93428e-01
7.16000e-01 4.94925e-01
7.20000e-01 4.96527e-01
7.24000e-01 4.98298e-01
7.28000e-01 5.00274e-01
7.32000e-01 5.02461e-01
7.36000e-01 5.04831e-01
7.40000e-01 5.07314e-01
7.44000e-01 5.09801e-01
7.48000e-01 5.12170e-01
7.52000e-01 5.14335e-01
7.56000e-01 5.16290e-01
7.60000e-01 5.18115e-01
7.64000e-01 5.19967e-01
7.68000e-01 5.22103e-01
7.72000e-01 5.25012e-01
7.76000e-01 5.29778e-01
7.80000e-01 5.38771e-01
7.84000e-01 5.54705e-01
7.88000e-01 5.71157e-01
7.92000e-01 5.76453e-01
7.96000e-01 5.76747e-01
8.00000e-01 5.76748e-01
8.04000e-01 5.76741e-01
8.08000e-01 5.76644e-01
8.12000e-01 5.75474e-01
8.16000e-01 5.64713e-01
8.20000e-01 5.21914e-01
8.24000e-01 4.82190e-01
8.28000e-01 4.76396e-01
8.32000e-01 4.76421e-01
8.36000e-01 4.76985e-01
8.40000e-01 4.78121e-01
8.44000e-01 4.79076e-01
8.48000e-01 4.79846e-01
8.52000e-01 4.81001e-01
8.56000e-01 4.82618e-01
8.60000e-01 4.83316e-01
8.64000e-01 4.83315e-01
8.68000e-01 4.82934e-01
8.72000e-01 4.80722e-01
8.76000e-01 4.73949e-01
8.80000e-01 4.65996e-01
8.84000e-01 4.63822e-01
8.88000e-01 4.63778e-01
8.92000e-01 4.63946e-01
8.96000e-01 4.64836e-01
9.00000e-01 4.67698e-01
9.04000e-01 4.74443e-01
9.08000e-01 4.83985e-01
9.12000e-01 4.89044e-01
9.16000e-01 4.89635e-01
9.20000e-01 4.89644e-01
9.24000e-01 4.89644e-01
9.28000e-01 4.89644e-01
9.32000e-01 4.89644e-01
9.36000e-01 4.89644e-01
9.40000e-01 4.89644e-01
9.44000e-01 4.89645e-01
9.48000e-01 4.89647e-01
9.52000e-01 4.89652e-01
9.56000e-01 4.89665e-01
9.60000e-01 4.89699e-01
9.64000e-01 4.89785e-01
9.68000e-01 4.90011e-01
9.72000e-01 4.90632e-01
9.76000e-01 4.92381e-01
9.80000e-01 4.97078e-01
9.84000e-01 5.06429e-01
9.88000e-01 5.14470e-01
9.92000e-01 5.15890e-01
9.96000e-01 5.15729e-01
1.00000e+00 5.13759e-01
1.00400e+00 5.04333e-01
1.00800e+00 4.86733e-01
1.01200e+00 4.78321e-01
1.01600e+00 4.77670e-01
1.02000e+00 4.77674e-01
1.02400e+00 4.77739e-01
1.02800e+00 4.77996e-01
1.03200e+00 4.78654e-01
1.03600e+00 4.79965e-01
1.04000e+00 4.82239e-01
1.04400e+00 4.86083e-01
1.04800e+00 4.92921e-01
1.05200e+00 5.04817e-01
1.05600e+00 5.18938e-01
1.06000e+00 5.25173e-01
1.06400e+00 5.25681e-01
1.06800e+00 5.25624e-01
1.07200e+00 5.24864e-01
1.07600e+00 5.19302e-01
1.08000e+00 4.97349e-01
1.08400e+00 4.69702e-01
1.08800e+00 4.62810e-01
1.09200e+00 4.62715e-01
1.09600e+00 4.63245e-01
1.10000e+00 4.65233e-01
1.10400e+00 4.68838e-01
1.10800e+00 4.73010e-01
1.11200e+00 4.77083e-01
1.11600e+00 4.80322e-01
1.12000e+00 4.81403e-01
1.12400e+00 4.81437e-01
1.12800e+00 4.81240e-01
1.13200e+00 4.79718e-01
1.13600e+00 4.72889e-01
1.14000e+00 4.57916e-01
1.14400e+00 4.47838e-01
1.14800e+00 4.46519e-01
1.15200e+00 4.46508e-01
1.15600e+00 4.46548e-01
1.16000e+00 4.46695e-01
1.16400e+00 4.46903e-01
1.16800e+00 4.47016e-01
1.17200e+00 4.47053e-01
1.17600e+00 4.47080e-01
1.18000e+00 4.47129e-01
1.18400e+00 4.47246e-01
1.18800e+00 4.47520e-01
1.19200e+00 4.48133e-01
1.19600e+00 4.49489e-01
1.20000e+00 4.52456e-01
1.20400e+00 4.58051e-01
1.20800e+00 4.64355e-01
1.21200e+00 4.66844e-01
1.21600e+00 4.67045e-01
1.22000e+00 4.67048e-01
1.22400e+00 4.67048e-01
1.22800e+00 4.67048e-01
1.23200e+00 4.67049e-01
1.23600e+00 4.67054e-01
1.24000e+00 4.67066e-01
1.24400e+00 4.67098e-01
1.24800e+00 4.67176e-01
1.25200e+00 4.67346e-01
1.25600e+00 4.67690e-01
1.26000e+00 4.68324e-01
1.26400e+00 4.69370e-01
1.26800e+00 4.70880e-01
1.27200e+00 4.72802e-01
1.27600e+00 4.75135e-01
1.28000e+00 4.78241e-01
1.28400e+00 4.82941e-01
1.28800e+00 4.89095e-01
1.29200e+00 4.93071e-01
1.29600e+00 4.93777e-01
1.30000e+00 4.93800e-01
1.30400e+00 4.93802e-01
1.30800e+00 4.93805e-01
1.31200e+00 4.93813e-01
1.31600e+00 4.93837e-01
1.32000e+00 4.93900e-01
1.32400e+00 4.94066e-01
1.32800e+00 4.94546e-01
1.33200e+00 4.96048e-01
1.33600e+00 5.00378e-01
1.34000e+00 5.07980e-01
1.34400e+00 5.12015e-01
1.34800e+00 5.12161e-01
1.35200e+00 5.10956e-01
1.35600e+00 5.03343e-01
1.36000e+00 4.85361e-01
1.36400e+00 4.74319e-01
1.36800e+00 4.73315e-01
1.37200e+00 4.73482e-01
1.37600e+00 4.74695e-01
1.38000e+00 4.78880e-01
1.38400e+00 4.88708e-01
1.38800e+00 5.02498e-01
1.39200e+00 5.09800e-01
1.39600e+00 5.10649e-01
1.40000e+00 5.10661e-01
1.40400e+00 5.10661e-01
1.40800e+00 5.10661e-01
1.41200e+00 5.10660e-01
1.41600e+00 5.10657e-01
1.42000e+00 5.10635e-01
1.42400e+00 5.10486e-01
1.42800e+00 5.09532e-01
1.43200e+00 5.04317e-01
1.43600e+00 4.87142e-01
1.44000e+00 4.67311e-01
1.44400e+00 4.62297e-01
1.44800e+00 4.62146e-01
1.45200e+00 4.62189e-01
1.45600e+00 4.62448e-01
1.46000e+00 4.63245e-01
1.46400e+00 4.64990e-01
1.46800e+00 4.67940e-01
1.47200e+00 4.71808e-01
1.47600e+00 4.75693e-01
1.48000e+00 4.78878e-01
1.48400e+00 4.81523e-01
1.48800e+00 4.84433e-01
1.49200e+00 4.88978e-01
1.49600e+00 4.97144e-01
1.50000e+00 5.07640e-01
1.50400e+00 5.12602e-01
1.50800e+00 5.12977e-01
1.51200e+00 5.12791e-01
1.51600e+00 5.10728e-01
1.52000e+00 4.98699e-01
1.52400e+00 4.69010e-01
1.52800e+00 4.50338e-01
1.53200e+00 4.48526e-01
1.53600e+00 4.48669e-01
1.54000e+00 4.49645e-01
1.54400e+00 4.51724e-01
1.54800e+00 4.53089e-01
1.55200e+00 4.53302e-01
1.55600e+00 4.53323e-01
1.56000e+00 4.53344e-01
1.56400e+00 4.53405e-01
1.56800e+00 4.53590e-01
1.57200e+00 4.54109e-01
1.57600e+00 4.55441e-01
1.58000e+00 4.58625e-01
1.58400e+00 4.65011e-01
1.58800e+00 4.72775e-01
1.59200e+00 4.76173e-01
1.59600e+00 4.76486e-01
1.60000e+00 4.76489e-01
1.60400e+00 4.76489e-01
1.60800e+00 4.76489e-01
1.61200e+00 4.76489e-01
1.61600e+00 4.76490e-01
1.62000e+00 4.76491e-01
1.62400e+00 4.76495e-01
1.62800e+00 4.76505e-01
1.63200e+00 4.76530e-01
1.63600e+00 4.76586e-01
1.64000e+00 4.76703e-01
1.64400e+00 4.76930e-01
1.64800e+00 4.77340e-01
1.65200e+00 4.78036e-01
1.65600e+00 4.79199e-01
1.66000e+00 4.81214e-01
1.66400e+00 4.84966e-01
1.66800e+00 4.92236e-01
1.67200e+00 5.04135e-01
1.67600e+00 5.14412e-01
1.68000e+00 5.17008e-01
1.68400e+00 5.17112e-01
1.68800e+00 5.17109e-01
1.69200e+00 5.17054e-01
1.69600e+00 5.16587e-01
1.70000e+00 5.13255e-01
1.70400e+00 4.97089e-01
1.70800e+00 4.66155e-01
1.71200e+00 4.52140e-01
1.71600e+00 4.51230e-01
1.72000e+00 4.51307e-01
1.72400e+00 4.51778e-01
1.72800e+00 4.52774e-01
1.73200e+00 4.53660e-01
1.73600e+00 4.54097e-01
1.74000e+00 4.54405e-01
1.74400e+00 4.54919e-01
1.74800e+00 4.56207e-01
1.75200e+00 4.59427e-01
1.75600e+00 4.65480e-01
1.76000e+00 4.71085e-01
1.76400e+00 4.72592e-01
1.76800e+00 4.72661e-01
1.77200e+00 4.72662e-01
1.77600e+00 4.72662e-01
1.78000e+00 4.72662e-01
1.78400e+00 4.72662e-01
1.78800e+00 4.72662e-01
1.79200e+00 4.72662e-01
1.79600e+00 4.72663e-01
1.80000e+00 4.72667e-01
1.80400e+00 4.72674e-01
1.80800e+00 4.72692e-01
1.81200e+00 4.72734e-01
1.81600e+00 4.72836e-01
1.82000e+00 4.73092e-01
1.82400e+00 4.73759e-01
1.82800e+00 4.75506e-01
1.83200e+00 4.79626e-01
1.83600e+00 4.86195e-01
1.84000e+00 4.90493e-01
1.84400e+00 4.91165e-01
1.84800e+00 4.91180e-01
1.85200e+00 4.91180e-01
1.85600e+00 4.91180e-01
1.86000e+00 4.91180e-01
1.86400e+00 4.91180e-01
1.86800e+00 4.91180e-01
1.87200e+00 4.91181e-01
1.87600e+00 4.91184e-01
1.88000e+00 4.91192e-01
1.88400e+00 4.91223e-01
1.88800e+00 4.91347e-01
1.89200e+00 4.91847e-01
1.89600e+00 4.93567e-01
1.90000e+00 4.96871e-01
1.90400e+00 4.98593e-01
1.90800e+00 4.98610e-01
1.91200e+00 4.97687e-01
1.91600e+00 4.92298e-01
1.92000e+00 4.78880e-01
1.92400e+00 4.69297e-01
1.92800e+00 4.68198e-01
1.93200e+00 4.68356e-01
1.93600e+00 4.69587e-01
1.94000e+00 4.73869e-01
1.94400e+00 4.82255e-01
1.94800e+00 4.89014e-01
1.95200e+00 4.90383e-01
1.95600e+00 4.90423e-01
1.96000e+00 4.90423e-01
1.96400e+00 4.90423e-01
1.96800e+00 4.90423e-01
1.97200e+00 4.90423e-01
1.97600e+00 4.90423e-01
1.98000e+00 4.90423e-01
1.98400e+00 4.90423e-01
1.98800e+00 4.90423e-01
1.99200e+00 4.90423e-01
1.99600e+00 4.90423e-01
