0.00000e+00 5.58372e-01
4.00000e-03 5.58372e-01
8.00000e-03 5.58371e-01
1.20000e-02 5.58355e-01
1.60000e-02 5.57975e-01
2.00000e-02 5.51555e-01
2.40000e-02 5.02940e-01
2.80000e-02 4.26364e-01
3.20000e-02 4.09618e-01
3.60000e-02 4.10247e-01
4.00000e-02 4.15639e-01
4.40000e-02 4.29909e-01
4.80000e-02 4.55304e-01
5.20000e-02 4.91393e-01
5.60000e-02 5.22804e-01
6.00000e-02 5.31499e-01
6.40000e-02 5.31706e-01
6.80000e-02 5.30656e-01
7.20000e-02 5.23001e-01
7.60000e-02 4.96148e-01
8.00000e-02 4.52093e-01
8.40000e-02 4.19290e-01
8.80000e-02 4.09270e-01
9.20000e-02 4.08563e-01
9.60000e-02 4.08719e-01
1.00000e-01 4.09849e-01
1.04000e-01 4.13511e-01
1.08000e-01 4.21052e-01
1.12000e-01 4.32445e-01
1.16000e-01 4.46421e-01
1.20000e-01 4.61795e-01
1.24000e-01 4.78599e-01
1.28000e-01 4.98632e-01
1.32000e-01 5.24821e-01
1.36000e-01 5.53564e-01
1.40000e-01 5.67919e-01
1.44000e-01 5.69511e-01
1.48000e-01 5.69481e-01
1.52000e-01 5.68741e-01
1.56000e-01 5.62401e-01
1.60000e-01 5.36511e-01
1.64000e-01 5.05820e-01
1.68000e-01 4.98182e-01
1.72000e-01 4.97286e-01
1.76000e-01 4.96103e-01
1.80000e-01 4.90377e-01
1.84000e-01 4.70338e-01
1.88000e-01 4.46632e-01
1.92000e-01 4.40902e-01
1.96000e-01 4.40839e-01
2.00000e-01 4.41369e-01
2.04000e-01 4.43472e-01
2.08000e-01 4.48247e-01
2.12000e-01 4.56485e-01
2.16000e-01 4.69206e-01
2.20000e-01 4.87694e-01
2.24000e-01 5.07636e-01
2.28000e-01 5.16798e-01
2.32000e-01 5.17754e-01
2.36000e-01 5.17758e-01
2.40000e-01 5.17693e-01
2.44000e-01 5.17205e-01
2.48000e-01 5.14716e-01
2.52000e-01 5.06920e-01
2.56000e-01 4.97609e-01
2.60000e-01 4.95145e-01
2.64000e-01 4.95117e-01
2.68000e-01 4.95495e-01
2.72000e-01 4.97796e-01
2.76000e-01 5.05284e-01
2.80000e-01 5.12950e-01
2.84000e-01 5.13500e-01
2.88000e-01 5.09201e-01
2.92000e-01 4.86021e-01
2.96000e-01 4.55775e-01
3.00000e-01 4.49066e-01
3.04000e-01 4.49221e-01
3.08000e-01 4.51173e-01
3.12000e-01 4.57030e-01
3.16000e-01 4.67926e-01
3.20000e-01 4.84487e-01
3.24000e-01 5.06956e-01
3.28000e-01 5.27642e-01
3.32000e-01 5.34850e-01
3.36000e-01 5.35369e-01
3.40000e-01 5.35374e-01
3.44000e-01 5.35374e-01
3.48000e-01 5.35374e-01
3.52000e-01 5.35374e-01
3.56000e-01 5.35376e-01
3.60000e-01 5.35386e-01
3.64000e-01 5.35433e-01
3.68000e-01 5.35659e-01
3.72000e-01 5.36721e-01
3.76000e-01 5.40825e-01
3.80000e-01 5.48848e-01
3.84000e-01 5.52350e-01
3.88000e-01 5.52059e-01
3.92000e-01 5.46740e-01
3.96000e-01 5.24653e-01
4.00000e-01 5.01053e-01
4.04000e-01 4.96723e-01
4.08000e-01 4.96768e-01
4.12000e-01 4.97751e-01
4.16000e-01 5.02117e-01
4.20000e-01 5.14987e-01
4.24000e-01 5.35165e-01
4.28000e-01 5.42743e-01
4.32000e-01 5.41908e-01
4.36000e-01 5.29006e-01
4.40000e-01 4.88569e-01
4.44000e-01 4.62998e-01
4.48000e-01 4.60950e-01
4.52000e-01 4.61391e-01
4.56000e-01 4.63852e-01
4.60000e-01 4.69756e-01
4.64000e-01 4.78449e-01
4.68000e-01 4.87166e-01
4.72000e-01 4.93599e-01
4.76000e-01 4.97753e-01
4.80000e-01 5.00738e-01
4.84000e-01 5.03435e-01
4.88000e-01 5.06394e-01
4.92000e-01 5.10106e-01
4.96000e-01 5.15402e-01
5.00000e-01 5.24084e-01
5.04000e-01 5.38963e-01
5.08000e-01 5.57606e-01
5.12000e-01 5.66921e-01
5.16000e-01 5.67932e-01
5.20000e-01 5.67945e-01
5.24000e-01 5.67945e-01
5.28000e-01 5.67945e-01
5.32000e-01 5.67945e-01
5.36000e-01 5.67945e-01
5.40000e-01 5.67945e-01
5.44000e-01 5.67944e-01
5.48000e-01 5.67941e-01
5.52000e-01 5.67925e-01
5.56000e-01 5.67846e-01
5.60000e-01 5.67508e-01
5.64000e-01 5.66344e-01
5.68000e-01 5.63609e-01
5.72000e-01 5.60457e-01
5.76000e-01 5.59331e-01
5.80000e-01 5.59257e-01
5.84000e-01 5.59257e-01
5.88000e-01 5.59273e-01
5.92000e-01 5.59323e-01
5.96000e-01 5.59332e-01
6.00000e-01 5.59246e-01
6.04000e-01 5.58144e-01
6.08000e-01 5.49324e-01
6.12000e-01 5.16749e-01
6.16000e-01 4.84967e-01
6.20000e-01 4.79193e-01
6.24000e-01 4.78832e-01
6.28000e-01 4.78449e-01
6.32000e-01 4.76692e-01
6.36000e-01 4.69792e-01
6.40000e-01 4.57387e-01
6.44000e-01 4.51400e-01
6.48000e-01 4.51035e-01
6.52000e-01 4.51286e-01
6.56000e-01 4.52841e-01
6.60000e-01 4.57212e-01
6.64000e-01 4.61953e-01
6.68000e-01 4.62938e-01
6.72000e-01 4.62738e-01
6.76000e-01 4.60825e-01
6.80000e-01 4.53413e-01
6.84000e-01 4.41942e-01
6.88000e-01 4.37281e-01
6.92000e-01 4.37011e-01
6.96000e-01 4.37072e-01
7.00000e-01 4.37462e-01
7.04000e-01 4.38647e-01
7.08000e-01 4.41130e-01
7.12000e-01 4.45170e-01
7.16000e-01 4.50573e-01
7.20000e-01 4.56785e-01
7.24000e-01 4.63178e-01
7.28000e-01 4.69273e-01
7.32000e-01 4.74789e-01
7.36000e-01 4.79560e-01
7.40000e-01 4.83480e-01
7.44000e-01 4.86525e-01
7.48000e-01 4.88803e-01
7.52000e-01 4.90531e-01
7.56000e-01 4.91943e-01
7.60000e-01 4.93229e-01
7.64000e-01 4.94522e-01
7.68000e-01 4.95918e-01
7.72000e-01 4.97478e-01
7.76000e-01 4.99240e-01
7.80000e-01 5.01219e-01
7.84000e-01 5.03410e-01
7.88000e-01 5.05773e-01
7.92000e-01 5.08233e-01
7.96000e-01 5.10673e-01
8.00000e-01 5.12959e-01
8.04000e-01 5.15001e-01
8.08000e-01 5.16792e-01
8.12000e-01 5.18407e-01
8.16000e-01 5.19980e-01
8.20000e-01 5.21693e-01
8.24000e-01 5.23852e-01
8.28000e-01 5.27085e-01
8.32000e-01 5.32841e-01
8.36000e-01 5.44014e-01
8.40000e-01 5.61587e-01
8.44000e-01 5.74365e-01
8.48000e-01 5.76681e-01
8.52000e-01 5.76735e-01
8.56000e-01 5.76727e-01
8.60000e-01 5.76603e-01
8.64000e-01 5.75110e-01
8.68000e-01 5.62228e-01
8.72000e-01 5.17170e-01
8.76000e-01 4.81520e-01
8.80000e-01 4.77146e-01
8.84000e-01 4.77147e-01
8.88000e-01 4.77438e-01
8.92000e-01 4.78350e-01
8.96000e-01 4.80086e-01
9.00000e-01 4.82124e-01
9.04000e-01 4.82993e-01
9.08000e-01 4.83039e-01
9.12000e-01 4.82953e-01
9.16000e-01 4.82272e-01
9.20000e-01 4.79218e-01
9.24000e-01 4.71708e-01
9.28000e-01 4.65234e-01
9.32000e-01 4.64083e-01
9.36000e-01 4.64089e-01
9.40000e-01 4.64316e-01
9.44000e-01 4.65345e-01
9.48000e-01 4.68488e-01
9.52000e-01 4.75583e-01
9.56000e-01 4.84883e-01
9.60000e-01 4.89217e-01
9.64000e-01 4.89639e-01
9.68000e-01 4.89644e-01
9.72000e-01 4.89644e-01
9.76000e-01 4.89644e-01
9.80000e-01 4.89644e-01
9.84000e-01 4.89644e-01
9.88000e-01 4.89644e-01
9.92000e-01 4.89645e-01
9.96000e-01 4.89646e-01
1.00000e+00 4.89649e-01
1.00400e+00 4.89657e-01
1.00800e+00 4.89678e-01
1.01200e+00 4.89733e-01
1.01600e+00 4.89878e-01
1.02000e+00 4.90281e-01
1.02400e+00 4.91433e-01
1.02800e+00 4.94677e-01
1.03200e+00 5.02227e-01
1.03600e+00 5.11547e-01
1.04000e+00 5.14668e-01
1.04400e+00 5.14704e-01
1.04800e+00 5.13795e-01
1.05200e+00 5.08106e-01
1.05600e+00 4.92588e-01
1.06000e+00 4.79829e-01
1.06400e+00 4.77776e-01
1.06800e+00 4.77746e-01
1.07200e+00 4.77774e-01
1.07600e+00 4.77927e-01
1.08000e+00 4.78376e-01
1.08400e+00 4.79351e-01
1.08800e+00 4.81117e-01
1.09200e+00 4.84099e-01
1.09600e+00 4.89302e-01
1.10000e+00 4.98751e-01
1.10400e+00 5.12983e-01
1.10800e+00 5.23398e-01
1.11200e+00 5.25291e-01
1.11600e+00 5.25291e-01
1.12000e+00 5.24794e-01
1.12400e+00 5.20734e-01
1.12800e+00 5.02470e-01
1.13200e+00 4.73753e-01
1.13600e+00 4.63971e-01
1.14000e+00 4.63610e-01
1.14400e+00 4.63847e-01
1.14800e+00 4.65070e-01
1.15200e+00 4.68346e-01
1.15600e+00 4.74226e-01
1.16000e+00 4.79682e-01
1.16400e+00 4.81196e-01
1.16800e+00 4.81244e-01
1.17200e+00 4.81163e-01
1.17600e+00 4.80490e-01
1.18000e+00 4.77001e-01
1.18400e+00 4.65817e-01
1.18800e+00 4.51423e-01
1.19200e+00 4.46795e-01
1.19600e+00 4.46573e-01
1.20000e+00 4.46582e-01
1.20400e+00 4.46644e-01
1.20800e+00 4.46803e-01
1.21200e+00 4.46979e-01
1.21600e+00 4.47064e-01
1.22000e+00 4.47100e-01
1.22400e+00 4.47136e-01
1.22800e+00 4.47212e-01
1.23200e+00 4.47396e-01
1.23600e+00 4.47832e-01
1.24000e+00 4.48839e-01
1.24400e+00 4.51130e-01
1.24800e+00 4.55858e-01
1.25200e+00 4.62540e-01
1.25600e+00 4.66474e-01
1.26000e+00 4.67037e-01
1.26400e+00 4.67048e-01
1.26800e+00 4.67048e-01
1.27200e+00 4.67048e-01
1.27600e+00 4.67049e-01
1.28000e+00 4.67050e-01
1.28400e+00 4.67055e-01
1.28800e+00 4.67069e-01
1.29200e+00 4.67104e-01
1.29600e+00 4.67185e-01
1.30000e+00 4.67361e-01
1.30400e+00 4.67713e-01
1.30800e+00 4.68354e-01
1.31200e+00 4.69387e-01
1.31600e+00 4.70833e-01
1.32000e+00 4.72648e-01
1.32400e+00 4.74952e-01
1.32800e+00 4.78332e-01
1.33200e+00 4.83752e-01
1.33600e+00 4.90241e-01
1.34000e+00 4.93433e-01
1.34400e+00 4.93797e-01
1.34800e+00 4.93804e-01
1.35200e+00 4.93804e-01
1.35600e+00 4.93806e-01
1.36000e+00 4.93809e-01
1.36400e+00 4.93820e-01
1.36800e+00 4.93854e-01
1.37200e+00 4.93953e-01
1.37600e+00 4.94268e-01
1.38000e+00 4.95314e-01
1.38400e+00 4.98556e-01
1.38800e+00 5.05229e-01
1.39200e+00 5.10029e-01
1.39600e+00 5.10469e-01
1.40000e+00 5.09825e-01
1.40400e+00 5.04847e-01
1.40800e+00 4.89782e-01
1.41200e+00 4.76341e-01
1.41600e+00 4.74173e-01
1.42000e+00 4.74231e-01
1.42400e+00 4.74956e-01
1.42800e+00 4.77834e-01
1.43200e+00 4.85424e-01
1.43600e+00 4.98515e-01
1.44000e+00 5.08581e-01
1.44400e+00 5.10600e-01
1.44800e+00 5.10661e-01
1.45200e+00 5.10661e-01
1.45600e+00 5.10661e-01
1.46000e+00 5.10660e-01
1.46400e+00 5.10657e-01
1.46800e+00 5.10635e-01
1.47200e+00 5.10487e-01
1.47600e+00 5.09543e-01
1.48000e+00 5.04381e-01
1.48400e+00 4.87328e-01
1.48800e+00 4.67512e-01
1.49200e+00 4.62455e-01
1.49600e+00 4.62301e-01
1.50000e+00 4.62343e-01
1.50400e+00 4.62597e-01
1.50800e+00 4.63383e-01
1.51200e+00 4.65120e-01
1.51600e+00 4.68096e-01
1.52000e+00 4.72058e-01
1.52400e+00 4.76051e-01
1.52800e+00 4.79221e-01
1.53200e+00 4.81674e-01
1.53600e+00 4.84185e-01
1.54000e+00 4.88000e-01
1.54400e+00 4.95128e-01
1.54800e+00 5.05542e-01
1.55200e+00 5.11629e-01
1.55600e+00 5.12245e-01
1.56000e+00 5.12002e-01
1.56400e+00 5.09303e-01
1.56800e+00 4.94825e-01
1.57200e+00 4.65032e-01
1.57600e+00 4.50466e-01
1.58000e+00 4.49496e-01
1.58400e+00 4.49692e-01
1.58800e+00 4.50749e-01
1.59200e+00 4.52478e-01
1.59600e+00 4.53264e-01
1.60000e+00 4.53353e-01
1.60400e+00 4.53373e-01
1.60800e+00 4.53405e-01
1.61200e+00 4.53505e-01
1.61600e+00 4.53802e-01
1.62000e+00 4.54599e-01
1.62400e+00 4.56590e-01
1.62800e+00 4.61093e-01
1.63200e+00 4.68720e-01
1.63600e+00 4.74983e-01
1.64000e+00 4.76434e-01
1.64400e+00 4.76489e-01
1.64800e+00 4.76489e-01
1.65200e+00 4.76489e-01
1.65600e+00 4.76489e-01
1.66000e+00 4.76489e-01
1.66400e+00 4.76490e-01
1.66800e+00 4.76491e-01
1.67200e+00 4.76494e-01
1.67600e+00 4.76503e-01
1.68000e+00 4.76524e-01
1.68400e+00 4.76572e-01
1.68800e+00 4.76672e-01
1.69200e+00 4.76867e-01
1.69600e+00 4.77220e-01
1.70000e+00 4.77818e-01
1.70400e+00 4.78804e-01
1.70800e+00 4.80463e-01
1.71200e+00 4.83457e-01
1.71600e+00 4.89243e-01
1.72000e+00 4.99699e-01
1.72400e+00 5.11735e-01
1.72800e+00 5.16679e-01
1.73200e+00 5.17077e-01
1.73600e+00 5.17076e-01
1.74000e+00 5.17014e-01
1.74400e+00 5.16468e-01
1.74800e+00 5.12619e-01
1.75200e+00 4.94957e-01
1.75600e+00 4.64436e-01
1.76000e+00 4.52312e-01
1.76400e+00 4.51650e-01
1.76800e+00 4.51718e-01
1.77200e+00 4.52119e-01
1.77600e+00 4.52976e-01
1.78000e+00 4.53837e-01
1.78400e+00 4.54392e-01
1.78800e+00 4.54880e-01
1.79200e+00 4.55715e-01
1.79600e+00 4.57699e-01
1.80000e+00 4.62146e-01
1.80400e+00 4.68580e-01
1.80800e+00 4.72191e-01
1.81200e+00 4.72654e-01
1.81600e+00 4.72662e-01
1.82000e+00 4.72662e-01
1.82400e+00 4.72662e-01
1.82800e+00 4.72662e-01
1.83200e+00 4.72662e-01
1.83600e+00 4.72662e-01
1.84000e+00 4.72662e-01
1.84400e+00 4.72663e-01
1.84800e+00 4.72666e-01
1.85200e+00 4.72673e-01
1.85600e+00 4.72690e-01
1.86000e+00 4.72732e-01
1.86400e+00 4.72833e-01
1.86800e+00 4.73095e-01
1.87200e+00 4.73785e-01
1.87600e+00 4.75603e-01
1.88000e+00 4.79863e-01
1.88400e+00 4.86474e-01
1.88800e+00 4.90575e-01
1.89200e+00 4.91168e-01
1.89600e+00 4.91180e-01
1.90000e+00 4.91180e-01
1.90400e+00 4.91180e-01
1.90800e+00 4.91180e-01
1.91200e+00 4.91180e-01
1.91600e+00 4.91180e-01
1.92000e+00 4.91181e-01
1.92400e+00 4.91182e-01
1.92800e+00 4.91189e-01
1.93200e+00 4.91217e-01
1.93600e+00 4.91332e-01
1.94000e+00 4.91806e-01
1.94400e+00 4.93413e-01
1.94800e+00 4.96295e-01
1.95200e+00 4.97601e-01
1.95600e+00 4.97580e-01
1.96000e+00 4.96648e-01
1.96400e+00 4.91478e-01
1.96800e+00 4.78924e-01
1.97200e+00 4.70085e-01
1.97600e+00 4.69078e-01
1.98000e+00 4.69219e-01
1.98400e+00 4.70327e-01
1.98800e+00 4.74149e-01
1.99200e+00 4.84015e-01
1.99600e+00 4.84678e-01
