0.00000e+00 4.81432e-01
4.00000e-03 4.81432e-01
8.00000e-03 4.81434e-01
1.20000e-02 4.81472e-01
1.60000e-02 4.81855e-01
2.00000e-02 4.84268e-01
2.40000e-02 4.93997e-01
2.80000e-02 5.18592e-01
3.20000e-02 5.48120e-01
3.60000e-02 5.57018e-01
4.00000e-02 5.56803e-01
4.40000e-02 5.47634e-01
4.80000e-02 4.90635e-01
5.20000e-02 4.23741e-01
5.60000e-02 4.13633e-01
6.00000e-02 4.14755e-01
6.40000e-02 4.21136e-01
6.80000e-02 4.35738e-01
7.20000e-02 4.59076e-01
7.60000e-02 4.90816e-01
8.00000e-02 5.20419e-01
8.40000e-02 5.30566e-01
8.80000e-02 5.31068e-01
9.20000e-02 5.30604e-01
9.60000e-02 5.25336e-01
1.00000e-01 4.94006e-01
1.04000e-01 4.33565e-01
1.08000e-01 4.10025e-01
1.12000e-01 4.08820e-01
1.16000e-01 4.08939e-01
1.20000e-01 4.09740e-01
1.24000e-01 4.12271e-01
1.28000e-01 4.17682e-01
1.32000e-01 4.26430e-01
1.36000e-01 4.37853e-01
1.40000e-01 4.50697e-01
1.44000e-01 4.64034e-01
1.48000e-01 4.77870e-01
1.52000e-01 4.93454e-01
1.56000e-01 5.13504e-01
1.60000e-01 5.39907e-01
1.64000e-01 5.62615e-01
1.68000e-01 5.69052e-01
1.72000e-01 5.69313e-01
1.76000e-01 5.69164e-01
1.80000e-01 5.67303e-01
1.84000e-01 5.55135e-01
1.88000e-01 5.23254e-01
1.92000e-01 5.01342e-01
1.96000e-01 4.96830e-01
2.00000e-01 4.94208e-01
2.04000e-01 4.86088e-01
2.08000e-01 4.63781e-01
2.12000e-01 4.44387e-01
2.16000e-01 4.41289e-01
2.20000e-01 4.41339e-01
2.24000e-01 4.42035e-01
2.28000e-01 4.44387e-01
2.32000e-01 4.49340e-01
2.36000e-01 4.57485e-01
2.40000e-01 4.69732e-01
2.44000e-01 4.87449e-01
2.48000e-01 5.07045e-01
2.52000e-01 5.16612e-01
2.56000e-01 5.17717e-01
2.60000e-01 5.17727e-01
2.64000e-01 5.17688e-01
2.68000e-01 5.17375e-01
2.72000e-01 5.15671e-01
2.76000e-01 5.09451e-01
2.80000e-01 4.99541e-01
2.84000e-01 4.95569e-01
2.88000e-01 4.95408e-01
2.92000e-01 4.95703e-01
2.96000e-01 4.97741e-01
3.00000e-01 5.04253e-01
3.04000e-01 5.10134e-01
3.08000e-01 5.10346e-01
3.12000e-01 5.06023e-01
3.16000e-01 4.84338e-01
3.20000e-01 4.56584e-01
3.24000e-01 4.50358e-01
3.28000e-01 4.50464e-01
3.32000e-01 4.52080e-01
3.36000e-01 4.57115e-01
3.40000e-01 4.66736e-01
3.44000e-01 4.81586e-01
3.48000e-01 5.02482e-01
3.52000e-01 5.24412e-01
3.56000e-01 5.34316e-01
3.60000e-01 5.35360e-01
3.64000e-01 5.35374e-01
3.68000e-01 5.35374e-01
3.72000e-01 5.35374e-01
3.76000e-01 5.35374e-01
3.80000e-01 5.35375e-01
3.84000e-01 5.35378e-01
3.88000e-01 5.35396e-01
3.92000e-01 5.35484e-01
3.96000e-01 5.35919e-01
4.00000e-01 5.37874e-01
4.04000e-01 5.43755e-01
4.08000e-01 5.49785e-01
4.12000e-01 5.50485e-01
4.16000e-01 5.48955e-01
4.20000e-01 5.37319e-01
4.24000e-01 5.11056e-01
4.28000e-01 4.98102e-01
4.32000e-01 4.97350e-01
4.36000e-01 4.97728e-01
4.40000e-01 5.00251e-01
4.44000e-01 5.09263e-01
4.48000e-01 5.27403e-01
4.52000e-01 5.38082e-01
4.56000e-01 5.38191e-01
4.60000e-01 5.30710e-01
4.64000e-01 4.98049e-01
4.68000e-01 4.66653e-01
4.72000e-01 4.62045e-01
4.76000e-01 4.62256e-01
4.80000e-01 4.64006e-01
4.84000e-01 4.68977e-01
4.88000e-01 4.77292e-01
4.92000e-01 4.86518e-01
4.96000e-01 4.93633e-01
5.00000e-01 4.97979e-01
5.04000e-01 5.00745e-01
5.08000e-01 5.03022e-01
5.12000e-01 5.05419e-01
5.16000e-01 5.08334e-01
5.20000e-01 5.12251e-01
5.24000e-01 5.18190e-01
5.28000e-01 5.28369e-01
5.32000e-01 5.45163e-01
5.36000e-01 5.62073e-01
5.40000e-01 5.67617e-01
5.44000e-01 5.67943e-01
5.48000e-01 5.67945e-01
5.52000e-01 5.67945e-01
5.56000e-01 5.67945e-01
5.60000e-01 5.67945e-01
5.64000e-01 5.67945e-01
5.68000e-01 5.67945e-01
5.72000e-01 5.67944e-01
5.76000e-01 5.67942e-01
5.80000e-01 5.67928e-01
5.84000e-01 5.67868e-01
5.88000e-01 5.67599e-01
5.92000e-01 5.66512e-01
5.96000e-01 5.63513e-01
6.00000e-01 5.60173e-01
6.04000e-01 5.59293e-01
6.08000e-01 5.59264e-01
6.12000e-01 5.59269e-01
6.16000e-01 5.59289e-01
6.20000e-01 5.59294e-01
6.24000e-01 5.59258e-01
6.28000e-01 5.58792e-01
6.32000e-01 5.54630e-01
6.36000e-01 5.32785e-01
6.40000e-01 4.94637e-01
6.44000e-01 4.79932e-01
6.48000e-01 4.78428e-01
6.52000e-01 4.77619e-01
6.56000e-01 4.75017e-01
6.60000e-01 4.66604e-01
6.64000e-01 4.55184e-01
6.68000e-01 4.51527e-01
6.72000e-01 4.51455e-01
6.76000e-01 4.51917e-01
6.80000e-01 4.54143e-01
6.84000e-01 4.58940e-01
6.88000e-01 4.62109e-01
6.92000e-01 4.62329e-01
6.96000e-01 4.61802e-01
7.00000e-01 4.58386e-01
7.04000e-01 4.48717e-01
7.08000e-01 4.39223e-01
7.12000e-01 4.37174e-01
7.16000e-01 4.37144e-01
7.20000e-01 4.37272e-01
7.24000e-01 4.37850e-01
7.28000e-01 4.39358e-01
7.32000e-01 4.42240e-01
7.36000e-01 4.46622e-01
7.40000e-01 4.52194e-01
7.44000e-01 4.58369e-01
7.48000e-01 4.64568e-01
7.52000e-01 4.70395e-01
7.56000e-01 4.75641e-01
7.60000e-01 4.80184e-01
7.64000e-01 4.83930e-01
7.68000e-01 4.86841e-01
7.72000e-01 4.89008e-01
7.76000e-01 4.90636e-01
7.80000e-01 4.91954e-01
7.84000e-01 4.93146e-01
7.88000e-01 4.94347e-01
7.92000e-01 4.95647e-01
7.96000e-01 4.97109e-01
8.00000e-01 4.98771e-01
8.04000e-01 5.00650e-01
8.08000e-01 5.02744e-01
8.12000e-01 5.05030e-01
8.16000e-01 5.07449e-01
8.20000e-01 5.09901e-01
8.24000e-01 5.12251e-01
8.28000e-01 5.14375e-01
8.32000e-01 5.16219e-01
8.36000e-01 5.17825e-01
8.40000e-01 5.19296e-01
8.44000e-01 5.20775e-01
8.48000e-01 5.22455e-01
8.52000e-01 5.24669e-01
8.56000e-01 5.28133e-01
8.60000e-01 5.34524e-01
8.64000e-01 5.46909e-01
8.68000e-01 5.64745e-01
8.72000e-01 5.75307e-01
8.76000e-01 5.76700e-01
8.80000e-01 5.76717e-01
8.84000e-01 5.76683e-01
8.88000e-01 5.76197e-01
8.92000e-01 5.71070e-01
8.96000e-01 5.41478e-01
9.00000e-01 4.92770e-01
9.04000e-01 4.77869e-01
9.08000e-01 4.77369e-01
9.12000e-01 4.77493e-01
9.16000e-01 4.78220e-01
9.20000e-01 4.80145e-01
9.24000e-01 4.82319e-01
9.28000e-01 4.82942e-01
9.32000e-01 4.82949e-01
9.36000e-01 4.82815e-01
9.40000e-01 4.81944e-01
9.44000e-01 4.78385e-01
9.48000e-01 4.70618e-01
9.52000e-01 4.64993e-01
9.56000e-01 4.64211e-01
9.60000e-01 4.64232e-01
9.64000e-01 4.64490e-01
9.68000e-01 4.65593e-01
9.72000e-01 4.68885e-01
9.76000e-01 4.76154e-01
9.80000e-01 4.85302e-01
9.84000e-01 4.89288e-01
9.88000e-01 4.89641e-01
9.92000e-01 4.89644e-01
9.96000e-01 4.89644e-01
1.00000e+00 4.89644e-01
1.00400e+00 4.89644e-01
1.00800e+00 4.89644e-01
1.01200e+00 4.89644e-01
1.01600e+00 4.89645e-01
1.02000e+00 4.89645e-01
1.02400e+00 4.89648e-01
1.02800e+00 4.89654e-01
1.03200e+00 4.89671e-01
1.03600e+00 4.89714e-01
1.04000e+00 4.89831e-01
1.04400e+00 4.90156e-01
1.04800e+00 4.91092e-01
1.05200e+00 4.93771e-01
1.05600e+00 5.00380e-01
1.06000e+00 5.09850e-01
1.06400e+00 5.14001e-01
1.06800e+00 5.14176e-01
1.07200e+00 5.13584e-01
1.07600e+00 5.09284e-01
1.08000e+00 4.95512e-01
1.08400e+00 4.81078e-01
1.08800e+00 4.77864e-01
1.09200e+00 4.77780e-01
1.09600e+00 4.77798e-01
1.10000e+00 4.77913e-01
1.10400e+00 4.78278e-01
1.10800e+00 4.79111e-01
1.11200e+00 4.80661e-01
1.11600e+00 4.83295e-01
1.12000e+00 4.87849e-01
1.12400e+00 4.96163e-01
1.12800e+00 5.09717e-01
1.13200e+00 5.21890e-01
1.13600e+00 5.24997e-01
1.14000e+00 5.25060e-01
1.14400e+00 5.24681e-01
1.14800e+00 5.21295e-01
1.15200e+00 5.04978e-01
1.15600e+00 4.76114e-01
1.16000e+00 4.64548e-01
1.16400e+00 4.63970e-01
1.16800e+00 4.64153e-01
1.17200e+00 4.65270e-01
1.17600e+00 4.68715e-01
1.18000e+00 4.75111e-01
1.18400e+00 4.80174e-01
1.18800e+00 4.81149e-01
1.19200e+00 4.81155e-01
1.19600e+00 4.81001e-01
1.20000e+00 4.79933e-01
1.20400e+00 4.74958e-01
1.20800e+00 4.61755e-01
1.21200e+00 4.49298e-01
1.21600e+00 4.46669e-01
1.22000e+00 4.46601e-01
1.22400e+00 4.46614e-01
1.22800e+00 4.46688e-01
1.23200e+00 4.46852e-01
1.23600e+00 4.47012e-01
1.24000e+00 4.47088e-01
1.24400e+00 4.47126e-01
1.24800e+00 4.47170e-01
1.25200e+00 4.47267e-01
1.25600e+00 4.47501e-01
1.26000e+00 4.48061e-01
1.26400e+00 4.49375e-01
1.26800e+00 4.52345e-01
1.27200e+00 4.58016e-01
1.27600e+00 4.64380e-01
1.28000e+00 4.66852e-01
1.28400e+00 4.67046e-01
1.28800e+00 4.67048e-01
1.29200e+00 4.67048e-01
1.29600e+00 4.67048e-01
1.30000e+00 4.67049e-01
1.30400e+00 4.67051e-01
1.30800e+00 4.67056e-01
1.31200e+00 4.67070e-01
1.31600e+00 4.67107e-01
1.32000e+00 4.67190e-01
1.32400e+00 4.67369e-01
1.32800e+00 4.67726e-01
1.33200e+00 4.68369e-01
1.33600e+00 4.69391e-01
1.34000e+00 4.70800e-01
1.34400e+00 4.72572e-01
1.34800e+00 4.74892e-01
1.35200e+00 4.78448e-01
1.35600e+00 4.84220e-01
1.36000e+00 4.90737e-01
1.36400e+00 4.93540e-01
1.36800e+00 4.93801e-01
1.37200e+00 4.93805e-01
1.37600e+00 4.93805e-01
1.38000e+00 4.93806e-01
1.38400e+00 4.93808e-01
1.38800e+00 4.93816e-01
1.39200e+00 4.93841e-01
1.39600e+00 4.93918e-01
1.40000e+00 4.94173e-01
1.40400e+00 4.95044e-01
1.40800e+00 4.97834e-01
1.41200e+00 5.03988e-01
1.41600e+00 5.09059e-01
1.42000e+00 5.09687e-01
1.42400e+00 5.09217e-01
1.42800e+00 5.05227e-01
1.43200e+00 4.91759e-01
1.43600e+00 4.77525e-01
1.44000e+00 4.74586e-01
1.44400e+00 4.74594e-01
1.44800e+00 4.75141e-01
1.45200e+00 4.77500e-01
1.45600e+00 4.84062e-01
1.46000e+00 4.96409e-01
1.46400e+00 5.07634e-01
1.46800e+00 5.10537e-01
1.47200e+00 5.10660e-01
1.47600e+00 5.10661e-01
1.48000e+00 5.10661e-01
1.48400e+00 5.10660e-01
1.48800e+00 5.10657e-01
1.49200e+00 5.10635e-01
1.49600e+00 5.10488e-01
1.50000e+00 5.09550e-01
1.50400e+00 5.04421e-01
1.50800e+00 4.87439e-01
1.51200e+00 4.67622e-01
1.51600e+00 4.62535e-01
1.52000e+00 4.62378e-01
1.52400e+00 4.62419e-01
1.52800e+00 4.62670e-01
1.53200e+00 4.63451e-01
1.53600e+00 4.65183e-01
1.54000e+00 4.68174e-01
1.54400e+00 4.72190e-01
1.54800e+00 4.76247e-01
1.55200e+00 4.79419e-01
1.55600e+00 4.81784e-01
1.56000e+00 4.84118e-01
1.56400e+00 4.87616e-01
1.56800e+00 4.94264e-01
1.57200e+00 5.04504e-01
1.57600e+00 5.11024e-01
1.58000e+00 5.11759e-01
1.58400e+00 5.11485e-01
1.58800e+00 5.08448e-01
1.59200e+00 4.92865e-01
1.59600e+00 4.63465e-01
1.60000e+00 4.50664e-01
1.60400e+00 4.49953e-01
1.60800e+00 4.50163e-01
1.61200e+00 4.51198e-01
1.61600e+00 4.52713e-01
1.62000e+00 4.53313e-01
1.62400e+00 4.53379e-01
1.62800e+00 4.53400e-01
1.63200e+00 4.53442e-01
1.63600e+00 4.53570e-01
1.64000e+00 4.53941e-01
1.64400e+00 4.54924e-01
1.64800e+00 4.57343e-01
1.65200e+00 4.62599e-01
1.65600e+00 4.70517e-01
1.66000e+00 4.75641e-01
1.66400e+00 4.76470e-01
1.66800e+00 4.76489e-01
1.67200e+00 4.76489e-01
1.67600e+00 4.76489e-01
1.68000e+00 4.76489e-01
1.68400e+00 4.76489e-01
1.68800e+00 4.76490e-01
1.69200e+00 4.76491e-01
1.69600e+00 4.76494e-01
1.70000e+00 4.76502e-01
1.70400e+00 4.76522e-01
1.70800e+00 4.76566e-01
1.71200e+00 4.76659e-01
1.71600e+00 4.76840e-01
1.72000e+00 4.77168e-01
1.72400e+00 4.77724e-01
1.72800e+00 4.78635e-01
1.73200e+00 4.80149e-01
1.73600e+00 4.82834e-01
1.74000e+00 4.87983e-01
1.74400e+00 4.97585e-01
1.74800e+00 5.10005e-01
1.75200e+00 5.16345e-01
1.75600e+00 5.17047e-01
1.76000e+00 5.17049e-01
1.76400e+00 5.16986e-01
1.76800e+00 5.16401e-01
1.77200e+00 5.12296e-01
1.77600e+00 4.93951e-01
1.78000e+00 4.63708e-01
1.78400e+00 4.52398e-01
1.78800e+00 4.51828e-01
1.79200e+00 4.51890e-01
1.79600e+00 4.52257e-01
1.80000e+00 4.53055e-01
1.80400e+00 4.53917e-01
1.80800e+00 4.54553e-01
1.81200e+00 4.55168e-01
1.81600e+00 4.56227e-01
1.82000e+00 4.58658e-01
1.82400e+00 4.63705e-01
1.82800e+00 4.69859e-01
1.83200e+00 4.72440e-01
1.83600e+00 4.72659e-01
1.84000e+00 4.72662e-01
1.84400e+00 4.72662e-01
1.84800e+00 4.72662e-01
1.85200e+00 4.72662e-01
1.85600e+00 4.72662e-01
1.86000e+00 4.72662e-01
1.86400e+00 4.72662e-01
1.86800e+00 4.72663e-01
1.87200e+00 4.72666e-01
1.87600e+00 4.72673e-01
1.88000e+00 4.72690e-01
1.88400e+00 4.72731e-01
1.88800e+00 4.72833e-01
1.89200e+00 4.73097e-01
1.89600e+00 4.73800e-01
1.90000e+00 4.75654e-01
1.90400e+00 4.79983e-01
1.90800e+00 4.86608e-01
1.91200e+00 4.90612e-01
1.91600e+00 4.91170e-01
1.92000e+00 4.91180e-01
1.92400e+00 4.91180e-01
1.92800e+00 4.91180e-01
1.93200e+00 4.91180e-01
1.93600e+00 4.91180e-01
1.94000e+00 4.91180e-01
1.94400e+00 4.91181e-01
1.94800e+00 4.91182e-01
1.95200e+00 4.91188e-01
1.95600e+00 4.91215e-01
1.96000e+00 4.91327e-01
1.96400e+00 4.91791e-01
1.96800e+00 4.93348e-01
1.97200e+00 4.96030e-01
1.97600e+00 4.97156e-01
1.98000e+00 4.97120e-01
1.98400e+00 4.96189e-01
1.98800e+00 4.91098e-01
1.99200e+00 4.76876e-01
1.99600e+00 4.75938e-01
