0.00000e+00 5.43731e-01
4.00000e-03 5.43731e-01
8.00000e-03 5.43731e-01
1.20000e-02 5.43725e-01
1.60000e-02 5.43618e-01
2.00000e-02 5.42355e-01
2.40000e-02 5.33077e-01
2.80000e-02 5.05036e-01
3.20000e-02 4.84313e-01
3.60000e-02 4.82048e-01
4.00000e-02 4.82277e-01
4.40000e-02 4.84065e-01
4.80000e-02 4.90451e-01
5.20000e-02 5.06827e-01
5.60000e-02 5.34984e-01
6.00000e-02 5.52121e-01
6.40000e-02 5.52732e-01
6.80000e-02 5.42001e-01
7.20000e-02 4.81954e-01
7.60000e-02 4.24234e-01
8.00000e-02 4.17619e-01
8.40000e-02 4.18999e-01
8.80000e-02 4.25753e-01
9.20000e-02 4.40016e-01
9.60000e-02 4.61576e-01
1.00000e-01 4.90323e-01
1.04000e-01 5.18599e-01
1.08000e-01 5.29772e-01
1.12000e-01 5.30479e-01
1.16000e-01 5.29877e-01
1.20000e-01 5.21867e-01
1.24000e-01 4.78764e-01
1.28000e-01 4.22084e-01
1.32000e-01 4.09448e-01
1.36000e-01 4.09247e-01
1.40000e-01 4.09670e-01
1.44000e-01 4.11420e-01
1.48000e-01 4.15455e-01
1.52000e-01 4.22303e-01
1.56000e-01 4.31703e-01
1.60000e-01 4.42749e-01
1.64000e-01 4.54419e-01
1.68000e-01 4.66075e-01
1.72000e-01 4.77728e-01
1.76000e-01 4.90196e-01
1.80000e-01 5.05429e-01
1.84000e-01 5.26478e-01
1.88000e-01 5.51982e-01
1.92000e-01 5.66984e-01
1.96000e-01 5.69111e-01
2.00000e-01 5.69114e-01
2.04000e-01 5.68679e-01
2.08000e-01 5.64772e-01
2.12000e-01 5.46317e-01
2.16000e-01 5.15056e-01
2.20000e-01 4.98511e-01
2.24000e-01 4.90868e-01
2.28000e-01 4.78652e-01
2.32000e-01 4.56391e-01
2.36000e-01 4.43026e-01
2.40000e-01 4.41697e-01
2.44000e-01 4.41818e-01
2.48000e-01 4.42684e-01
2.52000e-01 4.45277e-01
2.56000e-01 4.50378e-01
2.60000e-01 4.58413e-01
2.64000e-01 4.70205e-01
2.68000e-01 4.87191e-01
2.72000e-01 5.06444e-01
2.76000e-01 5.16418e-01
2.80000e-01 5.17687e-01
2.84000e-01 5.17703e-01
2.88000e-01 5.17680e-01
2.92000e-01 5.17479e-01
2.96000e-01 5.16328e-01
3.00000e-01 5.11581e-01
3.04000e-01 5.01871e-01
3.08000e-01 4.96219e-01
3.12000e-01 4.95764e-01
3.16000e-01 4.95993e-01
3.20000e-01 4.97777e-01
3.24000e-01 5.03356e-01
3.28000e-01 5.07717e-01
3.32000e-01 5.07698e-01
3.36000e-01 5.03238e-01
3.40000e-01 4.82598e-01
3.44000e-01 4.57081e-01
3.48000e-01 4.51442e-01
3.52000e-01 4.51521e-01
3.56000e-01 4.52887e-01
3.60000e-01 4.57261e-01
3.64000e-01 4.65790e-01
3.68000e-01 4.79080e-01
3.72000e-01 4.98212e-01
3.76000e-01 5.20559e-01
3.80000e-01 5.33382e-01
3.84000e-01 5.35331e-01
3.88000e-01 5.35374e-01
3.92000e-01 5.35374e-01
3.96000e-01 5.35374e-01
4.00000e-01 5.35374e-01
4.04000e-01 5.35374e-01
4.08000e-01 5.35376e-01
4.12000e-01 5.35382e-01
4.16000e-01 5.35417e-01
4.20000e-01 5.35591e-01
4.24000e-01 5.36447e-01
4.28000e-01 5.39810e-01
4.32000e-01 5.46220e-01
4.36000e-01 5.48825e-01
4.40000e-01 5.48529e-01
4.44000e-01 5.43870e-01
4.48000e-01 5.24386e-01
4.52000e-01 5.02422e-01
4.56000e-01 4.98089e-01
4.60000e-01 4.98162e-01
4.64000e-01 4.99488e-01
4.68000e-01 5.05465e-01
4.72000e-01 5.20477e-01
4.76000e-01 5.33292e-01
4.80000e-01 5.34368e-01
4.84000e-01 5.30222e-01
4.88000e-01 5.05633e-01
4.92000e-01 4.71462e-01
4.96000e-01 4.63198e-01
5.00000e-01 4.63179e-01
5.04000e-01 4.64349e-01
5.08000e-01 4.68367e-01
5.12000e-01 4.76035e-01
5.16000e-01 4.85587e-01
5.20000e-01 4.93531e-01
5.24000e-01 4.98268e-01
5.28000e-01 5.00917e-01
5.32000e-01 5.02842e-01
5.36000e-01 5.04769e-01
5.40000e-01 5.07084e-01
5.44000e-01 5.10105e-01
5.48000e-01 5.14378e-01
5.52000e-01 5.21203e-01
5.56000e-01 5.33191e-01
5.60000e-01 5.51315e-01
5.64000e-01 5.65061e-01
5.68000e-01 5.67860e-01
5.72000e-01 5.67945e-01
5.76000e-01 5.67945e-01
5.80000e-01 5.67945e-01
5.84000e-01 5.67945e-01
5.88000e-01 5.67945e-01
5.92000e-01 5.67945e-01
5.96000e-01 5.67945e-01
6.00000e-01 5.67944e-01
6.04000e-01 5.67942e-01
6.08000e-01 5.67932e-01
6.12000e-01 5.67881e-01
6.16000e-01 5.67632e-01
6.20000e-01 5.66527e-01
6.24000e-01 5.63400e-01
6.28000e-01 5.60080e-01
6.32000e-01 5.59296e-01
6.36000e-01 5.59275e-01
6.40000e-01 5.59277e-01
6.44000e-01 5.59277e-01
6.48000e-01 5.59262e-01
6.52000e-01 5.59074e-01
6.56000e-01 5.57282e-01
6.60000e-01 5.45225e-01
6.64000e-01 5.10092e-01
6.68000e-01 4.83089e-01
6.72000e-01 4.77840e-01
6.76000e-01 4.76096e-01
6.80000e-01 4.72438e-01
6.84000e-01 4.63092e-01
6.88000e-01 4.53748e-01
6.92000e-01 4.51851e-01
6.96000e-01 4.51907e-01
7.00000e-01 4.52692e-01
7.04000e-01 4.55640e-01
7.08000e-01 4.60155e-01
7.12000e-01 4.61756e-01
7.16000e-01 4.61693e-01
7.20000e-01 4.60506e-01
7.24000e-01 4.55051e-01
7.28000e-01 4.44237e-01
7.32000e-01 4.37909e-01
7.36000e-01 4.37253e-01
7.40000e-01 4.37278e-01
7.44000e-01 4.37507e-01
7.48000e-01 4.38312e-01
7.52000e-01 4.40171e-01
7.56000e-01 4.43443e-01
7.60000e-01 4.48123e-01
7.64000e-01 4.53805e-01
7.68000e-01 4.59896e-01
7.72000e-01 4.65877e-01
7.76000e-01 4.71434e-01
7.80000e-01 4.76422e-01
7.84000e-01 4.80754e-01
7.88000e-01 4.84344e-01
7.92000e-01 4.87137e-01
7.96000e-01 4.89206e-01
8.00000e-01 4.90742e-01
8.04000e-01 4.91970e-01
8.08000e-01 4.93075e-01
8.12000e-01 4.94187e-01
8.16000e-01 4.95397e-01
8.20000e-01 4.96766e-01
8.24000e-01 4.98332e-01
8.28000e-01 5.00113e-01
8.32000e-01 5.02112e-01
8.36000e-01 5.04313e-01
8.40000e-01 5.06674e-01
8.44000e-01 5.09117e-01
8.48000e-01 5.11516e-01
8.52000e-01 5.13730e-01
8.56000e-01 5.15660e-01
8.60000e-01 5.17302e-01
8.64000e-01 5.18736e-01
8.68000e-01 5.20086e-01
8.72000e-01 5.21496e-01
8.76000e-01 5.23166e-01
8.80000e-01 5.25463e-01
8.84000e-01 5.29213e-01
8.88000e-01 5.36340e-01
8.92000e-01 5.49974e-01
8.96000e-01 5.67588e-01
9.00000e-01 5.75909e-01
9.04000e-01 5.76681e-01
9.08000e-01 5.76680e-01
9.12000e-01 5.76536e-01
9.16000e-01 5.74744e-01
9.20000e-01 5.59961e-01
9.24000e-01 5.13305e-01
9.28000e-01 4.80991e-01
9.32000e-01 4.77664e-01
9.36000e-01 4.77712e-01
9.40000e-01 4.78292e-01
9.44000e-01 4.80141e-01
9.48000e-01 4.82291e-01
9.52000e-01 4.82856e-01
9.56000e-01 4.82854e-01
9.60000e-01 4.82674e-01
9.64000e-01 4.81596e-01
9.68000e-01 4.77500e-01
9.72000e-01 4.69594e-01
9.76000e-01 4.64838e-01
9.80000e-01 4.64334e-01
9.84000e-01 4.64365e-01
9.88000e-01 4.64657e-01
9.92000e-01 4.65840e-01
9.96000e-01 4.69286e-01
1.00000e+00 4.76726e-01
1.00400e+00 4.85701e-01
1.00800e+00 4.89348e-01
1.01200e+00 4.89642e-01
1.01600e+00 4.89644e-01
1.02000e+00 4.89644e-01
1.02400e+00 4.89644e-01
1.02800e+00 4.89644e-01
1.03200e+00 4.89644e-01
1.03600e+00 4.89644e-01
1.04000e+00 4.89644e-01
1.04400e+00 4.89645e-01
1.04800e+00 4.89647e-01
1.05200e+00 4.89652e-01
1.05600e+00 4.89665e-01
1.06000e+00 4.89700e-01
1.06400e+00 4.89794e-01
1.06800e+00 4.90056e-01
1.07200e+00 4.90816e-01
1.07600e+00 4.93025e-01
1.08000e+00 4.98738e-01
1.08400e+00 5.08058e-01
1.08800e+00 5.13254e-01
1.09200e+00 5.13652e-01
1.09600e+00 5.13272e-01
1.10000e+00 5.10079e-01
1.10400e+00 4.98233e-01
1.10800e+00 4.82691e-01
1.11200e+00 4.78006e-01
1.11600e+00 4.77813e-01
1.12000e+00 4.77825e-01
1.12400e+00 4.77910e-01
1.12800e+00 4.78204e-01
1.13200e+00 4.78909e-01
1.13600e+00 4.80264e-01
1.14000e+00 4.82593e-01
1.14400e+00 4.86591e-01
1.14800e+00 4.93882e-01
1.15200e+00 5.06468e-01
1.15600e+00 5.19929e-01
1.16000e+00 5.24587e-01
1.16400e+00 5.24790e-01
1.16800e+00 5.24510e-01
1.17200e+00 5.21729e-01
1.17600e+00 5.07340e-01
1.18000e+00 4.78684e-01
1.18400e+00 4.65200e-01
1.18800e+00 4.64336e-01
1.19200e+00 4.64501e-01
1.19600e+00 4.65620e-01
1.20000e+00 4.69264e-01
1.20400e+00 4.75850e-01
1.20800e+00 4.80393e-01
1.21200e+00 4.81063e-01
1.21600e+00 4.81048e-01
1.22000e+00 4.80787e-01
1.22400e+00 4.79153e-01
1.22800e+00 4.72326e-01
1.23200e+00 4.57746e-01
1.23600e+00 4.47950e-01
1.24000e+00 4.46641e-01
1.24400e+00 4.46626e-01
1.24800e+00 4.46645e-01
1.25200e+00 4.46731e-01
1.25600e+00 4.46898e-01
1.26000e+00 4.47044e-01
1.26400e+00 4.47114e-01
1.26800e+00 4.47154e-01
1.27200e+00 4.47210e-01
1.27600e+00 4.47333e-01
1.28000e+00 4.47635e-01
1.28400e+00 4.48364e-01
1.28800e+00 4.50085e-01
1.29200e+00 4.53885e-01
1.29600e+00 4.60310e-01
1.30000e+00 4.65693e-01
1.30400e+00 4.66995e-01
1.30800e+00 4.67048e-01
1.31200e+00 4.67048e-01
1.31600e+00 4.67048e-01
1.32000e+00 4.67049e-01
1.32400e+00 4.67049e-01
1.32800e+00 4.67051e-01
1.33200e+00 4.67057e-01
1.33600e+00 4.67072e-01
1.34000e+00 4.67109e-01
1.34400e+00 4.67195e-01
1.34800e+00 4.67377e-01
1.35200e+00 4.67739e-01
1.35600e+00 4.68383e-01
1.36000e+00 4.69391e-01
1.36400e+00 4.70764e-01
1.36800e+00 4.72501e-01
1.37200e+00 4.74854e-01
1.37600e+00 4.78604e-01
1.38000e+00 4.84711e-01
1.38400e+00 4.91178e-01
1.38800e+00 4.93616e-01
1.39200e+00 4.93803e-01
1.39600e+00 4.93805e-01
1.40000e+00 4.93805e-01
1.40400e+00 4.93806e-01
1.40800e+00 4.93808e-01
1.41200e+00 4.93813e-01
1.41600e+00 4.93832e-01
1.42000e+00 4.93893e-01
1.42400e+00 4.94100e-01
1.42800e+00 4.94826e-01
1.43200e+00 4.97220e-01
1.43600e+00 5.02845e-01
1.44000e+00 5.08104e-01
1.44400e+00 5.08943e-01
1.44800e+00 5.08603e-01
1.45200e+00 5.05417e-01
1.45600e+00 4.93535e-01
1.46000e+00 4.78820e-01
1.46400e+00 4.74996e-01
1.46800e+00 4.74946e-01
1.47200e+00 4.75348e-01
1.47600e+00 4.77268e-01
1.48000e+00 4.82889e-01
1.48400e+00 4.94318e-01
1.48800e+00 5.06434e-01
1.49200e+00 5.10423e-01
1.49600e+00 5.10659e-01
1.50000e+00 5.10661e-01
1.50400e+00 5.10661e-01
1.50800e+00 5.10660e-01
1.51200e+00 5.10657e-01
1.51600e+00 5.10635e-01
1.52000e+00 5.10490e-01
1.52400e+00 5.09559e-01
1.52800e+00 5.04465e-01
1.53200e+00 4.87562e-01
1.53600e+00 4.67739e-01
1.54000e+00 4.62614e-01
1.54400e+00 4.62454e-01
1.54800e+00 4.62495e-01
1.55200e+00 4.62743e-01
1.55600e+00 4.63518e-01
1.56000e+00 4.65245e-01
1.56400e+00 4.68251e-01
1.56800e+00 4.72325e-01
1.57200e+00 4.76454e-01
1.57600e+00 4.79632e-01
1.58000e+00 4.81915e-01
1.58400e+00 4.84085e-01
1.58800e+00 4.87297e-01
1.59200e+00 4.93502e-01
1.59600e+00 5.03510e-01
1.60000e+00 5.10350e-01
1.60400e+00 5.11189e-01
1.60800e+00 5.10881e-01
1.61200e+00 5.07503e-01
1.61600e+00 4.90928e-01
1.62000e+00 4.62143e-01
1.62400e+00 4.50905e-01
1.62800e+00 4.50378e-01
1.63200e+00 4.50593e-01
1.63600e+00 4.51575e-01
1.64000e+00 4.52885e-01
1.64400e+00 4.53353e-01
1.64800e+00 4.53407e-01
1.65200e+00 4.53431e-01
1.65600e+00 4.53484e-01
1.66000e+00 4.53646e-01
1.66400e+00 4.54109e-01
1.66800e+00 4.55317e-01
1.67200e+00 4.58238e-01
1.67600e+00 4.64269e-01
1.68000e+00 4.72146e-01
1.68400e+00 4.76053e-01
1.68800e+00 4.76483e-01
1.69200e+00 4.76489e-01
1.69600e+00 4.76489e-01
1.70000e+00 4.76489e-01
1.70400e+00 4.76489e-01
1.70800e+00 4.76489e-01
1.71200e+00 4.76490e-01
1.71600e+00 4.76491e-01
1.72000e+00 4.76494e-01
1.72400e+00 4.76501e-01
1.72800e+00 4.76519e-01
1.73200e+00 4.76560e-01
1.73600e+00 4.76646e-01
1.74000e+00 4.76814e-01
1.74400e+00 4.77120e-01
1.74800e+00 4.77638e-01
1.75200e+00 4.78482e-01
1.75600e+00 4.79867e-01
1.76000e+00 4.82284e-01
1.76400e+00 4.86866e-01
1.76800e+00 4.95597e-01
1.77200e+00 5.08070e-01
1.77600e+00 5.15843e-01
1.78000e+00 5.17000e-01
1.78400e+00 5.17013e-01
1.78800e+00 5.16949e-01
1.79200e+00 5.16326e-01
1.79600e+00 5.11970e-01
1.80000e+00 4.92984e-01
1.80400e+00 4.63053e-01
1.80800e+00 4.52481e-01
1.81200e+00 4.51986e-01
1.81600e+00 4.52044e-01
1.82000e+00 4.52379e-01
1.82400e+00 4.53124e-01
1.82800e+00 4.53993e-01
1.83200e+00 4.54722e-01
1.83600e+00 4.55493e-01
1.84000e+00 4.56831e-01
1.84400e+00 4.59777e-01
1.84800e+00 4.65337e-01
1.85200e+00 4.70881e-01
1.85600e+00 4.72569e-01
1.86000e+00 4.72661e-01
1.86400e+00 4.72662e-01
1.86800e+00 4.72662e-01
1.87200e+00 4.72662e-01
1.87600e+00 4.72662e-01
1.88000e+00 4.72662e-01
1.88400e+00 4.72662e-01
1.88800e+00 4.72662e-01
1.89200e+00 4.72663e-01
1.89600e+00 4.72666e-01
1.90000e+00 4.72673e-01
1.90400e+00 4.72689e-01
1.90800e+00 4.72730e-01
1.91200e+00 4.72833e-01
1.91600e+00 4.73100e-01
1.92000e+00 4.73816e-01
1.92400e+00 4.75707e-01
1.92800e+00 4.80104e-01
1.93200e+00 4.86740e-01
1.93600e+00 4.90647e-01
1.94000e+00 4.91171e-01
1.94400e+00 4.91180e-01
1.94800e+00 4.91180e-01
1.95200e+00 4.91180e-01
1.95600e+00 4.91180e-01
1.96000e+00 4.91180e-01
1.96400e+00 4.91180e-01
1.96800e+00 4.91180e-01
1.97200e+00 4.91182e-01
1.97600e+00 4.91188e-01
1.98000e+00 4.91213e-01
1.98400e+00 4.91321e-01
1.98800e+00 4.91786e-01
1.99200e+00 4.94054e-01
1.99600e+00 4.94246e-01
