0.00000e+00 4.68950e-01
4.00000e-03 4.68950e-01
8.00000e-03 4.68954e-01
1.20000e-02 4.69009e-01
1.60000e-02 4.69537e-01
2.00000e-02 4.72625e-01
2.40000e-02 4.84100e-01
2.80000e-02 5.10052e-01
3.20000e-02 5.36392e-01
3.60000e-02 5.43246e-01
4.00000e-02 5.43395e-01
4.40000e-02 5.42769e-01
4.80000e-02 5.37262e-01
5.20000e-02 5.15199e-01
5.60000e-02 4.88765e-01
6.00000e-02 4.82887e-01
6.40000e-02 4.82888e-01
6.80000e-02 4.83875e-01
7.20000e-02 4.88029e-01
7.60000e-02 4.99932e-01
8.00000e-02 5.24602e-01
8.40000e-02 5.44621e-01
8.80000e-02 5.45931e-01
9.20000e-02 5.34509e-01
9.60000e-02 4.76053e-01
1.00000e-01 4.26212e-01
1.04000e-01 4.21385e-01
1.08000e-01 4.22854e-01
1.12000e-01 4.29583e-01
1.16000e-01 4.43221e-01
1.20000e-01 4.63263e-01
1.24000e-01 4.89915e-01
1.28000e-01 5.17262e-01
1.32000e-01 5.28864e-01
1.36000e-01 5.29585e-01
1.40000e-01 5.28452e-01
1.44000e-01 5.15072e-01
1.48000e-01 4.61567e-01
1.52000e-01 4.15745e-01
1.56000e-01 4.09826e-01
1.60000e-01 4.09914e-01
1.64000e-01 4.10884e-01
1.68000e-01 4.13778e-01
1.72000e-01 4.19226e-01
1.76000e-01 4.27092e-01
1.80000e-01 4.36676e-01
1.84000e-01 4.47098e-01
1.88000e-01 4.57636e-01
1.92000e-01 4.67898e-01
1.96000e-01 4.77912e-01
2.00000e-01 4.88199e-01
2.04000e-01 5.00025e-01
2.08000e-01 5.15865e-01
2.12000e-01 5.38291e-01
2.16000e-01 5.60533e-01
2.20000e-01 5.68475e-01
2.24000e-01 5.68963e-01
2.28000e-01 5.68895e-01
2.32000e-01 5.67993e-01
2.36000e-01 5.61918e-01
2.40000e-01 5.41008e-01
2.44000e-01 5.11109e-01
2.48000e-01 4.87422e-01
2.52000e-01 4.65647e-01
2.56000e-01 4.47537e-01
2.60000e-01 4.42244e-01
2.64000e-01 4.42053e-01
2.68000e-01 4.42259e-01
2.72000e-01 4.43332e-01
2.76000e-01 4.46161e-01
2.80000e-01 4.51378e-01
2.84000e-01 4.59282e-01
2.88000e-01 4.70629e-01
2.92000e-01 4.86915e-01
2.96000e-01 5.05823e-01
3.00000e-01 5.16209e-01
3.04000e-01 5.17661e-01
3.08000e-01 5.17684e-01
3.12000e-01 5.17670e-01
3.16000e-01 5.17542e-01
3.20000e-01 5.16770e-01
3.24000e-01 5.13268e-01
3.28000e-01 5.04403e-01
3.32000e-01 4.97185e-01
3.36000e-01 4.96198e-01
3.40000e-01 4.96365e-01
3.44000e-01 4.97887e-01
3.48000e-01 5.02539e-01
3.52000e-01 5.05637e-01
3.56000e-01 5.05436e-01
3.60000e-01 5.00775e-01
3.64000e-01 4.80837e-01
3.68000e-01 4.57358e-01
3.72000e-01 4.52357e-01
3.76000e-01 4.52424e-01
3.80000e-01 4.53602e-01
3.84000e-01 4.57444e-01
3.88000e-01 4.65048e-01
3.92000e-01 4.76951e-01
3.96000e-01 4.94277e-01
4.00000e-01 5.16251e-01
4.04000e-01 5.31892e-01
4.08000e-01 5.35253e-01
4.12000e-01 5.35374e-01
4.16000e-01 5.35374e-01
4.20000e-01 5.35374e-01
4.24000e-01 5.35374e-01
4.28000e-01 5.35374e-01
4.32000e-01 5.35375e-01
4.36000e-01 5.35377e-01
4.40000e-01 5.35391e-01
4.44000e-01 5.35460e-01
4.48000e-01 5.35819e-01
4.52000e-01 5.37469e-01
4.56000e-01 5.42321e-01
4.60000e-01 5.46876e-01
4.64000e-01 5.47291e-01
4.68000e-01 5.45832e-01
4.72000e-01 5.35301e-01
4.76000e-01 5.11509e-01
4.80000e-01 4.99558e-01
4.84000e-01 4.98897e-01
4.88000e-01 4.99475e-01
4.92000e-01 5.03204e-01
4.96000e-01 5.14806e-01
5.00000e-01 5.28389e-01
5.04000e-01 5.30723e-01
5.08000e-01 5.28443e-01
5.12000e-01 5.10877e-01
5.16000e-01 4.77075e-01
5.20000e-01 4.64499e-01
5.24000e-01 4.64112e-01
5.28000e-01 4.64838e-01
5.32000e-01 4.67971e-01
5.36000e-01 4.74791e-01
5.40000e-01 4.84388e-01
5.44000e-01 4.93225e-01
5.48000e-01 4.98572e-01
5.52000e-01 5.01212e-01
5.56000e-01 5.02845e-01
5.60000e-01 5.04364e-01
5.64000e-01 5.06187e-01
5.68000e-01 5.08573e-01
5.72000e-01 5.11815e-01
5.76000e-01 5.16593e-01
5.80000e-01 5.24571e-01
5.84000e-01 5.38567e-01
5.88000e-01 5.56896e-01
5.92000e-01 5.66746e-01
5.96000e-01 5.67928e-01
6.00000e-01 5.67945e-01
6.04000e-01 5.67945e-01
6.08000e-01 5.67945e-01
6.12000e-01 5.67945e-01
6.16000e-01 5.67945e-01
6.20000e-01 5.67945e-01
6.24000e-01 5.67945e-01
6.28000e-01 5.67945e-01
6.32000e-01 5.67943e-01
6.36000e-01 5.67934e-01
6.40000e-01 5.67887e-01
6.44000e-01 5.67639e-01
6.48000e-01 5.66505e-01
6.52000e-01 5.63314e-01
6.56000e-01 5.60039e-01
6.60000e-01 5.59300e-01
6.64000e-01 5.59277e-01
6.68000e-01 5.59274e-01
6.72000e-01 5.59267e-01
6.76000e-01 5.59191e-01
6.80000e-01 5.58475e-01
6.84000e-01 5.52895e-01
6.88000e-01 5.28278e-01
6.92000e-01 4.92161e-01
6.96000e-01 4.77718e-01
7.00000e-01 4.73485e-01
7.04000e-01 4.68371e-01
7.08000e-01 4.59276e-01
7.12000e-01 4.52983e-01
7.16000e-01 4.52252e-01
7.20000e-01 4.52416e-01
7.24000e-01 4.53629e-01
7.28000e-01 4.57164e-01
7.32000e-01 4.60668e-01
7.36000e-01 4.61216e-01
7.40000e-01 4.60930e-01
7.44000e-01 4.58660e-01
7.48000e-01 4.50920e-01
7.52000e-01 4.40798e-01
7.56000e-01 4.37499e-01
7.60000e-01 4.37363e-01
7.64000e-01 4.37427e-01
7.68000e-01 4.37791e-01
7.72000e-01 4.38860e-01
7.76000e-01 4.41088e-01
7.80000e-01 4.44730e-01
7.84000e-01 4.49657e-01
7.88000e-01 4.55394e-01
7.92000e-01 4.61360e-01
7.96000e-01 4.67105e-01
8.00000e-01 4.72392e-01
8.04000e-01 4.77134e-01
8.08000e-01 4.81273e-01
8.12000e-01 4.84724e-01
8.16000e-01 4.87416e-01
8.20000e-01 4.89397e-01
8.24000e-01 4.90848e-01
8.28000e-01 4.91993e-01
8.32000e-01 4.93014e-01
8.36000e-01 4.94042e-01
8.40000e-01 4.95165e-01
8.44000e-01 4.96445e-01
8.48000e-01 4.97920e-01
8.52000e-01 4.99609e-01
8.56000e-01 5.01514e-01
8.60000e-01 5.03626e-01
8.64000e-01 5.05916e-01
8.68000e-01 5.08327e-01
8.72000e-01 5.10755e-01
8.76000e-01 5.13053e-01
8.80000e-01 5.15088e-01
8.84000e-01 5.16805e-01
8.88000e-01 5.18252e-01
8.92000e-01 5.19538e-01
8.96000e-01 5.20791e-01
9.00000e-01 5.22155e-01
9.04000e-01 5.23836e-01
9.08000e-01 5.26246e-01
9.12000e-01 5.30341e-01
9.16000e-01 5.38320e-01
9.20000e-01 5.53184e-01
9.24000e-01 5.70041e-01
9.28000e-01 5.76243e-01
9.32000e-01 5.76624e-01
9.36000e-01 5.76593e-01
9.40000e-01 5.76028e-01
9.44000e-01 5.70038e-01
9.48000e-01 5.37826e-01
9.52000e-01 4.90708e-01
9.56000e-01 4.78362e-01
9.60000e-01 4.78094e-01
9.64000e-01 4.78475e-01
9.68000e-01 4.80082e-01
9.72000e-01 4.82167e-01
9.76000e-01 4.82747e-01
9.80000e-01 4.82741e-01
9.84000e-01 4.82515e-01
9.88000e-01 4.81210e-01
9.92000e-01 4.76567e-01
9.96000e-01 4.68673e-01
1.00000e+00 4.64759e-01
1.00400e+00 4.64449e-01
1.00800e+00 4.64491e-01
1.01200e+00 4.64818e-01
1.01600e+00 4.66084e-01
1.02000e+00 4.69691e-01
1.02400e+00 4.77299e-01
1.02800e+00 4.86079e-01
1.03200e+00 4.89401e-01
1.03600e+00 4.89642e-01
1.04000e+00 4.89644e-01
1.04400e+00 4.89644e-01
1.04800e+00 4.89644e-01
1.05200e+00 4.89644e-01
1.05600e+00 4.89644e-01
1.06000e+00 4.89644e-01
1.06400e+00 4.89644e-01
1.06800e+00 4.89645e-01
1.07200e+00 4.89646e-01
1.07600e+00 4.89650e-01
1.08000e+00 4.89661e-01
1.08400e+00 4.89689e-01
1.08800e+00 4.89764e-01
1.09200e+00 4.89976e-01
1.09600e+00 4.90594e-01
1.10000e+00 4.92412e-01
1.10400e+00 4.97303e-01
1.10800e+00 5.06220e-01
1.11200e+00 5.12405e-01
1.11600e+00 5.13141e-01
1.12000e+00 5.12899e-01
1.12400e+00 5.10558e-01
1.12800e+00 5.00641e-01
1.13200e+00 4.84640e-01
1.13600e+00 4.78240e-01
1.14000e+00 4.77846e-01
1.14400e+00 4.77852e-01
1.14800e+00 4.77914e-01
1.15200e+00 4.78148e-01
1.15600e+00 4.78741e-01
1.16000e+00 4.79921e-01
1.16400e+00 4.81979e-01
1.16800e+00 4.85498e-01
1.17200e+00 4.91886e-01
1.17600e+00 5.03361e-01
1.18000e+00 5.17562e-01
1.18400e+00 5.24005e-01
1.18800e+00 5.24479e-01
1.19200e+00 5.24276e-01
1.19600e+00 5.22026e-01
1.20000e+00 5.09494e-01
1.20400e+00 4.81441e-01
1.20800e+00 4.65983e-01
1.21200e+00 4.64743e-01
1.21600e+00 4.64899e-01
1.22000e+00 4.66049e-01
1.22400e+00 4.69864e-01
1.22800e+00 4.76463e-01
1.23200e+00 4.80482e-01
1.23600e+00 4.80950e-01
1.24000e+00 4.80914e-01
1.24400e+00 4.80490e-01
1.24800e+00 4.78055e-01
1.25200e+00 4.69090e-01
1.25600e+00 4.54162e-01
1.26000e+00 4.47214e-01
1.26400e+00 4.46648e-01
1.26800e+00 4.46648e-01
1.27200e+00 4.46675e-01
1.27600e+00 4.46774e-01
1.28000e+00 4.46941e-01
1.28400e+00 4.47075e-01
1.28800e+00 4.47140e-01
1.29200e+00 4.47186e-01
1.29600e+00 4.47256e-01
1.30000e+00 4.47416e-01
1.30400e+00 4.47810e-01
1.30800e+00 4.48767e-01
1.31200e+00 4.51021e-01
1.31600e+00 4.55759e-01
1.32000e+00 4.62503e-01
1.32400e+00 4.66472e-01
1.32800e+00 4.67037e-01
1.33200e+00 4.67048e-01
1.33600e+00 4.67048e-01
1.34000e+00 4.67048e-01
1.34400e+00 4.67049e-01
1.34800e+00 4.67049e-01
1.35200e+00 4.67051e-01
1.35600e+00 4.67058e-01
1.36000e+00 4.67073e-01
1.36400e+00 4.67112e-01
1.36800e+00 4.67200e-01
1.37200e+00 4.67386e-01
1.37600e+00 4.67752e-01
1.38000e+00 4.68396e-01
1.38400e+00 4.69387e-01
1.38800e+00 4.70725e-01
1.39200e+00 4.72437e-01
1.39600e+00 4.74838e-01
1.40000e+00 4.78797e-01
1.40400e+00 4.85215e-01
1.40800e+00 4.91566e-01
1.41200e+00 4.93671e-01
1.41600e+00 4.93804e-01
1.42000e+00 4.93806e-01
1.42400e+00 4.93806e-01
1.42800e+00 4.93806e-01
1.43200e+00 4.93807e-01
1.43600e+00 4.93811e-01
1.44000e+00 4.93825e-01
1.44400e+00 4.93874e-01
1.44800e+00 4.94043e-01
1.45200e+00 4.94649e-01
1.45600e+00 4.96701e-01
1.46000e+00 5.01803e-01
1.46400e+00 5.07166e-01
1.46800e+00 5.08235e-01
1.47200e+00 5.07993e-01
1.47600e+00 5.05458e-01
1.48000e+00 4.95093e-01
1.48400e+00 4.80208e-01
1.48800e+00 4.75416e-01
1.49200e+00 4.75281e-01
1.49600e+00 4.75573e-01
1.50000e+00 4.77122e-01
1.50400e+00 4.81898e-01
1.50800e+00 4.92299e-01
1.51200e+00 5.04982e-01
1.51600e+00 5.10229e-01
1.52000e+00 5.10657e-01
1.52400e+00 5.10661e-01
1.52800e+00 5.10660e-01
1.53200e+00 5.10660e-01
1.53600e+00 5.10657e-01
1.54000e+00 5.10635e-01
1.54400e+00 5.10491e-01
1.54800e+00 5.09568e-01
1.55200e+00 5.04515e-01
1.55600e+00 4.87697e-01
1.56000e+00 4.67862e-01
1.56400e+00 4.62693e-01
1.56800e+00 4.62530e-01
1.57200e+00 4.62570e-01
1.57600e+00 4.62815e-01
1.58000e+00 4.63584e-01
1.58400e+00 4.65307e-01
1.58800e+00 4.68329e-01
1.59200e+00 4.72465e-01
1.59600e+00 4.76671e-01
1.60000e+00 4.79861e-01
1.60400e+00 4.82065e-01
1.60800e+00 4.84083e-01
1.61200e+00 4.87038e-01
1.61600e+00 4.92842e-01
1.62000e+00 5.02579e-01
1.62400e+00 5.09619e-01
1.62800e+00 5.10537e-01
1.63200e+00 5.10193e-01
1.63600e+00 5.06471e-01
1.64000e+00 4.89029e-01
1.64400e+00 4.61035e-01
1.64800e+00 4.51159e-01
1.65200e+00 4.50766e-01
1.65600e+00 4.50978e-01
1.66000e+00 4.51885e-01
1.66400e+00 4.53013e-01
1.66800e+00 4.53388e-01
1.67200e+00 4.53437e-01
1.67600e+00 4.53466e-01
1.68000e+00 4.53534e-01
1.68400e+00 4.53738e-01
1.68800e+00 4.54312e-01
1.69200e+00 4.55792e-01
1.69600e+00 4.59296e-01
1.70000e+00 4.66063e-01
1.70400e+00 4.73525e-01
1.70800e+00 4.76287e-01
1.71200e+00 4.76488e-01
1.71600e+00 4.76489e-01
1.72000e+00 4.76489e-01
1.72400e+00 4.76489e-01
1.72800e+00 4.76489e-01
1.73200e+00 4.76489e-01
1.73600e+00 4.76490e-01
1.74000e+00 4.76491e-01
1.74400e+00 4.76493e-01
1.74800e+00 4.76500e-01
1.75200e+00 4.76517e-01
1.75600e+00 4.76555e-01
1.76000e+00 4.76635e-01
1.76400e+00 4.76791e-01
1.76800e+00 4.77076e-01
1.77200e+00 4.77559e-01
1.77600e+00 4.78344e-01
1.78000e+00 4.79616e-01
1.78400e+00 4.81797e-01
1.78800e+00 4.85879e-01
1.79200e+00 4.93761e-01
1.79600e+00 5.05992e-01
1.80000e+00 5.15134e-01
1.80400e+00 5.16927e-01
1.80800e+00 5.16964e-01
1.81200e+00 5.16899e-01
1.81600e+00 5.16241e-01
1.82000e+00 5.11640e-01
1.82400e+00 4.92057e-01
1.82800e+00 4.62462e-01
1.83200e+00 4.52559e-01
1.83600e+00 4.52127e-01
1.84000e+00 4.52181e-01
1.84400e+00 4.52488e-01
1.84800e+00 4.53187e-01
1.85200e+00 4.54066e-01
1.85600e+00 4.54899e-01
1.86000e+00 4.55861e-01
1.86400e+00 4.57540e-01
1.86800e+00 4.61066e-01
1.87200e+00 4.66973e-01
1.87600e+00 4.71632e-01
1.88000e+00 4.72628e-01
1.88400e+00 4.72661e-01
1.88800e+00 4.72662e-01
1.89200e+00 4.72662e-01
1.89600e+00 4.72662e-01
1.90000e+00 4.72662e-01
1.90400e+00 4.72662e-01
1.90800e+00 4.72662e-01
1.91200e+00 4.72662e-01
1.91600e+00 4.72663e-01
1.92000e+00 4.72666e-01
1.92400e+00 4.72673e-01
1.92800e+00 4.72689e-01
1.93200e+00 4.72729e-01
1.93600e+00 4.72833e-01
1.94000e+00 4.73104e-01
1.94400e+00 4.73833e-01
1.94800e+00 4.75761e-01
1.95200e+00 4.80225e-01
1.95600e+00 4.86869e-01
1.96000e+00 4.90679e-01
1.96400e+00 4.91172e-01
1.96800e+00 4.91180e-01
1.97200e+00 4.91180e-01
1.97600e+00 4.91180e-01
1.98000e+00 4.91180e-01
1.98400e+00 4.91180e-01
1.98800e+00 4.91180e-01
1.99200e+00 4.91187e-01
1.99600e+00 4.91187e-01
