0.00000e+00 4.58234e-01
4.00000e-03 4.58234e-01
8.00000e-03 4.58235e-01
1.20000e-02 4.58250e-01
1.60000e-02 4.58399e-01
2.00000e-02 4.59277e-01
2.40000e-02 4.62188e-01
2.80000e-02 4.66404e-01
3.20000e-02 4.68600e-01
3.60000e-02 4.69417e-01
4.00000e-02 4.70451e-01
4.40000e-02 4.73418e-01
4.80000e-02 4.81813e-01
5.20000e-02 5.00471e-01
5.60000e-02 5.26972e-01
6.00000e-02 5.41424e-01
6.40000e-02 5.42885e-01
6.80000e-02 5.42659e-01
7.20000e-02 5.39795e-01
7.60000e-02 5.24366e-01
8.00000e-02 4.95635e-01
8.40000e-02 4.84039e-01
8.80000e-02 4.83556e-01
9.20000e-02 4.84028e-01
9.60000e-02 4.86739e-01
1.00000e-01 4.95856e-01
1.04000e-01 5.17299e-01
1.08000e-01 5.36495e-01
1.12000e-01 5.37787e-01
1.16000e-01 5.26024e-01
1.20000e-01 4.71396e-01
1.24000e-01 4.28568e-01
1.28000e-01 4.24847e-01
1.32000e-01 4.26303e-01
1.36000e-01 4.32758e-01
1.40000e-01 4.45638e-01
1.44000e-01 4.64448e-01
1.48000e-01 4.89735e-01
1.52000e-01 5.16355e-01
1.56000e-01 5.27677e-01
1.60000e-01 5.28236e-01
1.64000e-01 5.26082e-01
1.68000e-01 5.05028e-01
1.72000e-01 4.45523e-01
1.76000e-01 4.12851e-01
1.80000e-01 4.10569e-01
1.84000e-01 4.10885e-01
1.88000e-01 4.12604e-01
1.92000e-01 4.16734e-01
1.96000e-01 4.23368e-01
2.00000e-01 4.31829e-01
2.04000e-01 4.41243e-01
2.08000e-01 4.50912e-01
2.12000e-01 4.60397e-01
2.16000e-01 4.69500e-01
2.20000e-01 4.78258e-01
2.24000e-01 4.86995e-01
2.28000e-01 4.96500e-01
2.32000e-01 5.08428e-01
2.36000e-01 5.25662e-01
2.40000e-01 5.48790e-01
2.44000e-01 5.65473e-01
2.48000e-01 5.68753e-01
2.52000e-01 5.68820e-01
2.56000e-01 5.68688e-01
2.60000e-01 5.67493e-01
2.64000e-01 5.60936e-01
2.68000e-01 5.36547e-01
2.72000e-01 4.87417e-01
2.76000e-01 4.50126e-01
2.80000e-01 4.42468e-01
2.84000e-01 4.42219e-01
2.88000e-01 4.42273e-01
2.92000e-01 4.42662e-01
2.96000e-01 4.44004e-01
3.00000e-01 4.47072e-01
3.04000e-01 4.52367e-01
3.08000e-01 4.60106e-01
3.12000e-01 4.71007e-01
3.16000e-01 4.86616e-01
3.20000e-01 5.05173e-01
3.24000e-01 5.15979e-01
3.28000e-01 5.17637e-01
3.32000e-01 5.17670e-01
3.36000e-01 5.17662e-01
3.40000e-01 5.17579e-01
3.44000e-01 5.17063e-01
3.48000e-01 5.14543e-01
3.52000e-01 5.06916e-01
3.56000e-01 4.98524e-01
3.60000e-01 4.96724e-01
3.64000e-01 4.96823e-01
3.68000e-01 4.98061e-01
3.72000e-01 5.01775e-01
3.76000e-01 5.03843e-01
3.80000e-01 5.03493e-01
3.84000e-01 4.98561e-01
3.88000e-01 4.79075e-01
3.92000e-01 4.57481e-01
3.96000e-01 4.53134e-01
4.00000e-01 4.53197e-01
4.04000e-01 4.54235e-01
4.08000e-01 4.57648e-01
4.12000e-01 4.64473e-01
4.16000e-01 4.75165e-01
4.20000e-01 4.90751e-01
4.24000e-01 5.11714e-01
4.28000e-01 5.29716e-01
4.32000e-01 5.35069e-01
4.36000e-01 5.35372e-01
4.40000e-01 5.35374e-01
4.44000e-01 5.35374e-01
4.48000e-01 5.35374e-01
4.52000e-01 5.35374e-01
4.56000e-01 5.35374e-01
4.60000e-01 5.35375e-01
4.64000e-01 5.35380e-01
4.68000e-01 5.35408e-01
4.72000e-01 5.35556e-01
4.76000e-01 5.36299e-01
4.80000e-01 5.39190e-01
4.84000e-01 5.44260e-01
4.88000e-01 5.45980e-01
4.92000e-01 5.45629e-01
4.96000e-01 5.41153e-01
5.00000e-01 5.23224e-01
5.04000e-01 5.03514e-01
5.08000e-01 4.99827e-01
5.12000e-01 5.00010e-01
5.16000e-01 5.02134e-01
5.20000e-01 5.10525e-01
5.24000e-01 5.23569e-01
5.28000e-01 5.27274e-01
5.32000e-01 5.26050e-01
5.36000e-01 5.13913e-01
5.40000e-01 4.82909e-01
5.44000e-01 4.66097e-01
5.48000e-01 4.64998e-01
5.52000e-01 4.65435e-01
5.56000e-01 4.67789e-01
5.60000e-01 4.73660e-01
5.64000e-01 4.82992e-01
5.68000e-01 4.92663e-01
5.72000e-01 4.98842e-01
5.76000e-01 5.01595e-01
5.80000e-01 5.02990e-01
5.84000e-01 5.04153e-01
5.88000e-01 5.05549e-01
5.92000e-01 5.07433e-01
5.96000e-01 5.09991e-01
6.00000e-01 5.13549e-01
6.04000e-01 5.18992e-01
6.08000e-01 5.28412e-01
6.12000e-01 5.44368e-01
6.16000e-01 5.61402e-01
6.20000e-01 5.67532e-01
6.24000e-01 5.67942e-01
6.28000e-01 5.67945e-01
6.32000e-01 5.67945e-01
6.36000e-01 5.67945e-01
6.40000e-01 5.67945e-01
6.44000e-01 5.67945e-01
6.48000e-01 5.67945e-01
6.52000e-01 5.67945e-01
6.56000e-01 5.67945e-01
6.60000e-01 5.67943e-01
6.64000e-01 5.67935e-01
6.68000e-01 5.67888e-01
6.72000e-01 5.67636e-01
6.76000e-01 5.66477e-01
6.80000e-01 5.63250e-01
6.84000e-01 5.60013e-01
6.88000e-01 5.59300e-01
6.92000e-01 5.59274e-01
6.96000e-01 5.59267e-01
7.00000e-01 5.59238e-01
7.04000e-01 5.58972e-01
7.08000e-01 5.56769e-01
7.12000e-01 5.43783e-01
7.16000e-01 5.09545e-01
7.20000e-01 4.80610e-01
7.24000e-01 4.69387e-01
7.28000e-01 4.62092e-01
7.32000e-01 4.55280e-01
7.36000e-01 4.52728e-01
7.40000e-01 4.52643e-01
7.44000e-01 4.52980e-01
7.48000e-01 4.54740e-01
7.52000e-01 4.58452e-01
7.56000e-01 4.60570e-01
7.60000e-01 4.60635e-01
7.64000e-01 4.59932e-01
7.68000e-01 4.56045e-01
7.72000e-01 4.46503e-01
7.76000e-01 4.38770e-01
7.80000e-01 4.37476e-01
7.84000e-01 4.37471e-01
7.88000e-01 4.37600e-01
7.92000e-01 4.38135e-01
7.96000e-01 4.39503e-01
8.00000e-01 4.42106e-01
8.04000e-01 4.46089e-01
8.08000e-01 4.51211e-01
8.12000e-01 4.56949e-01
8.16000e-01 4.62755e-01
8.20000e-01 4.68251e-01
8.24000e-01 4.73273e-01
8.28000e-01 4.77781e-01
8.32000e-01 4.81743e-01
8.36000e-01 4.85073e-01
8.40000e-01 4.87679e-01
8.44000e-01 4.89584e-01
8.48000e-01 4.90957e-01
8.52000e-01 4.92022e-01
8.56000e-01 4.92963e-01
8.60000e-01 4.93910e-01
8.64000e-01 4.94950e-01
8.68000e-01 4.96146e-01
8.72000e-01 4.97534e-01
8.76000e-01 4.99135e-01
8.80000e-01 5.00950e-01
8.84000e-01 5.02972e-01
8.88000e-01 5.05182e-01
8.92000e-01 5.07541e-01
8.96000e-01 5.09970e-01
9.00000e-01 5.12338e-01
9.04000e-01 5.14487e-01
9.08000e-01 5.16310e-01
9.12000e-01 5.17811e-01
9.16000e-01 5.19080e-01
9.20000e-01 5.20244e-01
9.24000e-01 5.21425e-01
9.28000e-01 5.22762e-01
9.32000e-01 5.24476e-01
9.36000e-01 5.27032e-01
9.40000e-01 5.31540e-01
9.44000e-01 5.40496e-01
9.48000e-01 5.56504e-01
9.52000e-01 5.72051e-01
9.56000e-01 5.76360e-01
9.60000e-01 5.76510e-01
9.64000e-01 5.76365e-01
9.68000e-01 5.74277e-01
9.72000e-01 5.57585e-01
9.76000e-01 5.09847e-01
9.80000e-01 4.81010e-01
9.84000e-01 4.78637e-01
9.88000e-01 4.78824e-01
9.92000e-01 4.80015e-01
9.96000e-01 4.81958e-01
1.00000e+00 4.82608e-01
1.00400e+00 4.82603e-01
1.00800e+00 4.82328e-01
1.01200e+00 4.80776e-01
1.01600e+00 4.75599e-01
1.02000e+00 4.67881e-01
1.02400e+00 4.64739e-01
1.02800e+00 4.64558e-01
1.03200e+00 4.64610e-01
1.03600e+00 4.64974e-01
1.04000e+00 4.66328e-01
1.04400e+00 4.70102e-01
1.04800e+00 4.77873e-01
1.05200e+00 4.86437e-01
1.05600e+00 4.89445e-01
1.06000e+00 4.89643e-01
1.06400e+00 4.89644e-01
1.06800e+00 4.89644e-01
1.07200e+00 4.89644e-01
1.07600e+00 4.89644e-01
1.08000e+00 4.89644e-01
1.08400e+00 4.89644e-01
1.08800e+00 4.89644e-01
1.09200e+00 4.89645e-01
1.09600e+00 4.89646e-01
1.10000e+00 4.89649e-01
1.10400e+00 4.89657e-01
1.10800e+00 4.89679e-01
1.11200e+00 4.89740e-01
1.11600e+00 4.89912e-01
1.12000e+00 4.90415e-01
1.12400e+00 4.91910e-01
1.12800e+00 4.96064e-01
1.13200e+00 5.04399e-01
1.13600e+00 5.11437e-01
1.14000e+00 5.12633e-01
1.14400e+00 5.12489e-01
1.14800e+00 5.10793e-01
1.15200e+00 5.02679e-01
1.15600e+00 4.86855e-01
1.16000e+00 4.78609e-01
1.16400e+00 4.77880e-01
1.16800e+00 4.77880e-01
1.17200e+00 4.77924e-01
1.17600e+00 4.78108e-01
1.18000e+00 4.78603e-01
1.18400e+00 4.79625e-01
1.18800e+00 4.81442e-01
1.19200e+00 4.84547e-01
1.19600e+00 4.90148e-01
1.20000e+00 5.00479e-01
1.20400e+00 5.14877e-01
1.20800e+00 5.23192e-01
1.21200e+00 5.24125e-01
1.21600e+00 5.23983e-01
1.22000e+00 5.22184e-01
1.22400e+00 5.11398e-01
1.22800e+00 4.84348e-01
1.23200e+00 4.66935e-01
1.23600e+00 4.65207e-01
1.24000e+00 4.65352e-01
1.24400e+00 4.66525e-01
1.24800e+00 4.70465e-01
1.25200e+00 4.76967e-01
1.25600e+00 4.80488e-01
1.26000e+00 4.80809e-01
1.26400e+00 4.80741e-01
1.26800e+00 4.80073e-01
1.27200e+00 4.76538e-01
1.27600e+00 4.65360e-01
1.28000e+00 4.51290e-01
1.28400e+00 4.46874e-01
1.28800e+00 4.46665e-01
1.29200e+00 4.46669e-01
1.29600e+00 4.46706e-01
1.30000e+00 4.46816e-01
1.30400e+00 4.46981e-01
1.30800e+00 4.47105e-01
1.31200e+00 4.47169e-01
1.31600e+00 4.47222e-01
1.32000e+00 4.47312e-01
1.32400e+00 4.47521e-01
1.32800e+00 4.48039e-01
1.33200e+00 4.49301e-01
1.33600e+00 4.52234e-01
1.34000e+00 4.57914e-01
1.34400e+00 4.64340e-01
1.34800e+00 4.66848e-01
1.35200e+00 4.67047e-01
1.35600e+00 4.67048e-01
1.36000e+00 4.67048e-01
1.36400e+00 4.67049e-01
1.36800e+00 4.67049e-01
1.37200e+00 4.67049e-01
1.37600e+00 4.67052e-01
1.38000e+00 4.67058e-01
1.38400e+00 4.67075e-01
1.38800e+00 4.67115e-01
1.39200e+00 4.67205e-01
1.39600e+00 4.67395e-01
1.40000e+00 4.67765e-01
1.40400e+00 4.68407e-01
1.40800e+00 4.69381e-01
1.41200e+00 4.70685e-01
1.41600e+00 4.72381e-01
1.42000e+00 4.74843e-01
1.42400e+00 4.79022e-01
1.42800e+00 4.85724e-01
1.43200e+00 4.91905e-01
1.43600e+00 4.93709e-01
1.44000e+00 4.93805e-01
1.44400e+00 4.93806e-01
1.44800e+00 4.93806e-01
1.45200e+00 4.93806e-01
1.45600e+00 4.93807e-01
1.46000e+00 4.93810e-01
1.46400e+00 4.93821e-01
1.46800e+00 4.93859e-01
1.47200e+00 4.93998e-01
1.47600e+00 4.94505e-01
1.48000e+00 4.96262e-01
1.48400e+00 5.00862e-01
1.48800e+00 5.06250e-01
1.49200e+00 5.07560e-01
1.49600e+00 5.07394e-01
1.50000e+00 5.05382e-01
1.50400e+00 4.96428e-01
1.50800e+00 4.81664e-01
1.51200e+00 4.75858e-01
1.51600e+00 4.75599e-01
1.52000e+00 4.75808e-01
1.52400e+00 4.77046e-01
1.52800e+00 4.81074e-01
1.53200e+00 4.90403e-01
1.53600e+00 5.03304e-01
1.54000e+00 5.09919e-01
1.54400e+00 5.10651e-01
1.54800e+00 5.10660e-01
1.55200e+00 5.10660e-01
1.55600e+00 5.10660e-01
1.56000e+00 5.10657e-01
1.56400e+00 5.10635e-01
1.56800e+00 5.10492e-01
1.57200e+00 5.09578e-01
1.57600e+00 5.04569e-01
1.58000e+00 4.87843e-01
1.58400e+00 4.67992e-01
1.58800e+00 4.62773e-01
1.59200e+00 4.62606e-01
1.59600e+00 4.62645e-01
1.60000e+00 4.62887e-01
1.60400e+00 4.63650e-01
1.60800e+00 4.65368e-01
1.61200e+00 4.68407e-01
1.61600e+00 4.72608e-01
1.62000e+00 4.76900e-01
1.62400e+00 4.80104e-01
1.62800e+00 4.82232e-01
1.63200e+00 4.84110e-01
1.63600e+00 4.86836e-01
1.64000e+00 4.92282e-01
1.64400e+00 5.01724e-01
1.64800e+00 5.08844e-01
1.65200e+00 5.09808e-01
1.65600e+00 5.09424e-01
1.66000e+00 5.05360e-01
1.66400e+00 4.87177e-01
1.66800e+00 4.60098e-01
1.67200e+00 4.51412e-01
1.67600e+00 4.51114e-01
1.68000e+00 4.51316e-01
1.68400e+00 4.52139e-01
1.68800e+00 4.53109e-01
1.69200e+00 4.53423e-01
1.69600e+00 4.53471e-01
1.70000e+00 4.53506e-01
1.70400e+00 4.53592e-01
1.70800e+00 4.53849e-01
1.71200e+00 4.54558e-01
1.71600e+00 4.56363e-01
1.72000e+00 4.60528e-01
1.72400e+00 4.67917e-01
1.72800e+00 4.74605e-01
1.73200e+00 4.76405e-01
1.73600e+00 4.76489e-01
1.74000e+00 4.76489e-01
1.74400e+00 4.76489e-01
1.74800e+00 4.76489e-01
1.75200e+00 4.76489e-01
1.75600e+00 4.76489e-01
1.76000e+00 4.76490e-01
1.76400e+00 4.76491e-01
1.76800e+00 4.76493e-01
1.77200e+00 4.76500e-01
1.77600e+00 4.76515e-01
1.78000e+00 4.76550e-01
1.78400e+00 4.76624e-01
1.78800e+00 4.76769e-01
1.79200e+00 4.77035e-01
1.79600e+00 4.77487e-01
1.80000e+00 4.78217e-01
1.80400e+00 4.79389e-01
1.80800e+00 4.81366e-01
1.81200e+00 4.85008e-01
1.81600e+00 4.92087e-01
1.82000e+00 5.03841e-01
1.82400e+00 5.14188e-01
1.82800e+00 5.16812e-01
1.83200e+00 5.16898e-01
1.83600e+00 5.16835e-01
1.84000e+00 5.16143e-01
1.84400e+00 5.11305e-01
1.84800e+00 4.91169e-01
1.85200e+00 4.61930e-01
1.85600e+00 4.52634e-01
1.86000e+00 4.52254e-01
1.86400e+00 4.52303e-01
1.86800e+00 4.52586e-01
1.87200e+00 4.53246e-01
1.87600e+00 4.54140e-01
1.88000e+00 4.55088e-01
1.88400e+00 4.56277e-01
1.88800e+00 4.58371e-01
1.89200e+00 4.62527e-01
1.89600e+00 4.68528e-01
1.90000e+00 4.72132e-01
1.90400e+00 4.72651e-01
1.90800e+00 4.72662e-01
1.91200e+00 4.72662e-01
1.91600e+00 4.72662e-01
1.92000e+00 4.72662e-01
1.92400e+00 4.72662e-01
1.92800e+00 4.72662e-01
1.93200e+00 4.72662e-01
1.93600e+00 4.72662e-01
1.94000e+00 4.72663e-01
1.94400e+00 4.72666e-01
1.94800e+00 4.72672e-01
1.95200e+00 4.72689e-01
1.95600e+00 4.72729e-01
1.96000e+00 4.72833e-01
1.96400e+00 4.73109e-01
1.96800e+00 4.73852e-01
1.97200e+00 4.75817e-01
1.97600e+00 4.80348e-01
1.98000e+00 4.86996e-01
1.98400e+00 4.90710e-01
1.98800e+00 4.91173e-01
1.99200e+00 4.91180e-01
1.99600e+00 4.91180e-01
