0.00000e+00 4.38768e-01
4.00000e-03 4.38768e-01
8.00000e-03 4.38771e-01
1.20000e-02 4.38819e-01
1.60000e-02 4.39230e-01
2.00000e-02 4.41365e-01
2.40000e-02 4.47558e-01
2.80000e-02 4.55152e-01
3.20000e-02 4.57975e-01
3.60000e-02 4.58478e-01
4.00000e-02 4.58899e-01
4.40000e-02 4.60025e-01
4.80000e-02 4.62737e-01
5.20000e-02 4.66322e-01
5.60000e-02 4.68626e-01
6.00000e-02 4.69819e-01
6.40000e-02 4.71104e-01
6.80000e-02 4.73802e-01
7.20000e-02 4.80254e-01
7.60000e-02 4.94200e-01
8.00000e-02 5.17622e-01
8.40000e-02 5.37703e-01
8.80000e-02 5.42204e-01
9.20000e-02 5.42213e-01
9.60000e-02 5.40865e-01
1.00000e-01 5.31333e-01
1.04000e-01 5.04776e-01
1.08000e-01 4.86176e-01
1.12000e-01 4.84225e-01
1.16000e-01 4.84449e-01
1.20000e-01 4.86272e-01
1.24000e-01 4.93615e-01
1.28000e-01 5.12354e-01
1.32000e-01 5.28814e-01
1.36000e-01 5.29561e-01
1.40000e-01 5.17377e-01
1.44000e-01 4.67084e-01
1.48000e-01 4.30796e-01
1.52000e-01 4.27950e-01
1.56000e-01 4.29344e-01
1.60000e-01 4.35407e-01
1.64000e-01 4.47494e-01
1.68000e-01 4.65360e-01
1.72000e-01 4.89909e-01
1.76000e-01 5.15833e-01
1.80000e-01 5.26092e-01
1.84000e-01 5.26349e-01
1.88000e-01 5.22349e-01
1.92000e-01 4.91834e-01
1.96000e-01 4.32662e-01
2.00000e-01 4.12161e-01
2.04000e-01 4.11522e-01
2.08000e-01 4.12178e-01
2.12000e-01 4.14829e-01
2.16000e-01 4.20154e-01
2.20000e-01 4.27676e-01
2.24000e-01 4.36357e-01
2.28000e-01 4.45359e-01
2.32000e-01 4.54224e-01
2.36000e-01 4.62756e-01
2.40000e-01 4.70888e-01
2.44000e-01 4.78664e-01
2.48000e-01 4.86278e-01
2.52000e-01 4.94204e-01
2.56000e-01 5.03473e-01
2.60000e-01 5.16175e-01
2.64000e-01 5.35218e-01
2.68000e-01 5.57227e-01
2.72000e-01 5.67678e-01
2.76000e-01 5.68727e-01
2.80000e-01 5.68724e-01
2.84000e-01 5.68545e-01
2.88000e-01 5.66640e-01
2.92000e-01 5.50687e-01
2.96000e-01 4.93511e-01
3.00000e-01 4.48055e-01
3.04000e-01 4.42368e-01
3.08000e-01 4.42327e-01
3.12000e-01 4.42457e-01
3.16000e-01 4.43061e-01
3.20000e-01 4.44710e-01
3.24000e-01 4.48029e-01
3.28000e-01 4.53372e-01
3.32000e-01 4.60904e-01
3.36000e-01 4.71342e-01
3.40000e-01 4.86282e-01
3.44000e-01 5.04481e-01
3.48000e-01 5.15721e-01
3.52000e-01 5.17614e-01
3.56000e-01 5.17659e-01
3.60000e-01 5.17654e-01
3.64000e-01 5.17601e-01
3.68000e-01 5.17256e-01
3.72000e-01 5.15474e-01
3.76000e-01 5.09230e-01
3.80000e-01 5.00237e-01
3.84000e-01 4.97356e-01
3.88000e-01 4.97362e-01
3.92000e-01 4.98293e-01
3.96000e-01 5.01059e-01
4.00000e-01 5.02306e-01
4.04000e-01 5.01821e-01
4.08000e-01 4.96536e-01
4.12000e-01 4.77319e-01
4.16000e-01 4.57502e-01
4.20000e-01 4.53799e-01
4.24000e-01 4.53864e-01
4.28000e-01 4.54794e-01
4.32000e-01 4.57861e-01
4.36000e-01 4.64033e-01
4.40000e-01 4.73681e-01
4.44000e-01 4.87662e-01
4.48000e-01 5.07178e-01
4.52000e-01 5.26798e-01
4.56000e-01 5.34678e-01
4.60000e-01 5.35367e-01
4.64000e-01 5.35374e-01
4.68000e-01 5.35374e-01
4.72000e-01 5.35374e-01
4.76000e-01 5.35374e-01
4.80000e-01 5.35374e-01
4.84000e-01 5.35374e-01
4.88000e-01 5.35376e-01
4.92000e-01 5.35388e-01
4.96000e-01 5.35448e-01
5.00000e-01 5.35769e-01
5.04000e-01 5.37245e-01
5.08000e-01 5.41312e-01
5.12000e-01 5.44543e-01
5.16000e-01 5.44707e-01
5.20000e-01 5.43156e-01
5.24000e-01 5.32996e-01
5.28000e-01 5.11385e-01
5.32000e-01 5.01340e-01
5.36000e-01 5.00943e-01
5.40000e-01 5.01970e-01
5.44000e-01 5.07605e-01
5.48000e-01 5.19080e-01
5.52000e-01 5.23992e-01
5.56000e-01 5.23420e-01
5.60000e-01 5.15202e-01
5.64000e-01 4.88373e-01
5.68000e-01 4.68087e-01
5.72000e-01 4.65837e-01
5.76000e-01 4.66088e-01
5.80000e-01 4.67802e-01
5.84000e-01 4.72709e-01
5.88000e-01 4.81497e-01
5.92000e-01 4.91826e-01
5.96000e-01 4.99029e-01
6.00000e-01 5.02030e-01
6.04000e-01 5.03233e-01
6.08000e-01 5.04091e-01
6.12000e-01 5.05113e-01
6.16000e-01 5.06566e-01
6.20000e-01 5.08615e-01
6.24000e-01 5.11413e-01
6.28000e-01 5.15373e-01
6.32000e-01 5.21668e-01
6.36000e-01 5.32813e-01
6.40000e-01 5.50272e-01
6.44000e-01 5.64563e-01
6.48000e-01 5.67829e-01
6.52000e-01 5.67945e-01
6.56000e-01 5.67945e-01
6.60000e-01 5.67945e-01
6.64000e-01 5.67945e-01
6.68000e-01 5.67945e-01
6.72000e-01 5.67945e-01
6.76000e-01 5.67945e-01
6.80000e-01 5.67945e-01
6.84000e-01 5.67945e-01
6.88000e-01 5.67943e-01
6.92000e-01 5.67935e-01
6.96000e-01 5.67888e-01
7.00000e-01 5.67631e-01
7.04000e-01 5.66450e-01
7.08000e-01 5.63200e-01
7.12000e-01 5.59999e-01
7.16000e-01 5.59300e-01
7.20000e-01 5.59265e-01
7.24000e-01 5.59248e-01
7.28000e-01 5.59156e-01
7.32000e-01 5.58406e-01
7.36000e-01 5.53202e-01
7.40000e-01 5.30762e-01
7.44000e-01 4.90204e-01
7.48000e-01 4.63174e-01
7.52000e-01 4.54457e-01
7.56000e-01 4.52897e-01
7.60000e-01 4.52843e-01
7.64000e-01 4.52938e-01
7.68000e-01 4.53627e-01
7.72000e-01 4.55998e-01
7.76000e-01 4.59253e-01
7.80000e-01 4.60141e-01
7.84000e-01 4.59999e-01
7.88000e-01 4.58523e-01
7.92000e-01 4.52589e-01
7.96000e-01 4.42605e-01
8.00000e-01 4.37913e-01
8.04000e-01 4.37555e-01
8.08000e-01 4.37585e-01
8.12000e-01 4.37807e-01
8.16000e-01 4.38552e-01
8.20000e-01 4.40245e-01
8.24000e-01 4.43220e-01
8.28000e-01 4.47507e-01
8.32000e-01 4.52768e-01
8.36000e-01 4.58459e-01
8.40000e-01 4.64077e-01
8.44000e-01 4.69317e-01
8.48000e-01 4.74079e-01
8.52000e-01 4.78365e-01
8.56000e-01 4.82166e-01
8.60000e-01 4.85392e-01
8.64000e-01 4.87928e-01
8.68000e-01 4.89767e-01
8.72000e-01 4.91069e-01
8.76000e-01 4.92059e-01
8.80000e-01 4.92923e-01
8.84000e-01 4.93791e-01
8.88000e-01 4.94752e-01
8.92000e-01 4.95866e-01
8.96000e-01 4.97172e-01
9.00000e-01 4.98688e-01
9.04000e-01 5.00417e-01
9.08000e-01 5.02352e-01
9.12000e-01 5.04478e-01
9.16000e-01 5.06769e-01
9.20000e-01 5.09173e-01
9.24000e-01 5.11583e-01
9.28000e-01 5.13840e-01
9.32000e-01 5.15793e-01
9.36000e-01 5.17386e-01
9.40000e-01 5.18681e-01
9.44000e-01 5.19800e-01
9.48000e-01 5.20867e-01
9.52000e-01 5.21998e-01
9.56000e-01 5.23329e-01
9.60000e-01 5.25095e-01
9.64000e-01 5.27831e-01
9.68000e-01 5.32837e-01
9.72000e-01 5.42917e-01
9.76000e-01 5.59889e-01
9.80000e-01 5.73570e-01
9.84000e-01 5.76276e-01
9.88000e-01 5.76296e-01
9.92000e-01 5.75678e-01
9.96000e-01 5.68817e-01
1.00000e+00 5.34329e-01
1.00400e+00 4.89478e-01
1.00800e+00 4.79473e-01
1.01200e+00 4.79375e-01
1.01600e+00 4.80052e-01
1.02000e+00 4.81676e-01
1.02400e+00 4.82422e-01
1.02800e+00 4.82424e-01
1.03200e+00 4.82101e-01
1.03600e+00 4.80289e-01
1.04000e+00 4.74621e-01
1.04400e+00 4.67226e-01
1.04800e+00 4.64759e-01
1.05200e+00 4.64659e-01
1.05600e+00 4.64722e-01
1.06000e+00 4.65127e-01
1.06400e+00 4.66571e-01
1.06800e+00 4.70518e-01
1.07200e+00 4.78447e-01
1.07600e+00 4.86773e-01
1.08000e+00 4.89483e-01
1.08400e+00 4.89643e-01
1.08800e+00 4.89644e-01
1.09200e+00 4.89644e-01
1.09600e+00 4.89644e-01
1.10000e+00 4.89644e-01
1.10400e+00 4.89644e-01
1.10800e+00 4.89644e-01
1.11200e+00 4.89644e-01
1.11600e+00 4.89645e-01
1.12000e+00 4.89646e-01
1.12400e+00 4.89648e-01
1.12800e+00 4.89655e-01
1.13200e+00 4.89672e-01
1.13600e+00 4.89721e-01
1.14000e+00 4.89860e-01
1.14400e+00 4.90270e-01
1.14800e+00 4.91499e-01
1.15200e+00 4.95007e-01
1.15600e+00 5.02645e-01
1.16000e+00 5.10339e-01
1.16400e+00 5.12123e-01
1.16800e+00 5.12056e-01
1.17200e+00 5.10840e-01
1.17600e+00 5.04330e-01
1.18000e+00 4.89238e-01
1.18400e+00 4.79164e-01
1.18800e+00 4.77919e-01
1.19200e+00 4.77909e-01
1.19600e+00 4.77938e-01
1.20000e+00 4.78081e-01
1.20400e+00 4.78491e-01
1.20800e+00 4.79372e-01
1.21200e+00 4.80972e-01
1.21600e+00 4.83718e-01
1.22000e+00 4.88638e-01
1.22400e+00 4.97858e-01
1.22800e+00 5.11997e-01
1.23200e+00 5.22099e-01
1.23600e+00 5.23720e-01
1.24000e+00 5.23635e-01
1.24400e+00 5.22213e-01
1.24800e+00 5.13037e-01
1.25200e+00 4.87351e-01
1.25600e+00 4.68089e-01
1.26000e+00 4.65733e-01
1.26400e+00 4.65863e-01
1.26800e+00 4.67040e-01
1.27200e+00 4.71045e-01
1.27600e+00 4.77368e-01
1.28000e+00 4.80423e-01
1.28400e+00 4.80636e-01
1.28800e+00 4.80517e-01
1.29200e+00 4.79485e-01
1.29600e+00 4.74504e-01
1.30000e+00 4.61382e-01
1.30400e+00 4.49246e-01
1.30800e+00 4.46747e-01
1.31200e+00 4.46682e-01
1.31600e+00 4.46690e-01
1.32000e+00 4.46736e-01
1.32400e+00 4.46858e-01
1.32800e+00 4.47020e-01
1.33200e+00 4.47135e-01
1.33600e+00 4.47201e-01
1.34000e+00 4.47264e-01
1.34400e+00 4.47380e-01
1.34800e+00 4.47656e-01
1.35200e+00 4.48341e-01
1.35600e+00 4.50008e-01
1.36000e+00 4.53765e-01
1.36400e+00 4.60202e-01
1.36800e+00 4.65658e-01
1.37200e+00 4.66993e-01
1.37600e+00 4.67048e-01
1.38000e+00 4.67049e-01
1.38400e+00 4.67049e-01
1.38800e+00 4.67049e-01
1.39200e+00 4.67049e-01
1.39600e+00 4.67050e-01
1.40000e+00 4.67052e-01
1.40400e+00 4.67059e-01
1.40800e+00 4.67076e-01
1.41200e+00 4.67118e-01
1.41600e+00 4.67210e-01
1.42000e+00 4.67404e-01
1.42400e+00 4.67777e-01
1.42800e+00 4.68416e-01
1.43200e+00 4.69371e-01
1.43600e+00 4.70647e-01
1.44000e+00 4.72333e-01
1.44400e+00 4.74869e-01
1.44800e+00 4.79276e-01
1.45200e+00 4.86231e-01
1.45600e+00 4.92199e-01
1.46000e+00 4.93737e-01
1.46400e+00 4.93805e-01
1.46800e+00 4.93806e-01
1.47200e+00 4.93806e-01
1.47600e+00 4.93806e-01
1.48000e+00 4.93807e-01
1.48400e+00 4.93809e-01
1.48800e+00 4.93818e-01
1.49200e+00 4.93849e-01
1.49600e+00 4.93963e-01
1.50000e+00 4.94388e-01
1.50400e+00 4.95893e-01
1.50800e+00 5.00018e-01
1.51200e+00 5.05358e-01
1.51600e+00 5.06915e-01
1.52000e+00 5.06812e-01
1.52400e+00 5.05219e-01
1.52800e+00 4.97546e-01
1.53200e+00 4.83161e-01
1.53600e+00 4.76332e-01
1.54000e+00 4.75898e-01
1.54400e+00 4.76046e-01
1.54800e+00 4.77028e-01
1.55200e+00 4.80403e-01
1.55600e+00 4.88663e-01
1.56000e+00 5.01442e-01
1.56400e+00 5.09453e-01
1.56800e+00 5.10637e-01
1.57200e+00 5.10660e-01
1.57600e+00 5.10660e-01
1.58000e+00 5.10660e-01
1.58400e+00 5.10657e-01
1.58800e+00 5.10636e-01
1.59200e+00 5.10494e-01
1.59600e+00 5.09590e-01
1.60000e+00 5.04629e-01
1.60400e+00 4.88000e-01
1.60800e+00 4.68128e-01
1.61200e+00 4.62852e-01
1.61600e+00 4.62681e-01
1.62000e+00 4.62719e-01
1.62400e+00 4.62958e-01
1.62800e+00 4.63715e-01
1.63200e+00 4.65428e-01
1.63600e+00 4.68486e-01
1.64000e+00 4.72757e-01
1.64400e+00 4.77139e-01
1.64800e+00 4.80359e-01
1.65200e+00 4.82414e-01
1.65600e+00 4.84162e-01
1.66000e+00 4.86685e-01
1.66400e+00 4.91815e-01
1.66800e+00 5.00955e-01
1.67200e+00 5.08040e-01
1.67600e+00 5.09011e-01
1.68000e+00 5.08584e-01
1.68400e+00 5.04178e-01
1.68800e+00 4.85370e-01
1.69200e+00 4.59298e-01
1.69600e+00 4.51649e-01
1.70000e+00 4.51421e-01
1.70400e+00 4.51610e-01
1.70800e+00 4.52346e-01
1.71200e+00 4.53184e-01
1.71600e+00 4.53458e-01
1.72000e+00 4.53509e-01
1.72400e+00 4.53552e-01
1.72800e+00 4.53661e-01
1.73200e+00 4.53982e-01
1.73600e+00 4.54855e-01
1.74000e+00 4.57049e-01
1.74400e+00 4.61940e-01
1.74800e+00 4.69743e-01
1.75200e+00 4.75384e-01
1.75600e+00 4.76458e-01
1.76000e+00 4.76489e-01
1.76400e+00 4.76489e-01
1.76800e+00 4.76489e-01
1.77200e+00 4.76489e-01
1.77600e+00 4.76489e-01
1.78000e+00 4.76489e-01
1.78400e+00 4.76490e-01
1.78800e+00 4.76491e-01
1.79200e+00 4.76493e-01
1.79600e+00 4.76499e-01
1.80000e+00 4.76513e-01
1.80400e+00 4.76546e-01
1.80800e+00 4.76614e-01
1.81200e+00 4.76750e-01
1.81600e+00 4.76998e-01
1.82000e+00 4.77420e-01
1.82400e+00 4.78102e-01
1.82800e+00 4.79186e-01
1.83200e+00 4.80983e-01
1.83600e+00 4.84241e-01
1.84000e+00 4.90579e-01
1.84400e+00 5.01685e-01
1.84800e+00 5.12995e-01
1.85200e+00 5.16636e-01
1.85600e+00 5.16812e-01
1.86000e+00 5.16749e-01
1.86400e+00 5.16029e-01
1.86800e+00 5.10963e-01
1.87200e+00 4.90318e-01
1.87600e+00 4.61450e-01
1.88000e+00 4.52704e-01
1.88400e+00 4.52368e-01
1.88800e+00 4.52414e-01
1.89200e+00 4.52676e-01
1.89600e+00 4.53305e-01
1.90000e+00 4.54217e-01
1.90400e+00 4.55292e-01
1.90800e+00 4.56753e-01
1.91200e+00 4.59348e-01
1.91600e+00 4.64144e-01
1.92000e+00 4.69905e-01
1.92400e+00 4.72426e-01
1.92800e+00 4.72659e-01
1.93200e+00 4.72662e-01
1.93600e+00 4.72662e-01
1.94000e+00 4.72662e-01
1.94400e+00 4.72662e-01
1.94800e+00 4.72662e-01
1.95200e+00 4.72662e-01
1.95600e+00 4.72662e-01
1.96000e+00 4.72662e-01
1.96400e+00 4.72663e-01
1.96800e+00 4.72666e-01
1.97200e+00 4.72672e-01
1.97600e+00 4.72688e-01
1.98000e+00 4.72729e-01
1.98400e+00 4.72837e-01
1.98800e+00 4.73077e-01
1.99200e+00 4.75155e-01
1.99600e+00 4.75352e-01
