0.00000e+00 4.89009e-01
4.00000e-03 4.89009e-01
8.00000e-03 4.89008e-01
1.20000e-02 4.88971e-01
1.60000e-02 4.88504e-01
2.00000e-02 4.84705e-01
2.40000e-02 4.68492e-01
2.80000e-02 4.45868e-01
3.20000e-02 4.39483e-01
3.60000e-02 4.39413e-01
4.00000e-02 4.40222e-01
4.40000e-02 4.43507e-01
4.80000e-02 4.50145e-01
5.20000e-02 4.56194e-01
5.60000e-02 4.58290e-01
6.00000e-02 4.58865e-01
6.40000e-02 4.59423e-01
6.80000e-02 4.60647e-01
7.20000e-02 4.63164e-01
7.60000e-02 4.66405e-01
8.00000e-02 4.68773e-01
8.40000e-02 4.70191e-01
8.80000e-02 4.71590e-01
9.20000e-02 4.74028e-01
9.60000e-02 4.79188e-01
1.00000e-01 4.89896e-01
1.04000e-01 5.09390e-01
1.08000e-01 5.32060e-01
1.12000e-01 5.41124e-01
1.16000e-01 5.41614e-01
1.20000e-01 5.41058e-01
1.24000e-01 5.35741e-01
1.28000e-01 5.14685e-01
1.32000e-01 4.90222e-01
1.36000e-01 4.85019e-01
1.40000e-01 4.85061e-01
1.44000e-01 4.86357e-01
1.48000e-01 4.92557e-01
1.52000e-01 5.08964e-01
1.56000e-01 5.21883e-01
1.60000e-01 5.21965e-01
1.64000e-01 5.09041e-01
1.68000e-01 4.62866e-01
1.72000e-01 4.32730e-01
1.76000e-01 4.30673e-01
1.80000e-01 4.31992e-01
1.84000e-01 4.37639e-01
1.88000e-01 4.48983e-01
1.92000e-01 4.66209e-01
1.96000e-01 4.90564e-01
2.00000e-01 5.15570e-01
2.04000e-01 5.24005e-01
2.08000e-01 5.23872e-01
2.12000e-01 5.16772e-01
2.16000e-01 4.76477e-01
2.20000e-01 4.23873e-01
2.24000e-01 4.12653e-01
2.28000e-01 4.12629e-01
2.32000e-01 4.13829e-01
2.36000e-01 4.17500e-01
2.40000e-01 4.23885e-01
2.44000e-01 4.31978e-01
2.48000e-01 4.40581e-01
2.52000e-01 4.49020e-01
2.56000e-01 4.57084e-01
2.60000e-01 4.64763e-01
2.64000e-01 4.72079e-01
2.68000e-01 4.79073e-01
2.72000e-01 4.85852e-01
2.76000e-01 4.92689e-01
2.80000e-01 5.00202e-01
2.84000e-01 5.09714e-01
2.88000e-01 5.23769e-01
2.92000e-01 5.44392e-01
2.96000e-01 5.63044e-01
3.00000e-01 5.68420e-01
3.04000e-01 5.68660e-01
3.08000e-01 5.68605e-01
3.12000e-01 5.67617e-01
3.16000e-01 5.56664e-01
3.20000e-01 5.05165e-01
3.24000e-01 4.51479e-01
3.28000e-01 4.42601e-01
3.32000e-01 4.42500e-01
3.36000e-01 4.42680e-01
3.40000e-01 4.43470e-01
3.44000e-01 4.45420e-01
3.48000e-01 4.48999e-01
3.52000e-01 4.54387e-01
3.56000e-01 4.61694e-01
3.60000e-01 4.71651e-01
3.64000e-01 4.85911e-01
3.68000e-01 5.03731e-01
3.72000e-01 5.15424e-01
3.76000e-01 5.17591e-01
3.80000e-01 5.17650e-01
3.84000e-01 5.17647e-01
3.88000e-01 5.17613e-01
3.92000e-01 5.17383e-01
3.96000e-01 5.16139e-01
4.00000e-01 5.11237e-01
4.04000e-01 5.02266e-01
4.08000e-01 4.98106e-01
4.12000e-01 4.97959e-01
4.16000e-01 4.98566e-01
4.20000e-01 5.00406e-01
4.24000e-01 5.01021e-01
4.28000e-01 5.00392e-01
4.32000e-01 4.94653e-01
4.36000e-01 4.75568e-01
4.40000e-01 4.57457e-01
4.44000e-01 4.54373e-01
4.48000e-01 4.54442e-01
4.52000e-01 4.55290e-01
4.56000e-01 4.58078e-01
4.60000e-01 4.63703e-01
4.64000e-01 4.72458e-01
4.68000e-01 4.85001e-01
4.72000e-01 5.02839e-01
4.76000e-01 5.23191e-01
4.80000e-01 5.33935e-01
4.84000e-01 5.35348e-01
4.88000e-01 5.35374e-01
4.92000e-01 5.35374e-01
4.96000e-01 5.35374e-01
5.00000e-01 5.35374e-01
5.04000e-01 5.35374e-01
5.08000e-01 5.35374e-01
5.12000e-01 5.35375e-01
5.16000e-01 5.35379e-01
5.20000e-01 5.35404e-01
5.24000e-01 5.35540e-01
5.28000e-01 5.36229e-01
5.32000e-01 5.38801e-01
5.36000e-01 5.42696e-01
5.40000e-01 5.43678e-01
5.44000e-01 5.43239e-01
5.48000e-01 5.38604e-01
5.52000e-01 5.21612e-01
5.56000e-01 5.04731e-01
5.60000e-01 5.02115e-01
5.64000e-01 5.02522e-01
5.68000e-01 5.05931e-01
5.72000e-01 5.15155e-01
5.76000e-01 5.20884e-01
5.80000e-01 5.20767e-01
5.84000e-01 5.15265e-01
5.88000e-01 4.93023e-01
5.92000e-01 4.70478e-01
5.96000e-01 4.66643e-01
6.00000e-01 4.66754e-01
6.04000e-01 4.67973e-01
6.08000e-01 4.71972e-01
6.12000e-01 4.80012e-01
6.16000e-01 4.90739e-01
6.20000e-01 4.99090e-01
6.24000e-01 5.02479e-01
6.28000e-01 5.03531e-01
6.32000e-01 5.04134e-01
6.36000e-01 5.04838e-01
6.40000e-01 5.05911e-01
6.44000e-01 5.07536e-01
6.48000e-01 5.09810e-01
6.52000e-01 5.12893e-01
6.56000e-01 5.17348e-01
6.60000e-01 5.24713e-01
6.64000e-01 5.37793e-01
6.68000e-01 5.55798e-01
6.72000e-01 5.66450e-01
6.76000e-01 5.67919e-01
6.80000e-01 5.67945e-01
6.84000e-01 5.67945e-01
6.88000e-01 5.67945e-01
6.92000e-01 5.67945e-01
6.96000e-01 5.67945e-01
7.00000e-01 5.67945e-01
7.04000e-01 5.67945e-01
7.08000e-01 5.67945e-01
7.12000e-01 5.67945e-01
7.16000e-01 5.67943e-01
7.20000e-01 5.67935e-01
7.24000e-01 5.67887e-01
7.28000e-01 5.67625e-01
7.32000e-01 5.66428e-01
7.36000e-01 5.63172e-01
7.40000e-01 5.60002e-01
7.44000e-01 5.59296e-01
7.48000e-01 5.59244e-01
7.52000e-01 5.59203e-01
7.56000e-01 5.58975e-01
7.60000e-01 5.57165e-01
7.64000e-01 5.44564e-01
7.68000e-01 5.00471e-01
7.72000e-01 4.59757e-01
7.76000e-01 4.53002e-01
7.80000e-01 4.52889e-01
7.84000e-01 4.52929e-01
7.88000e-01 4.53223e-01
7.92000e-01 4.54438e-01
7.96000e-01 4.57281e-01
8.00000e-01 4.59455e-01
8.04000e-01 4.59634e-01
8.08000e-01 4.59219e-01
8.12000e-01 4.56503e-01
8.16000e-01 4.48517e-01
8.20000e-01 4.39889e-01
8.24000e-01 4.37703e-01
8.28000e-01 4.37646e-01
8.32000e-01 4.37713e-01
8.36000e-01 4.38063e-01
8.40000e-01 4.39052e-01
8.44000e-01 4.41089e-01
8.48000e-01 4.44423e-01
8.52000e-01 4.48970e-01
8.56000e-01 4.54316e-01
8.60000e-01 4.59917e-01
8.64000e-01 4.65324e-01
8.68000e-01 4.70304e-01
8.72000e-01 4.74813e-01
8.76000e-01 4.78891e-01
8.80000e-01 4.82546e-01
8.84000e-01 4.85685e-01
8.88000e-01 4.88165e-01
8.92000e-01 4.89949e-01
8.96000e-01 4.91186e-01
9.00000e-01 4.92103e-01
9.04000e-01 4.92892e-01
9.08000e-01 4.93685e-01
9.12000e-01 4.94568e-01
9.16000e-01 4.95604e-01
9.20000e-01 4.96830e-01
9.24000e-01 4.98267e-01
9.28000e-01 4.99915e-01
9.32000e-01 5.01766e-01
9.36000e-01 5.03807e-01
9.40000e-01 5.06021e-01
9.44000e-01 5.08376e-01
9.48000e-01 5.10797e-01
9.52000e-01 5.13142e-01
9.56000e-01 5.15235e-01
9.60000e-01 5.16954e-01
9.64000e-01 5.18314e-01
9.68000e-01 5.19427e-01
9.72000e-01 5.20424e-01
9.76000e-01 5.21422e-01
9.80000e-01 5.22524e-01
9.84000e-01 5.23863e-01
9.88000e-01 5.25702e-01
9.92000e-01 5.28660e-01
9.96000e-01 5.34273e-01
1.00000e+00 5.45653e-01
1.00400e+00 5.63265e-01
1.00800e+00 5.74536e-01
1.01200e+00 5.75980e-01
1.01600e+00 5.75856e-01
1.02000e+00 5.73534e-01
1.02400e+00 5.55221e-01
1.02800e+00 5.07363e-01
1.03200e+00 4.81788e-01
1.03600e+00 4.80054e-01
1.04000e+00 4.80311e-01
1.04400e+00 4.81400e-01
1.04800e+00 4.82172e-01
1.05200e+00 4.82189e-01
1.05600e+00 4.81823e-01
1.06000e+00 4.79750e-01
1.06400e+00 4.73664e-01
1.06800e+00 4.66710e-01
1.07200e+00 4.64806e-01
1.07600e+00 4.64754e-01
1.08000e+00 4.64830e-01
1.08400e+00 4.65276e-01
1.08800e+00 4.66815e-01
1.09200e+00 4.70942e-01
1.09600e+00 4.79021e-01
1.10000e+00 4.87088e-01
1.10400e+00 4.89515e-01
1.10800e+00 4.89643e-01
1.11200e+00 4.89644e-01
1.11600e+00 4.89644e-01
1.12000e+00 4.89644e-01
1.12400e+00 4.89644e-01
1.12800e+00 4.89644e-01
1.13200e+00 4.89644e-01
1.13600e+00 4.89644e-01
1.14000e+00 4.89645e-01
1.14400e+00 4.89645e-01
1.14800e+00 4.89647e-01
1.15200e+00 4.89652e-01
1.15600e+00 4.89667e-01
1.16000e+00 4.89706e-01
1.16400e+00 4.89819e-01
1.16800e+00 4.90153e-01
1.17200e+00 4.91164e-01
1.17600e+00 4.94114e-01
1.18000e+00 5.00994e-01
1.18400e+00 5.09118e-01
1.18800e+00 5.11603e-01
1.19200e+00 5.11610e-01
1.19600e+00 5.10753e-01
1.20000e+00 5.05610e-01
1.20400e+00 4.91672e-01
1.20800e+00 4.79947e-01
1.21200e+00 4.77969e-01
1.21600e+00 4.77936e-01
1.22000e+00 4.77955e-01
1.22400e+00 4.78065e-01
1.22800e+00 4.78402e-01
1.23200e+00 4.79156e-01
1.23600e+00 4.80562e-01
1.24000e+00 4.82992e-01
1.24400e+00 4.87324e-01
1.24800e+00 4.95515e-01
1.25200e+00 5.09051e-01
1.25600e+00 5.20693e-01
1.26000e+00 5.23254e-01
1.26400e+00 5.23230e-01
1.26800e+00 5.22124e-01
1.27200e+00 5.14406e-01
1.27600e+00 4.90396e-01
1.28000e+00 4.69464e-01
1.28400e+00 4.66326e-01
1.28800e+00 4.66432e-01
1.29200e+00 4.67589e-01
1.29600e+00 4.71596e-01
1.30000e+00 4.77667e-01
1.30400e+00 4.80293e-01
1.30800e+00 4.80424e-01
1.31200e+00 4.80222e-01
1.31600e+00 4.78659e-01
1.32000e+00 4.71896e-01
1.32400e+00 4.57497e-01
1.32800e+00 4.47965e-01
1.33200e+00 4.46714e-01
1.33600e+00 4.46698e-01
1.34000e+00 4.46710e-01
1.34400e+00 4.46768e-01
1.34800e+00 4.46899e-01
1.35200e+00 4.47057e-01
1.35600e+00 4.47166e-01
1.36000e+00 4.47235e-01
1.36400e+00 4.47313e-01
1.36800e+00 4.47465e-01
1.37200e+00 4.47832e-01
1.37600e+00 4.48741e-01
1.38000e+00 4.50936e-01
1.38400e+00 4.55624e-01
1.38800e+00 4.62394e-01
1.39200e+00 4.66448e-01
1.39600e+00 4.67037e-01
1.40000e+00 4.67049e-01
1.40400e+00 4.67049e-01
1.40800e+00 4.67049e-01
1.41200e+00 4.67049e-01
1.41600e+00 4.67049e-01
1.42000e+00 4.67050e-01
1.42400e+00 4.67053e-01
1.42800e+00 4.67060e-01
1.43200e+00 4.67078e-01
1.43600e+00 4.67121e-01
1.44000e+00 4.67216e-01
1.44400e+00 4.67413e-01
1.44800e+00 4.67789e-01
1.45200e+00 4.68424e-01
1.45600e+00 4.69360e-01
1.46000e+00 4.70609e-01
1.46400e+00 4.72295e-01
1.46800e+00 4.74914e-01
1.47200e+00 4.79555e-01
1.47600e+00 4.86732e-01
1.48000e+00 4.92452e-01
1.48400e+00 4.93757e-01
1.48800e+00 4.93806e-01
1.49200e+00 4.93806e-01
1.49600e+00 4.93806e-01
1.50000e+00 4.93806e-01
1.50400e+00 4.93807e-01
1.50800e+00 4.93808e-01
1.51200e+00 4.93815e-01
1.51600e+00 4.93840e-01
1.52000e+00 4.93935e-01
1.52400e+00 4.94293e-01
1.52800e+00 4.95583e-01
1.53200e+00 4.99266e-01
1.53600e+00 5.04497e-01
1.54000e+00 5.06297e-01
1.54400e+00 5.06248e-01
1.54800e+00 5.04990e-01
1.55200e+00 4.98460e-01
1.55600e+00 4.84671e-01
1.56000e+00 4.76851e-01
1.56400e+00 4.76180e-01
1.56800e+00 4.76283e-01
1.57200e+00 4.77056e-01
1.57600e+00 4.79866e-01
1.58000e+00 4.87098e-01
1.58400e+00 4.99457e-01
1.58800e+00 5.08792e-01
1.59200e+00 5.10608e-01
1.59600e+00 5.10660e-01
1.60000e+00 5.10660e-01
1.60400e+00 5.10660e-01
1.60800e+00 5.10657e-01
1.61200e+00 5.10636e-01
1.61600e+00 5.10496e-01
1.62000e+00 5.09602e-01
1.62400e+00 5.04692e-01
1.62800e+00 4.88169e-01
1.63200e+00 4.68271e-01
1.63600e+00 4.62932e-01
1.64000e+00 4.62756e-01
1.64400e+00 4.62793e-01
1.64800e+00 4.63029e-01
1.65200e+00 4.63779e-01
1.65600e+00 4.65488e-01
1.66000e+00 4.68565e-01
1.66400e+00 4.72910e-01
1.66800e+00 4.77388e-01
1.67200e+00 4.80626e-01
1.67600e+00 4.82608e-01
1.68000e+00 4.84238e-01
1.68400e+00 4.86582e-01
1.68800e+00 4.91437e-01
1.69200e+00 5.00273e-01
1.69600e+00 5.07218e-01
1.70000e+00 5.08158e-01
1.70400e+00 5.07682e-01
1.70800e+00 5.02932e-01
1.71200e+00 4.83601e-01
1.71600e+00 4.58600e-01
1.72000e+00 4.51865e-01
1.72400e+00 4.51690e-01
1.72800e+00 4.51862e-01
1.73200e+00 4.52513e-01
1.73600e+00 4.53245e-01
1.74000e+00 4.53494e-01
1.74400e+00 4.53551e-01
1.74800e+00 4.53606e-01
1.75200e+00 4.53744e-01
1.75600e+00 4.54142e-01
1.76000e+00 4.55214e-01
1.76400e+00 4.57868e-01
1.76800e+00 4.63522e-01
1.77200e+00 4.71445e-01
1.77600e+00 4.75894e-01
1.78000e+00 4.76479e-01
1.78400e+00 4.76489e-01
1.78800e+00 4.76489e-01
1.79200e+00 4.76489e-01
1.79600e+00 4.76489e-01
1.80000e+00 4.76489e-01
1.80400e+00 4.76489e-01
1.80800e+00 4.76490e-01
1.81200e+00 4.76491e-01
1.81600e+00 4.76493e-01
1.82000e+00 4.76498e-01
1.82400e+00 4.76512e-01
1.82800e+00 4.76542e-01
1.83200e+00 4.76605e-01
1.83600e+00 4.76731e-01
1.84000e+00 4.76963e-01
1.84400e+00 4.77359e-01
1.84800e+00 4.77997e-01
1.85200e+00 4.79001e-01
1.85600e+00 4.80641e-01
1.86000e+00 4.83565e-01
1.86400e+00 4.89231e-01
1.86800e+00 4.99585e-01
1.87200e+00 5.11568e-01
1.87600e+00 5.16372e-01
1.88000e+00 5.16699e-01
1.88400e+00 5.16639e-01
1.88800e+00 5.15892e-01
1.89200e+00 5.10612e-01
1.89600e+00 4.89505e-01
1.90000e+00 4.61017e-01
1.90400e+00 4.52770e-01
1.90800e+00 4.52472e-01
1.91200e+00 4.52515e-01
1.91600e+00 4.52761e-01
1.92000e+00 4.53364e-01
1.92400e+00 4.54300e-01
1.92800e+00 4.55519e-01
1.93200e+00 4.57306e-01
1.93600e+00 4.60497e-01
1.94000e+00 4.65875e-01
1.94400e+00 4.71018e-01
1.94800e+00 4.72575e-01
1.95200e+00 4.72661e-01
1.95600e+00 4.72662e-01
1.96000e+00 4.72662e-01
1.96400e+00 4.72662e-01
1.96800e+00 4.72662e-01
1.97200e+00 4.72662e-01
1.97600e+00 4.72662e-01
1.98000e+00 4.72662e-01
1.98400e+00 4.72662e-01
1.98800e+00 4.72663e-01
1.99200e+00 4.72676e-01
1.99600e+00 4.72677e-01
