0.00000e+00 4.51628e-01
4.00000e-03 4.51628e-01
8.00000e-03 4.51635e-01
1.20000e-02 4.51731e-01
1.60000e-02 4.52559e-01
2.00000e-02 4.56912e-01
2.40000e-02 4.71340e-01
2.80000e-02 4.99609e-01
3.20000e-02 5.22658e-01
3.60000e-02 5.27053e-01
4.00000e-02 5.27090e-01
4.40000e-02 5.26550e-01
4.80000e-02 5.23010e-01
5.20000e-02 5.11574e-01
5.60000e-02 4.96960e-01
6.00000e-02 4.89369e-01
6.40000e-02 4.84280e-01
6.80000e-02 4.73941e-01
7.20000e-02 4.54072e-01
7.60000e-02 4.41891e-01
8.00000e-02 4.40746e-01
8.40000e-02 4.41010e-01
8.80000e-02 4.42695e-01
9.20000e-02 4.47324e-01
9.60000e-02 4.53902e-01
1.00000e-01 4.58008e-01
1.04000e-01 4.59204e-01
1.08000e-01 4.59692e-01
1.12000e-01 4.60305e-01
1.16000e-01 4.61552e-01
1.20000e-01 4.63840e-01
1.24000e-01 4.66768e-01
1.28000e-01 4.69211e-01
1.32000e-01 4.70871e-01
1.36000e-01 4.72337e-01
1.40000e-01 4.74356e-01
1.44000e-01 4.77923e-01
1.48000e-01 4.84667e-01
1.52000e-01 4.97351e-01
1.56000e-01 5.17847e-01
1.60000e-01 5.35934e-01
1.64000e-01 5.40267e-01
1.68000e-01 5.40284e-01
1.72000e-01 5.38992e-01
1.76000e-01 5.29948e-01
1.80000e-01 5.05200e-01
1.84000e-01 4.88465e-01
1.88000e-01 4.86990e-01
1.92000e-01 4.87662e-01
1.96000e-01 4.92389e-01
2.00000e-01 5.04298e-01
2.04000e-01 5.10334e-01
2.08000e-01 5.09111e-01
2.12000e-01 4.93956e-01
2.16000e-01 4.54989e-01
2.20000e-01 4.35826e-01
2.24000e-01 4.35001e-01
2.28000e-01 4.36245e-01
2.32000e-01 4.41222e-01
2.36000e-01 4.51509e-01
2.40000e-01 4.68542e-01
2.44000e-01 4.93614e-01
2.48000e-01 5.14619e-01
2.52000e-01 5.18338e-01
2.56000e-01 5.16709e-01
2.60000e-01 4.98594e-01
2.64000e-01 4.46362e-01
2.68000e-01 4.16896e-01
2.72000e-01 4.14890e-01
2.76000e-01 4.15441e-01
2.80000e-01 4.18117e-01
2.84000e-01 4.23826e-01
2.88000e-01 4.31705e-01
2.92000e-01 4.40097e-01
2.96000e-01 4.47951e-01
3.00000e-01 4.55071e-01
3.04000e-01 4.61653e-01
3.08000e-01 4.67909e-01
3.12000e-01 4.73947e-01
3.16000e-01 4.79788e-01
3.20000e-01 4.85434e-01
3.24000e-01 4.90942e-01
3.28000e-01 4.96507e-01
3.32000e-01 5.02596e-01
3.36000e-01 5.10240e-01
3.40000e-01 5.21588e-01
3.44000e-01 5.39514e-01
3.48000e-01 5.59578e-01
3.52000e-01 5.67725e-01
3.56000e-01 5.68248e-01
3.60000e-01 5.67944e-01
3.64000e-01 5.63071e-01
3.68000e-01 5.28459e-01
3.72000e-01 4.64462e-01
3.76000e-01 4.43815e-01
3.80000e-01 4.43113e-01
3.84000e-01 4.43319e-01
3.88000e-01 4.44345e-01
3.92000e-01 4.46797e-01
3.96000e-01 4.50870e-01
4.00000e-01 4.56371e-01
4.04000e-01 4.63252e-01
4.08000e-01 4.72246e-01
4.12000e-01 4.85101e-01
4.16000e-01 5.02027e-01
4.20000e-01 5.14659e-01
4.24000e-01 5.17530e-01
4.28000e-01 5.17638e-01
4.32000e-01 5.17637e-01
4.36000e-01 5.17623e-01
4.40000e-01 5.17521e-01
4.44000e-01 5.16936e-01
4.48000e-01 5.14226e-01
4.52000e-01 5.06861e-01
4.56000e-01 5.00137e-01
4.60000e-01 4.99051e-01
4.64000e-01 4.99139e-01
4.68000e-01 4.99385e-01
4.72000e-01 4.99340e-01
4.76000e-01 4.98205e-01
4.80000e-01 4.91143e-01
4.84000e-01 4.72018e-01
4.88000e-01 4.57264e-01
4.92000e-01 4.55301e-01
4.96000e-01 4.55383e-01
5.00000e-01 4.56124e-01
5.04000e-01 4.58505e-01
5.08000e-01 4.63293e-01
5.12000e-01 4.70650e-01
5.16000e-01 4.80841e-01
5.20000e-01 4.95259e-01
5.24000e-01 5.14609e-01
5.28000e-01 5.30707e-01
5.32000e-01 5.35149e-01
5.36000e-01 5.35373e-01
5.40000e-01 5.35374e-01
5.44000e-01 5.35374e-01
5.48000e-01 5.35374e-01
5.52000e-01 5.35374e-01
5.56000e-01 5.35374e-01
5.60000e-01 5.35374e-01
5.64000e-01 5.35375e-01
5.68000e-01 5.35379e-01
5.72000e-01 5.35403e-01
5.76000e-01 5.35536e-01
5.80000e-01 5.36210e-01
5.84000e-01 5.38533e-01
5.88000e-01 5.41368e-01
5.92000e-01 5.41818e-01
5.96000e-01 5.41251e-01
6.00000e-01 5.36220e-01
6.04000e-01 5.20027e-01
6.08000e-01 5.06454e-01
6.12000e-01 5.04937e-01
6.16000e-01 5.05667e-01
6.20000e-01 5.09908e-01
6.24000e-01 5.15248e-01
6.28000e-01 5.15782e-01
6.32000e-01 5.13380e-01
6.36000e-01 4.99267e-01
6.40000e-01 4.76055e-01
6.44000e-01 4.68256e-01
6.48000e-01 4.68059e-01
6.52000e-01 4.68612e-01
6.56000e-01 4.71136e-01
6.60000e-01 4.77436e-01
6.64000e-01 4.88109e-01
6.68000e-01 4.98714e-01
6.72000e-01 5.03258e-01
6.76000e-01 5.04106e-01
6.80000e-01 5.04358e-01
6.84000e-01 5.04622e-01
6.88000e-01 5.05104e-01
6.92000e-01 5.06009e-01
6.96000e-01 5.07495e-01
7.00000e-01 5.09612e-01
7.04000e-01 5.12393e-01
7.08000e-01 5.16159e-01
7.12000e-01 5.21979e-01
7.16000e-01 5.32255e-01
7.20000e-01 5.48932e-01
7.24000e-01 5.63853e-01
7.28000e-01 5.67776e-01
7.32000e-01 5.67944e-01
7.36000e-01 5.67945e-01
7.40000e-01 5.67945e-01
7.44000e-01 5.67945e-01
7.48000e-01 5.67945e-01
7.52000e-01 5.67945e-01
7.56000e-01 5.67945e-01
7.60000e-01 5.67945e-01
7.64000e-01 5.67945e-01
7.68000e-01 5.67945e-01
7.72000e-01 5.67943e-01
7.76000e-01 5.67935e-01
7.80000e-01 5.67886e-01
7.84000e-01 5.67619e-01
7.88000e-01 5.66421e-01
7.92000e-01 5.63234e-01
7.96000e-01 5.60133e-01
8.00000e-01 5.59319e-01
8.04000e-01 5.59111e-01
8.08000e-01 5.58508e-01
8.12000e-01 5.53159e-01
8.16000e-01 5.22140e-01
8.20000e-01 4.70074e-01
8.24000e-01 4.53751e-01
8.28000e-01 4.53177e-01
8.32000e-01 4.53315e-01
8.36000e-01 4.54189e-01
8.40000e-01 4.56517e-01
8.44000e-01 4.58562e-01
8.48000e-01 4.58801e-01
8.52000e-01 4.58535e-01
8.56000e-01 4.56604e-01
8.60000e-01 4.50105e-01
8.64000e-01 4.41185e-01
8.68000e-01 4.37966e-01
8.72000e-01 4.37800e-01
8.76000e-01 4.37835e-01
8.80000e-01 4.38056e-01
8.84000e-01 4.38761e-01
8.88000e-01 4.40330e-01
8.92000e-01 4.43077e-01
8.96000e-01 4.47051e-01
9.00000e-01 4.51969e-01
9.04000e-01 4.57334e-01
9.08000e-01 4.62649e-01
9.12000e-01 4.67590e-01
9.16000e-01 4.72050e-01
9.20000e-01 4.76079e-01
9.24000e-01 4.79777e-01
9.28000e-01 4.83181e-01
9.32000e-01 4.86193e-01
9.36000e-01 4.88610e-01
9.40000e-01 4.90317e-01
9.44000e-01 4.91435e-01
9.48000e-01 4.92214e-01
9.52000e-01 4.92859e-01
9.56000e-01 4.93506e-01
9.60000e-01 4.94242e-01
9.64000e-01 4.95127e-01
9.68000e-01 4.96203e-01
9.72000e-01 4.97490e-01
9.76000e-01 4.98990e-01
9.80000e-01 5.00690e-01
9.84000e-01 5.02571e-01
9.88000e-01 5.04620e-01
9.92000e-01 5.06828e-01
9.96000e-01 5.09177e-01
1.00000e+00 5.11597e-01
1.00400e+00 5.13935e-01
1.00800e+00 5.15982e-01
1.01200e+00 5.17597e-01
1.01600e+00 5.18810e-01
1.02000e+00 5.19764e-01
1.02400e+00 5.20608e-01
1.02800e+00 5.21452e-01
1.03200e+00 5.22378e-01
1.03600e+00 5.23468e-01
1.04000e+00 5.24865e-01
1.04400e+00 5.26913e-01
1.04800e+00 5.30505e-01
1.05200e+00 5.37895e-01
1.05600e+00 5.52514e-01
1.06000e+00 5.69212e-01
1.06400e+00 5.74480e-01
1.06800e+00 5.74521e-01
1.07200e+00 5.72195e-01
1.07600e+00 5.53342e-01
1.08000e+00 5.06423e-01
1.08400e+00 4.82797e-01
1.08800e+00 4.81252e-01
1.09200e+00 4.81357e-01
1.09600e+00 4.81588e-01
1.10000e+00 4.81577e-01
1.10400e+00 4.81089e-01
1.10800e+00 4.78510e-01
1.11200e+00 4.71905e-01
1.11600e+00 4.66045e-01
1.12000e+00 4.64938e-01
1.12400e+00 4.64930e-01
1.12800e+00 4.65037e-01
1.13200e+00 4.65569e-01
1.13600e+00 4.67308e-01
1.14000e+00 4.71811e-01
1.14400e+00 4.80160e-01
1.14800e+00 4.87652e-01
1.15200e+00 4.89563e-01
1.15600e+00 4.89644e-01
1.16000e+00 4.89644e-01
1.16400e+00 4.89644e-01
1.16800e+00 4.89644e-01
1.17200e+00 4.89644e-01
1.17600e+00 4.89644e-01
1.18000e+00 4.89644e-01
1.18400e+00 4.89644e-01
1.18800e+00 4.89644e-01
1.19200e+00 4.89645e-01
1.19600e+00 4.89646e-01
1.20000e+00 4.89649e-01
1.20400e+00 4.89658e-01
1.20800e+00 4.89684e-01
1.21200e+00 4.89758e-01
1.21600e+00 4.89982e-01
1.22000e+00 4.90667e-01
1.22400e+00 4.92735e-01
1.22800e+00 4.98106e-01
1.23200e+00 5.06389e-01
1.23600e+00 5.10470e-01
1.24000e+00 5.10707e-01
1.24400e+00 5.10309e-01
1.24800e+00 5.07221e-01
1.25200e+00 4.96264e-01
1.25600e+00 4.82291e-01
1.26000e+00 4.78156e-01
1.26400e+00 4.77987e-01
1.26800e+00 4.77995e-01
1.27200e+00 4.78057e-01
1.27600e+00 4.78277e-01
1.28000e+00 4.78820e-01
1.28400e+00 4.79894e-01
1.28800e+00 4.81797e-01
1.29200e+00 4.85179e-01
1.29600e+00 4.91609e-01
1.30000e+00 5.03369e-01
1.30400e+00 5.16989e-01
1.30800e+00 5.22072e-01
1.31200e+00 5.22268e-01
1.31600e+00 5.21645e-01
1.32000e+00 5.16367e-01
1.32400e+00 4.96351e-01
1.32800e+00 4.72935e-01
1.33200e+00 4.67727e-01
1.33600e+00 4.67744e-01
1.34000e+00 4.68784e-01
1.34400e+00 4.72594e-01
1.34800e+00 4.77970e-01
1.35200e+00 4.79824e-01
1.35600e+00 4.79842e-01
1.36000e+00 4.79302e-01
1.36400e+00 4.75982e-01
1.36800e+00 4.65125e-01
1.37200e+00 4.51304e-01
1.37600e+00 4.46936e-01
1.38000e+00 4.46726e-01
1.38400e+00 4.46728e-01
1.38800e+00 4.46752e-01
1.39200e+00 4.46833e-01
1.39600e+00 4.46979e-01
1.40000e+00 4.47129e-01
1.40400e+00 4.47234e-01
1.40800e+00 4.47320e-01
1.41200e+00 4.47445e-01
1.41600e+00 4.47711e-01
1.42000e+00 4.48363e-01
1.42400e+00 4.49969e-01
1.42800e+00 4.53641e-01
1.43200e+00 4.60036e-01
1.43600e+00 4.65585e-01
1.44000e+00 4.66988e-01
1.44400e+00 4.67048e-01
1.44800e+00 4.67049e-01
1.45200e+00 4.67049e-01
1.45600e+00 4.67049e-01
1.46000e+00 4.67049e-01
1.46400e+00 4.67049e-01
1.46800e+00 4.67050e-01
1.47200e+00 4.67053e-01
1.47600e+00 4.67061e-01
1.48000e+00 4.67081e-01
1.48400e+00 4.67127e-01
1.48800e+00 4.67227e-01
1.49200e+00 4.67431e-01
1.49600e+00 4.67811e-01
1.50000e+00 4.68434e-01
1.50400e+00 4.69334e-01
1.50800e+00 4.70542e-01
1.51200e+00 4.72248e-01
1.51600e+00 4.75059e-01
1.52000e+00 4.80179e-01
1.52400e+00 4.87697e-01
1.52800e+00 4.92855e-01
1.53200e+00 4.93781e-01
1.53600e+00 4.93806e-01
1.54000e+00 4.93806e-01
1.54400e+00 4.93806e-01
1.54800e+00 4.93806e-01
1.55200e+00 4.93806e-01
1.55600e+00 4.93808e-01
1.56000e+00 4.93812e-01
1.56400e+00 4.93829e-01
1.56800e+00 4.93895e-01
1.57200e+00 4.94151e-01
1.57600e+00 4.95101e-01
1.58000e+00 4.98012e-01
1.58400e+00 5.02881e-01
1.58800e+00 5.05134e-01
1.59200e+00 5.05180e-01
1.59600e+00 5.04411e-01
1.60000e+00 4.99752e-01
1.60400e+00 4.87600e-01
1.60800e+00 4.78060e-01
1.61200e+00 4.76703e-01
1.61600e+00 4.76742e-01
1.62000e+00 4.77209e-01
1.62400e+00 4.79123e-01
1.62800e+00 4.84520e-01
1.63200e+00 4.95379e-01
1.63600e+00 5.06768e-01
1.64000e+00 5.10447e-01
1.64400e+00 5.10658e-01
1.64800e+00 5.10660e-01
1.65200e+00 5.10659e-01
1.65600e+00 5.10656e-01
1.66000e+00 5.10636e-01
1.66400e+00 5.10500e-01
1.66800e+00 5.09628e-01
1.67200e+00 5.04832e-01
1.67600e+00 4.88539e-01
1.68000e+00 4.68577e-01
1.68400e+00 4.63093e-01
1.68800e+00 4.62904e-01
1.69200e+00 4.62940e-01
1.69600e+00 4.63169e-01
1.70000e+00 4.63906e-01
1.70400e+00 4.65606e-01
1.70800e+00 4.68727e-01
1.71200e+00 4.73232e-01
1.71600e+00 4.77916e-01
1.72000e+00 4.81187e-01
1.72400e+00 4.83030e-01
1.72800e+00 4.84449e-01
1.73200e+00 4.86501e-01
1.73600e+00 4.90918e-01
1.74000e+00 4.99164e-01
1.74400e+00 5.05553e-01
1.74800e+00 5.06332e-01
1.75200e+00 5.05738e-01
1.75600e+00 5.00272e-01
1.76000e+00 4.80139e-01
1.76400e+00 4.57413e-01
1.76800e+00 4.52225e-01
1.77200e+00 4.52121e-01
1.77600e+00 4.52258e-01
1.78000e+00 4.52759e-01
1.78400e+00 4.53339e-01
1.78800e+00 4.53576e-01
1.79200e+00 4.53655e-01
1.79600e+00 4.53743e-01
1.80000e+00 4.53961e-01
1.80400e+00 4.54570e-01
1.80800e+00 4.56169e-01
1.81200e+00 4.59969e-01
1.81600e+00 4.67056e-01
1.82000e+00 4.74138e-01
1.82400e+00 4.76361e-01
1.82800e+00 4.76489e-01
1.83200e+00 4.76489e-01
1.83600e+00 4.76489e-01
1.84000e+00 4.76489e-01
1.84400e+00 4.76489e-01
1.84800e+00 4.76489e-01
1.85200e+00 4.76489e-01
1.85600e+00 4.76490e-01
1.86000e+00 4.76490e-01
1.86400e+00 4.76492e-01
1.86800e+00 4.76497e-01
1.87200e+00 4.76509e-01
1.87600e+00 4.76535e-01
1.88000e+00 4.76590e-01
1.88400e+00 4.76699e-01
1.88800e+00 4.76902e-01
1.89200e+00 4.77250e-01
1.89600e+00 4.77811e-01
1.90000e+00 4.78682e-01
1.90400e+00 4.80063e-01
1.90800e+00 4.82440e-01
1.91200e+00 4.86972e-01
1.91600e+00 4.95725e-01
1.92000e+00 5.08162e-01
1.92400e+00 5.15473e-01
1.92800e+00 5.16366e-01
1.93200e+00 5.16315e-01
1.93600e+00 5.15529e-01
1.94000e+00 5.09865e-01
1.94400e+00 4.87981e-01
1.94800e+00 4.60279e-01
1.95200e+00 4.52894e-01
1.95600e+00 4.52656e-01
1.96000e+00 4.52695e-01
1.96400e+00 4.52918e-01
1.96800e+00 4.53492e-01
1.97200e+00 4.54507e-01
1.97600e+00 4.56095e-01
1.98000e+00 4.58768e-01
1.98400e+00 4.63424e-01
1.98800e+00 4.69274e-01
1.99200e+00 4.72359e-01
1.99600e+00 4.72433e-01
