0.00000e+00 4.17456e-01
4.00000e-03 4.17457e-01
8.00000e-03 4.17472e-01
1.20000e-02 4.17674e-01
1.60000e-02 4.19139e-01
2.00000e-02 4.25529e-01
2.40000e-02 4.42108e-01
2.80000e-02 4.62530e-01
3.20000e-02 4.69763e-01
3.60000e-02 4.70056e-01
4.00000e-02 4.69660e-01
4.40000e-02 4.67089e-01
4.80000e-02 4.60009e-01
5.20000e-02 4.53806e-01
5.60000e-02 4.52915e-01
6.00000e-02 4.53123e-01
6.40000e-02 4.54600e-01
6.80000e-02 4.59427e-01
7.20000e-02 4.70539e-01
7.60000e-02 4.90734e-01
8.00000e-02 5.14682e-01
8.40000e-02 5.25570e-01
8.80000e-02 5.26524e-01
9.20000e-02 5.26465e-01
9.60000e-02 5.25800e-01
1.00000e-01 5.22691e-01
1.04000e-01 5.14200e-01
1.08000e-01 4.98758e-01
1.12000e-01 4.75953e-01
1.16000e-01 4.52221e-01
1.20000e-01 4.42458e-01
1.24000e-01 4.41689e-01
1.28000e-01 4.41799e-01
1.32000e-01 4.42637e-01
1.36000e-01 4.45468e-01
1.40000e-01 4.51090e-01
1.44000e-01 4.56863e-01
1.48000e-01 4.59366e-01
1.52000e-01 4.60009e-01
1.56000e-01 4.60382e-01
1.60000e-01 4.60970e-01
1.64000e-01 4.62189e-01
1.68000e-01 4.64374e-01
1.72000e-01 4.67213e-01
1.76000e-01 4.69738e-01
1.80000e-01 4.71522e-01
1.84000e-01 4.72971e-01
1.88000e-01 4.74675e-01
1.92000e-01 4.77311e-01
1.96000e-01 4.81875e-01
2.00000e-01 4.90136e-01
2.04000e-01 5.04968e-01
2.08000e-01 5.25469e-01
2.12000e-01 5.37673e-01
2.16000e-01 5.39111e-01
2.20000e-01 5.38894e-01
2.24000e-01 5.36156e-01
2.28000e-01 5.22119e-01
2.32000e-01 4.98262e-01
2.36000e-01 4.90390e-01
2.40000e-01 4.90496e-01
2.44000e-01 4.93440e-01
2.48000e-01 4.99963e-01
2.52000e-01 5.01498e-01
2.56000e-01 4.98881e-01
2.60000e-01 4.80613e-01
2.64000e-01 4.48752e-01
2.68000e-01 4.38273e-01
2.72000e-01 4.38133e-01
2.76000e-01 4.39445e-01
2.80000e-01 4.44173e-01
2.84000e-01 4.54414e-01
2.88000e-01 4.72918e-01
2.92000e-01 4.98059e-01
2.96000e-01 5.10928e-01
3.00000e-01 5.11310e-01
3.04000e-01 5.05388e-01
3.08000e-01 4.71746e-01
3.12000e-01 4.27331e-01
3.16000e-01 4.17513e-01
3.20000e-01 4.17553e-01
3.24000e-01 4.19063e-01
3.28000e-01 4.23501e-01
3.32000e-01 4.30831e-01
3.36000e-01 4.39299e-01
3.40000e-01 4.47169e-01
3.44000e-01 4.53872e-01
3.48000e-01 4.59671e-01
3.52000e-01 4.65001e-01
3.56000e-01 4.70158e-01
3.60000e-01 4.75260e-01
3.64000e-01 4.80303e-01
3.68000e-01 4.85232e-01
3.72000e-01 4.90004e-01
3.76000e-01 4.94639e-01
3.80000e-01 4.99275e-01
3.84000e-01 5.04270e-01
3.88000e-01 5.10444e-01
3.92000e-01 5.19666e-01
3.96000e-01 5.35246e-01
4.00000e-01 5.55739e-01
4.04000e-01 5.65967e-01
4.08000e-01 5.66603e-01
4.12000e-01 5.64944e-01
4.16000e-01 5.46182e-01
4.20000e-01 4.85293e-01
4.24000e-01 4.47293e-01
4.28000e-01 4.44123e-01
4.32000e-01 4.44278e-01
4.36000e-01 4.45324e-01
4.40000e-01 4.48057e-01
4.44000e-01 4.52533e-01
4.48000e-01 4.58191e-01
4.52000e-01 4.64739e-01
4.56000e-01 4.72848e-01
4.60000e-01 4.84286e-01
4.64000e-01 5.00082e-01
4.68000e-01 5.13588e-01
4.72000e-01 5.17430e-01
4.76000e-01 5.17630e-01
4.80000e-01 5.17630e-01
4.84000e-01 5.17624e-01
4.88000e-01 5.17581e-01
4.92000e-01 5.17325e-01
4.96000e-01 5.16056e-01
5.00000e-01 5.11500e-01
5.04000e-01 5.03679e-01
5.08000e-01 4.99712e-01
5.12000e-01 4.99232e-01
5.16000e-01 4.99111e-01
5.20000e-01 4.98761e-01
5.24000e-01 4.96738e-01
5.28000e-01 4.87588e-01
5.32000e-01 4.68262e-01
5.36000e-01 4.57041e-01
5.40000e-01 4.56007e-01
5.44000e-01 4.56102e-01
5.48000e-01 4.56793e-01
5.52000e-01 4.58917e-01
5.56000e-01 4.63127e-01
5.60000e-01 4.69489e-01
5.64000e-01 4.77961e-01
5.68000e-01 4.89448e-01
5.72000e-01 5.05794e-01
5.76000e-01 5.24487e-01
5.80000e-01 5.34140e-01
5.84000e-01 5.35354e-01
5.88000e-01 5.35374e-01
5.92000e-01 5.35374e-01
5.96000e-01 5.35374e-01
6.00000e-01 5.35374e-01
6.04000e-01 5.35374e-01
6.08000e-01 5.35374e-01
6.12000e-01 5.35374e-01
6.16000e-01 5.35375e-01
6.20000e-01 5.35379e-01
6.24000e-01 5.35404e-01
6.28000e-01 5.35542e-01
6.32000e-01 5.36228e-01
6.36000e-01 5.38305e-01
6.40000e-01 5.40196e-01
6.44000e-01 5.40335e-01
6.48000e-01 5.39592e-01
6.52000e-01 5.34100e-01
6.56000e-01 5.18989e-01
6.60000e-01 5.08662e-01
6.64000e-01 5.07883e-01
6.68000e-01 5.08712e-01
6.72000e-01 5.11170e-01
6.76000e-01 5.11787e-01
6.80000e-01 5.10619e-01
6.84000e-01 5.01932e-01
6.88000e-01 4.81537e-01
6.92000e-01 4.70075e-01
6.96000e-01 4.69210e-01
7.00000e-01 4.69455e-01
7.04000e-01 4.70995e-01
7.08000e-01 4.75710e-01
7.12000e-01 4.85470e-01
7.16000e-01 4.97584e-01
7.20000e-01 5.03600e-01
7.24000e-01 5.04448e-01
7.28000e-01 5.04542e-01
7.32000e-01 5.04617e-01
7.36000e-01 5.04780e-01
7.40000e-01 5.05174e-01
7.44000e-01 5.05993e-01
7.48000e-01 5.07402e-01
7.52000e-01 5.09433e-01
7.56000e-01 5.12031e-01
7.60000e-01 5.15326e-01
7.64000e-01 5.20023e-01
7.68000e-01 5.27953e-01
7.72000e-01 5.41946e-01
7.76000e-01 5.59185e-01
7.80000e-01 5.67173e-01
7.84000e-01 5.67937e-01
7.88000e-01 5.67945e-01
7.92000e-01 5.67945e-01
7.96000e-01 5.67945e-01
8.00000e-01 5.67945e-01
8.04000e-01 5.67945e-01
8.08000e-01 5.67945e-01
8.12000e-01 5.67945e-01
8.16000e-01 5.67945e-01
8.20000e-01 5.67945e-01
8.24000e-01 5.67945e-01
8.28000e-01 5.67943e-01
8.32000e-01 5.67934e-01
8.36000e-01 5.67885e-01
8.40000e-01 5.67627e-01
8.44000e-01 5.66564e-01
8.48000e-01 5.64056e-01
8.52000e-01 5.61502e-01
8.56000e-01 5.59797e-01
8.60000e-01 5.56367e-01
8.64000e-01 5.37987e-01
8.68000e-01 4.87463e-01
8.72000e-01 4.56720e-01
8.76000e-01 4.54124e-01
8.80000e-01 4.54337e-01
8.84000e-01 4.55654e-01
8.88000e-01 4.57603e-01
8.92000e-01 4.58052e-01
8.96000e-01 4.57893e-01
9.00000e-01 4.56523e-01
9.04000e-01 4.51302e-01
9.08000e-01 4.42551e-01
9.12000e-01 4.38290e-01
9.16000e-01 4.37934e-01
9.20000e-01 4.37950e-01
9.24000e-01 4.38089e-01
9.28000e-01 4.38585e-01
9.32000e-01 4.39778e-01
9.36000e-01 4.42007e-01
9.40000e-01 4.45427e-01
9.44000e-01 4.49887e-01
9.48000e-01 4.54974e-01
9.52000e-01 4.60183e-01
9.56000e-01 4.65112e-01
9.60000e-01 4.69557e-01
9.64000e-01 4.73514e-01
9.68000e-01 4.77100e-01
9.72000e-01 4.80458e-01
9.76000e-01 4.83659e-01
9.80000e-01 4.86608e-01
9.84000e-01 4.89029e-01
9.88000e-01 4.90701e-01
9.92000e-01 4.91715e-01
9.96000e-01 4.92357e-01
1.00000e+00 4.92863e-01
1.00400e+00 4.93370e-01
1.00800e+00 4.93965e-01
1.01200e+00 4.94707e-01
1.01600e+00 4.95640e-01
1.02000e+00 4.96788e-01
1.02400e+00 4.98154e-01
1.02800e+00 4.99723e-01
1.03200e+00 5.01469e-01
1.03600e+00 5.03367e-01
1.04000e+00 5.05409e-01
1.04400e+00 5.07599e-01
1.04800e+00 5.09940e-01
1.05200e+00 5.12374e-01
1.05600e+00 5.14728e-01
1.06000e+00 5.16739e-01
1.06400e+00 5.18242e-01
1.06800e+00 5.19295e-01
1.07200e+00 5.20085e-01
1.07600e+00 5.20779e-01
1.08000e+00 5.21487e-01
1.08400e+00 5.22278e-01
1.08800e+00 5.23197e-01
1.09200e+00 5.24313e-01
1.09600e+00 5.25812e-01
1.10000e+00 5.28228e-01
1.10400e+00 5.33065e-01
1.10800e+00 5.43773e-01
1.11200e+00 5.61179e-01
1.11600e+00 5.71178e-01
1.12000e+00 5.71817e-01
1.12400e+00 5.69799e-01
1.12800e+00 5.51966e-01
1.13200e+00 5.06881e-01
1.13600e+00 4.83352e-01
1.14000e+00 4.81466e-01
1.14400e+00 4.81357e-01
1.14800e+00 4.81172e-01
1.15200e+00 4.80307e-01
1.15600e+00 4.76989e-01
1.16000e+00 4.70201e-01
1.16400e+00 4.65665e-01
1.16800e+00 4.65084e-01
1.17200e+00 4.65093e-01
1.17600e+00 4.65235e-01
1.18000e+00 4.65860e-01
1.18400e+00 4.67814e-01
1.18800e+00 4.72713e-01
1.19200e+00 4.81277e-01
1.19600e+00 4.88127e-01
1.20000e+00 4.89595e-01
1.20400e+00 4.89644e-01
1.20800e+00 4.89644e-01
1.21200e+00 4.89644e-01
1.21600e+00 4.89644e-01
1.22000e+00 4.89644e-01
1.22400e+00 4.89644e-01
1.22800e+00 4.89644e-01
1.23200e+00 4.89644e-01
1.23600e+00 4.89644e-01
1.24000e+00 4.89645e-01
1.24400e+00 4.89645e-01
1.24800e+00 4.89647e-01
1.25200e+00 4.89653e-01
1.25600e+00 4.89670e-01
1.26000e+00 4.89719e-01
1.26400e+00 4.89869e-01
1.26800e+00 4.90335e-01
1.27200e+00 4.91776e-01
1.27600e+00 4.95818e-01
1.28000e+00 5.03488e-01
1.28400e+00 5.09099e-01
1.28800e+00 5.09833e-01
1.29200e+00 5.09657e-01
1.29600e+00 5.07881e-01
1.30000e+00 4.99984e-01
1.30400e+00 4.85592e-01
1.30800e+00 4.78606e-01
1.31200e+00 4.78037e-01
1.31600e+00 4.78037e-01
1.32000e+00 4.78069e-01
1.32400e+00 4.78209e-01
1.32800e+00 4.78589e-01
1.33200e+00 4.79395e-01
1.33600e+00 4.80878e-01
1.34000e+00 4.83536e-01
1.34400e+00 4.88592e-01
1.34800e+00 4.98384e-01
1.35200e+00 5.12425e-01
1.35600e+00 5.20396e-01
1.36000e+00 5.21161e-01
1.36400e+00 5.20832e-01
1.36800e+00 5.17398e-01
1.37200e+00 5.01721e-01
1.37600e+00 4.77386e-01
1.38000e+00 4.69432e-01
1.38400e+00 4.69268e-01
1.38800e+00 4.70097e-01
1.39200e+00 4.73456e-01
1.39600e+00 4.77881e-01
1.40000e+00 4.79051e-01
1.40400e+00 4.78952e-01
1.40800e+00 4.77669e-01
1.41200e+00 4.71467e-01
1.41600e+00 4.57630e-01
1.42000e+00 4.48084e-01
1.42400e+00 4.46768e-01
1.42800e+00 4.46750e-01
1.43200e+00 4.46757e-01
1.43600e+00 4.46798e-01
1.44000e+00 4.46901e-01
1.44400e+00 4.47056e-01
1.44800e+00 4.47202e-01
1.45200e+00 4.47315e-01
1.45600e+00 4.47437e-01
1.46000e+00 4.47646e-01
1.46400e+00 4.48121e-01
1.46800e+00 4.49284e-01
1.47200e+00 4.52054e-01
1.47600e+00 4.57579e-01
1.48000e+00 4.64104e-01
1.48400e+00 4.66814e-01
1.48800e+00 4.67046e-01
1.49200e+00 4.67049e-01
1.49600e+00 4.67049e-01
1.50000e+00 4.67049e-01
1.50400e+00 4.67049e-01
1.50800e+00 4.67049e-01
1.51200e+00 4.67049e-01
1.51600e+00 4.67051e-01
1.52000e+00 4.67054e-01
1.52400e+00 4.67063e-01
1.52800e+00 4.67084e-01
1.53200e+00 4.67133e-01
1.53600e+00 4.67238e-01
1.54000e+00 4.67449e-01
1.54400e+00 4.67830e-01
1.54800e+00 4.68439e-01
1.55200e+00 4.69306e-01
1.55600e+00 4.70488e-01
1.56000e+00 4.72237e-01
1.56400e+00 4.75273e-01
1.56800e+00 4.80873e-01
1.57200e+00 4.88596e-01
1.57600e+00 4.93146e-01
1.58000e+00 4.93793e-01
1.58400e+00 4.93806e-01
1.58800e+00 4.93806e-01
1.59200e+00 4.93806e-01
1.59600e+00 4.93806e-01
1.60000e+00 4.93806e-01
1.60400e+00 4.93807e-01
1.60800e+00 4.93810e-01
1.61200e+00 4.93822e-01
1.61600e+00 4.93869e-01
1.62000e+00 4.94054e-01
1.62400e+00 4.94758e-01
1.62800e+00 4.97040e-01
1.63200e+00 5.01425e-01
1.63600e+00 5.04051e-01
1.64000e+00 5.04208e-01
1.64400e+00 5.03743e-01
1.64800e+00 5.00470e-01
1.65200e+00 4.90246e-01
1.65600e+00 4.79524e-01
1.66000e+00 4.77189e-01
1.66400e+00 4.77171e-01
1.66800e+00 4.77438e-01
1.67200e+00 4.78716e-01
1.67600e+00 4.82631e-01
1.68000e+00 4.91553e-01
1.68400e+00 5.03789e-01
1.68800e+00 5.09980e-01
1.69200e+00 5.10650e-01
1.69600e+00 5.10659e-01
1.70000e+00 5.10658e-01
1.70400e+00 5.10656e-01
1.70800e+00 5.10636e-01
1.71200e+00 5.10504e-01
1.71600e+00 5.09658e-01
1.72000e+00 5.04988e-01
1.72400e+00 4.88952e-01
1.72800e+00 4.68912e-01
1.73200e+00 4.63254e-01
1.73600e+00 4.63051e-01
1.74000e+00 4.63085e-01
1.74400e+00 4.63308e-01
1.74800e+00 4.64032e-01
1.75200e+00 4.65726e-01
1.75600e+00 4.68897e-01
1.76000e+00 4.73578e-01
1.76400e+00 4.78478e-01
1.76800e+00 4.81774e-01
1.77200e+00 4.83480e-01
1.77600e+00 4.84726e-01
1.78000e+00 4.86564e-01
1.78400e+00 4.90676e-01
1.78800e+00 4.98346e-01
1.79200e+00 5.03891e-01
1.79600e+00 5.04431e-01
1.80000e+00 5.03679e-01
1.80400e+00 4.97410e-01
1.80800e+00 4.76705e-01
1.81200e+00 4.56403e-01
1.81600e+00 4.52492e-01
1.82000e+00 4.52433e-01
1.82400e+00 4.52540e-01
1.82800e+00 4.52926e-01
1.83200e+00 4.53411e-01
1.83600e+00 4.53667e-01
1.84000e+00 4.53789e-01
1.84400e+00 4.53935e-01
1.84800e+00 4.54277e-01
1.85200e+00 4.55197e-01
1.85600e+00 4.57543e-01
1.86000e+00 4.62749e-01
1.86400e+00 4.70620e-01
1.86800e+00 4.75669e-01
1.87200e+00 4.76471e-01
1.87600e+00 4.76489e-01
1.88000e+00 4.76489e-01
1.88400e+00 4.76489e-01
1.88800e+00 4.76489e-01
1.89200e+00 4.76489e-01
1.89600e+00 4.76489e-01
1.90000e+00 4.76489e-01
1.90400e+00 4.76490e-01
1.90800e+00 4.76490e-01
1.91200e+00 4.76492e-01
1.91600e+00 4.76496e-01
1.92000e+00 4.76506e-01
1.92400e+00 4.76528e-01
1.92800e+00 4.76576e-01
1.93200e+00 4.76671e-01
1.93600e+00 4.76849e-01
1.94000e+00 4.77157e-01
1.94400e+00 4.77653e-01
1.94800e+00 4.78416e-01
1.95200e+00 4.79595e-01
1.95600e+00 4.81556e-01
1.96000e+00 4.85211e-01
1.96400e+00 4.92467e-01
1.96800e+00 5.04403e-01
1.97200e+00 5.13955e-01
1.97600e+00 5.15828e-01
1.98000e+00 5.15805e-01
1.98400e+00 5.14997e-01
1.98800e+00 5.09204e-01
1.99200e+00 4.79356e-01
1.99600e+00 4.76942e-01
