0.00000e+00 5.57700e-01
4.00000e-03 5.57700e-01
8.00000e-03 5.57699e-01
1.20000e-02 5.57686e-01
1.60000e-02 5.57376e-01
2.00000e-02 5.52392e-01
2.40000e-02 5.13102e-01
2.80000e-02 4.40564e-01
3.20000e-02 4.19902e-01
3.60000e-02 4.19830e-01
4.00000e-02 4.22765e-01
4.40000e-02 4.32596e-01
4.80000e-02 4.50690e-01
5.20000e-02 4.66119e-01
5.60000e-02 4.69561e-01
6.00000e-02 4.69574e-01
6.40000e-02 4.68870e-01
6.80000e-02 4.65333e-01
7.20000e-02 4.57950e-01
7.60000e-02 4.53707e-01
8.00000e-02 4.53415e-01
8.40000e-02 4.53699e-01
8.80000e-02 4.55287e-01
9.20000e-02 4.59910e-01
9.60000e-02 4.69890e-01
1.00000e-01 4.87806e-01
1.04000e-01 5.11079e-01
1.08000e-01 5.24517e-01
1.12000e-01 5.26338e-01
1.16000e-01 5.26344e-01
1.20000e-01 5.26141e-01
1.24000e-01 5.24985e-01
1.28000e-01 5.20227e-01
1.32000e-01 5.03452e-01
1.36000e-01 4.68566e-01
1.40000e-01 4.45088e-01
1.44000e-01 4.41937e-01
1.48000e-01 4.41931e-01
1.52000e-01 4.42222e-01
1.56000e-01 4.43527e-01
1.60000e-01 4.47059e-01
1.64000e-01 4.53026e-01
1.68000e-01 4.58092e-01
1.72000e-01 4.59878e-01
1.76000e-01 4.60332e-01
1.80000e-01 4.60658e-01
1.84000e-01 4.61232e-01
1.88000e-01 4.62443e-01
1.92000e-01 4.64609e-01
1.96000e-01 4.67446e-01
2.00000e-01 4.70022e-01
2.04000e-01 4.71850e-01
2.08000e-01 4.73276e-01
2.12000e-01 4.74847e-01
2.16000e-01 4.77150e-01
2.20000e-01 4.80985e-01
2.24000e-01 4.87742e-01
2.28000e-01 4.99968e-01
2.32000e-01 5.19152e-01
2.36000e-01 5.35064e-01
2.40000e-01 5.38479e-01
2.44000e-01 5.38455e-01
2.48000e-01 5.37087e-01
2.52000e-01 5.28108e-01
2.56000e-01 5.05722e-01
2.60000e-01 4.93015e-01
2.64000e-01 4.92452e-01
2.68000e-01 4.94145e-01
2.72000e-01 4.97756e-01
2.76000e-01 4.98096e-01
2.80000e-01 4.94379e-01
2.84000e-01 4.74400e-01
2.88000e-01 4.46484e-01
2.92000e-01 4.39348e-01
2.96000e-01 4.39379e-01
3.00000e-01 4.40797e-01
3.04000e-01 4.45626e-01
3.08000e-01 4.56357e-01
3.12000e-01 4.76107e-01
3.16000e-01 4.99735e-01
3.20000e-01 5.07919e-01
3.24000e-01 5.07413e-01
3.28000e-01 4.97296e-01
3.32000e-01 4.57547e-01
3.36000e-01 4.23090e-01
3.40000e-01 4.18678e-01
3.44000e-01 4.19006e-01
3.48000e-01 4.21158e-01
3.52000e-01 4.26473e-01
3.56000e-01 4.34384e-01
3.60000e-01 4.42845e-01
3.64000e-01 4.50258e-01
3.68000e-01 4.56335e-01
3.72000e-01 4.61523e-01
3.76000e-01 4.66316e-01
3.80000e-01 4.71022e-01
3.84000e-01 4.75752e-01
3.88000e-01 4.80486e-01
3.92000e-01 4.85150e-01
3.96000e-01 4.89670e-01
4.00000e-01 4.94023e-01
4.04000e-01 4.98265e-01
4.08000e-01 5.02592e-01
4.12000e-01 5.07496e-01
4.16000e-01 5.14159e-01
4.20000e-01 5.25288e-01
4.24000e-01 5.44016e-01
4.28000e-01 5.61355e-01
4.32000e-01 5.64900e-01
4.36000e-01 5.64106e-01
4.40000e-01 5.51637e-01
4.44000e-01 4.97796e-01
4.48000e-01 4.50788e-01
4.52000e-01 4.44807e-01
4.56000e-01 4.44897e-01
4.60000e-01 4.45870e-01
4.64000e-01 4.48625e-01
4.68000e-01 4.53249e-01
4.72000e-01 4.59004e-01
4.76000e-01 4.65438e-01
4.80000e-01 4.73156e-01
4.84000e-01 4.83904e-01
4.88000e-01 4.99049e-01
4.92000e-01 5.12916e-01
4.96000e-01 5.17353e-01
5.00000e-01 5.17626e-01
5.04000e-01 5.17627e-01
5.08000e-01 5.17624e-01
5.12000e-01 5.17596e-01
5.16000e-01 5.17436e-01
5.20000e-01 5.16624e-01
5.24000e-01 5.13406e-01
5.28000e-01 5.06201e-01
5.32000e-01 5.00475e-01
5.36000e-01 4.99238e-01
5.40000e-01 4.98972e-01
5.44000e-01 4.98474e-01
5.48000e-01 4.96000e-01
5.52000e-01 4.85717e-01
5.56000e-01 4.66484e-01
5.60000e-01 4.56990e-01
5.64000e-01 4.56294e-01
5.68000e-01 4.56397e-01
5.72000e-01 4.57079e-01
5.76000e-01 4.59116e-01
5.80000e-01 4.63112e-01
5.84000e-01 4.69094e-01
5.88000e-01 4.76901e-01
5.92000e-01 4.87184e-01
5.96000e-01 5.01809e-01
6.00000e-01 5.20405e-01
6.04000e-01 5.32925e-01
6.08000e-01 5.35303e-01
6.12000e-01 5.35374e-01
6.16000e-01 5.35374e-01
6.20000e-01 5.35374e-01
6.24000e-01 5.35374e-01
6.28000e-01 5.35374e-01
6.32000e-01 5.35374e-01
6.36000e-01 5.35374e-01
6.40000e-01 5.35374e-01
6.44000e-01 5.35376e-01
6.48000e-01 5.35387e-01
6.52000e-01 5.35448e-01
6.56000e-01 5.35775e-01
6.60000e-01 5.37072e-01
6.64000e-01 5.39176e-01
6.68000e-01 5.39755e-01
6.72000e-01 5.39536e-01
6.76000e-01 5.37100e-01
6.80000e-01 5.26692e-01
6.84000e-01 5.12606e-01
6.88000e-01 5.09100e-01
6.92000e-01 5.09233e-01
6.96000e-01 5.10141e-01
7.00000e-01 5.10398e-01
7.04000e-01 5.09462e-01
7.08000e-01 5.02403e-01
7.12000e-01 4.83798e-01
7.16000e-01 4.71066e-01
7.20000e-01 4.69729e-01
7.24000e-01 4.69893e-01
7.28000e-01 4.71103e-01
7.32000e-01 4.75165e-01
7.36000e-01 4.84284e-01
7.40000e-01 4.96734e-01
7.44000e-01 5.03558e-01
7.48000e-01 5.04529e-01
7.52000e-01 5.04595e-01
7.56000e-01 5.04634e-01
7.60000e-01 5.04722e-01
7.64000e-01 5.04960e-01
7.68000e-01 5.05516e-01
7.72000e-01 5.06586e-01
7.76000e-01 5.08283e-01
7.80000e-01 5.10563e-01
7.84000e-01 5.13363e-01
7.88000e-01 5.16938e-01
7.92000e-01 5.22269e-01
7.96000e-01 5.31617e-01
8.00000e-01 5.47347e-01
8.04000e-01 5.62889e-01
8.08000e-01 5.67687e-01
8.12000e-01 5.67944e-01
8.16000e-01 5.67945e-01
8.20000e-01 5.67945e-01
8.24000e-01 5.67945e-01
8.28000e-01 5.67945e-01
8.32000e-01 5.67945e-01
8.36000e-01 5.67945e-01
8.40000e-01 5.67945e-01
8.44000e-01 5.67945e-01
8.48000e-01 5.67945e-01
8.52000e-01 5.67945e-01
8.56000e-01 5.67943e-01
8.60000e-01 5.67934e-01
8.64000e-01 5.67886e-01
8.68000e-01 5.67651e-01
8.72000e-01 5.66811e-01
8.76000e-01 5.65122e-01
8.80000e-01 5.63073e-01
8.84000e-01 5.59422e-01
8.88000e-01 5.43729e-01
8.92000e-01 4.95894e-01
8.96000e-01 4.59206e-01
9.00000e-01 4.54908e-01
9.04000e-01 4.55075e-01
9.08000e-01 4.56216e-01
9.12000e-01 4.57506e-01
9.16000e-01 4.57624e-01
9.20000e-01 4.57219e-01
9.24000e-01 4.54733e-01
9.28000e-01 4.47646e-01
9.32000e-01 4.40026e-01
9.36000e-01 4.38055e-01
9.40000e-01 4.37996e-01
9.44000e-01 4.38037e-01
9.48000e-01 4.38265e-01
9.52000e-01 4.38946e-01
9.56000e-01 4.40426e-01
9.60000e-01 4.42994e-01
9.64000e-01 4.46713e-01
9.68000e-01 4.51347e-01
9.72000e-01 4.56446e-01
9.76000e-01 4.61526e-01
9.80000e-01 4.66237e-01
9.84000e-01 4.70433e-01
9.88000e-01 4.74150e-01
9.92000e-01 4.77527e-01
9.96000e-01 4.80728e-01
1.00000e+00 4.83842e-01
1.00400e+00 4.86782e-01
1.00800e+00 4.89233e-01
1.01200e+00 4.90904e-01
1.01600e+00 4.91867e-01
1.02000e+00 4.92441e-01
1.02400e+00 4.92877e-01
1.02800e+00 4.93317e-01
1.03200e+00 4.93842e-01
1.03600e+00 4.94515e-01
1.04000e+00 4.95379e-01
1.04400e+00 4.96460e-01
1.04800e+00 4.97763e-01
1.05200e+00 4.99273e-01
1.05600e+00 5.00960e-01
1.06000e+00 5.02794e-01
1.06400e+00 5.04759e-01
1.06800e+00 5.06860e-01
1.07200e+00 5.09118e-01
1.07600e+00 5.11525e-01
1.08000e+00 5.13970e-01
1.08400e+00 5.16193e-01
1.08800e+00 5.17918e-01
1.09200e+00 5.19096e-01
1.09600e+00 5.19904e-01
1.10000e+00 5.20548e-01
1.10400e+00 5.21170e-01
1.10800e+00 5.21854e-01
1.11200e+00 5.22645e-01
1.11600e+00 5.23572e-01
1.12000e+00 5.24706e-01
1.12400e+00 5.26287e-01
1.12800e+00 5.29045e-01
1.13200e+00 5.35052e-01
1.13600e+00 5.48204e-01
1.14000e+00 5.64746e-01
1.14400e+00 5.69924e-01
1.14800e+00 5.69639e-01
1.15200e+00 5.63155e-01
1.15600e+00 5.30680e-01
1.16000e+00 4.90685e-01
1.16400e+00 4.81651e-01
1.16800e+00 4.81161e-01
1.17200e+00 4.80865e-01
1.17600e+00 4.79827e-01
1.18000e+00 4.76138e-01
1.18400e+00 4.69370e-01
1.18800e+00 4.65540e-01
1.19200e+00 4.65154e-01
1.19600e+00 4.65170e-01
1.20000e+00 4.65331e-01
1.20400e+00 4.66006e-01
1.20800e+00 4.68075e-01
1.21200e+00 4.73177e-01
1.21600e+00 4.81822e-01
1.22000e+00 4.88332e-01
1.22400e+00 4.89607e-01
1.22800e+00 4.89644e-01
1.23200e+00 4.89644e-01
1.23600e+00 4.89644e-01
1.24000e+00 4.89644e-01
1.24400e+00 4.89644e-01
1.24800e+00 4.89644e-01
1.25200e+00 4.89644e-01
1.25600e+00 4.89644e-01
1.26000e+00 4.89644e-01
1.26400e+00 4.89644e-01
1.26800e+00 4.89645e-01
1.27200e+00 4.89647e-01
1.27600e+00 4.89651e-01
1.28000e+00 4.89665e-01
1.28400e+00 4.89705e-01
1.28800e+00 4.89828e-01
1.29200e+00 4.90213e-01
1.29600e+00 4.91415e-01
1.30000e+00 4.94889e-01
1.30400e+00 5.02062e-01
1.30800e+00 5.08294e-01
1.31200e+00 5.09405e-01
1.31600e+00 5.09296e-01
1.32000e+00 5.07965e-01
1.32400e+00 5.01427e-01
1.32800e+00 4.87483e-01
1.33200e+00 4.79003e-01
1.33600e+00 4.78064e-01
1.34000e+00 4.78057e-01
1.34400e+00 4.78080e-01
1.34800e+00 4.78189e-01
1.35200e+00 4.78504e-01
1.35600e+00 4.79197e-01
1.36000e+00 4.80502e-01
1.36400e+00 4.82861e-01
1.36800e+00 4.87354e-01
1.37200e+00 4.96216e-01
1.37600e+00 5.09998e-01
1.38000e+00 5.19324e-01
1.38400e+00 5.20566e-01
1.38800e+00 5.20335e-01
1.39200e+00 5.17615e-01
1.39600e+00 5.04065e-01
1.40000e+00 4.79941e-01
1.40400e+00 4.70417e-01
1.40800e+00 4.70088e-01
1.41200e+00 4.70794e-01
1.41600e+00 4.73837e-01
1.42000e+00 4.77686e-01
1.42400e+00 4.78537e-01
1.42800e+00 4.78347e-01
1.43200e+00 4.76458e-01
1.43600e+00 4.68482e-01
1.44000e+00 4.54346e-01
1.44400e+00 4.47377e-01
1.44800e+00 4.46764e-01
1.45200e+00 4.46761e-01
1.45600e+00 4.46773e-01
1.46000e+00 4.46823e-01
1.46400e+00 4.46937e-01
1.46800e+00 4.47095e-01
1.47200e+00 4.47241e-01
1.47600e+00 4.47364e-01
1.48000e+00 4.47513e-01
1.48400e+00 4.47788e-01
1.48800e+00 4.48423e-01
1.49200e+00 4.49970e-01
1.49600e+00 4.53530e-01
1.50000e+00 4.59837e-01
1.50400e+00 4.65484e-01
1.50800e+00 4.66980e-01
1.51200e+00 4.67048e-01
1.51600e+00 4.67049e-01
1.52000e+00 4.67049e-01
1.52400e+00 4.67049e-01
1.52800e+00 4.67049e-01
1.53200e+00 4.67049e-01
1.53600e+00 4.67049e-01
1.54000e+00 4.67051e-01
1.54400e+00 4.67054e-01
1.54800e+00 4.67064e-01
1.55200e+00 4.67086e-01
1.55600e+00 4.67136e-01
1.56000e+00 4.67244e-01
1.56400e+00 4.67457e-01
1.56800e+00 4.67839e-01
1.57200e+00 4.68440e-01
1.57600e+00 4.69292e-01
1.58000e+00 4.70466e-01
1.58400e+00 4.72246e-01
1.58800e+00 4.75404e-01
1.59200e+00 4.81241e-01
1.59600e+00 4.89015e-01
1.60000e+00 4.93258e-01
1.60400e+00 4.93797e-01
1.60800e+00 4.93806e-01
1.61200e+00 4.93806e-01
1.61600e+00 4.93806e-01
1.62000e+00 4.93806e-01
1.62400e+00 4.93806e-01
1.62800e+00 4.93807e-01
1.63200e+00 4.93809e-01
1.63600e+00 4.93819e-01
1.64000e+00 4.93859e-01
1.64400e+00 4.94017e-01
1.64800e+00 4.94625e-01
1.65200e+00 4.96642e-01
1.65600e+00 5.00763e-01
1.66000e+00 5.03534e-01
1.66400e+00 5.03758e-01
1.66800e+00 5.03397e-01
1.67200e+00 5.00665e-01
1.67600e+00 4.91418e-01
1.68000e+00 4.80351e-01
1.68400e+00 4.77428e-01
1.68800e+00 4.77371e-01
1.69200e+00 4.77568e-01
1.69600e+00 4.78604e-01
1.70000e+00 4.81911e-01
1.70400e+00 4.89842e-01
1.70800e+00 5.02009e-01
1.71200e+00 5.09544e-01
1.71600e+00 5.10637e-01
1.72000e+00 5.10658e-01
1.72400e+00 5.10658e-01
1.72800e+00 5.10655e-01
1.73200e+00 5.10636e-01
1.73600e+00 5.10506e-01
1.74000e+00 5.09674e-01
1.74400e+00 5.05071e-01
1.74800e+00 4.89174e-01
1.75200e+00 4.69091e-01
1.75600e+00 4.63336e-01
1.76000e+00 4.63124e-01
1.76400e+00 4.63157e-01
1.76800e+00 4.63377e-01
1.77200e+00 4.64094e-01
1.77600e+00 4.65787e-01
1.78000e+00 4.68986e-01
1.78400e+00 4.73760e-01
1.78800e+00 4.78769e-01
1.79200e+00 4.82072e-01
1.79600e+00 4.83713e-01
1.80000e+00 4.84885e-01
1.80400e+00 4.86642e-01
1.80800e+00 4.90643e-01
1.81200e+00 4.98023e-01
1.81600e+00 5.03066e-01
1.82000e+00 5.03479e-01
1.82400e+00 5.02625e-01
1.82800e+00 4.95903e-01
1.83200e+00 4.74980e-01
1.83600e+00 4.55945e-01
1.84000e+00 4.52597e-01
1.84400e+00 4.52554e-01
1.84800e+00 4.52649e-01
1.85200e+00 4.52989e-01
1.85600e+00 4.53441e-01
1.86000e+00 4.53716e-01
1.86400e+00 4.53868e-01
1.86800e+00 4.54057e-01
1.87200e+00 4.54485e-01
1.87600e+00 4.55611e-01
1.88000e+00 4.58428e-01
1.88400e+00 4.64372e-01
1.88800e+00 4.72191e-01
1.89200e+00 4.76062e-01
1.89600e+00 4.76484e-01
1.90000e+00 4.76489e-01
1.90400e+00 4.76489e-01
1.90800e+00 4.76489e-01
1.91200e+00 4.76489e-01
1.91600e+00 4.76489e-01
1.92000e+00 4.76489e-01
1.92400e+00 4.76489e-01
1.92800e+00 4.76490e-01
1.93200e+00 4.76490e-01
1.93600e+00 4.76492e-01
1.94000e+00 4.76496e-01
1.94400e+00 4.76505e-01
1.94800e+00 4.76526e-01
1.95200e+00 4.76570e-01
1.95600e+00 4.76659e-01
1.96000e+00 4.76825e-01
1.96400e+00 4.77115e-01
1.96800e+00 4.77583e-01
1.97200e+00 4.78299e-01
1.97600e+00 4.79393e-01
1.98000e+00 4.81188e-01
1.98400e+00 4.84464e-01
1.98800e+00 4.90987e-01
1.99200e+00 5.05627e-01
1.99600e+00 5.06617e-01
