0.00000e+00 5.76287e-01
4.00000e-03 5.76287e-01
8.00000e-03 5.76287e-01
1.20000e-02 5.76287e-01
1.60000e-02 5.76280e-01
2.00000e-02 5.76189e-01
2.40000e-02 5.75380e-01
2.80000e-02 5.71294e-01
3.20000e-02 5.63442e-01
3.60000e-02 5.59085e-01
4.00000e-02 5.57072e-01
4.40000e-02 5.49887e-01
4.80000e-02 5.06896e-01
5.20000e-02 4.38991e-01
5.60000e-02 4.22668e-01
6.00000e-02 4.22974e-01
6.40000e-02 4.27106e-01
6.80000e-02 4.39241e-01
7.20000e-02 4.57524e-01
7.60000e-02 4.68014e-01
8.00000e-02 4.69214e-01
8.40000e-02 4.69098e-01
8.80000e-02 4.67942e-01
9.20000e-02 4.63422e-01
9.60000e-02 4.56465e-01
1.00000e-01 4.53873e-01
1.04000e-01 4.53812e-01
1.08000e-01 4.54173e-01
1.12000e-01 4.55833e-01
1.16000e-01 4.60251e-01
1.20000e-01 4.69312e-01
1.24000e-01 4.85339e-01
1.28000e-01 5.07575e-01
1.32000e-01 5.23190e-01
1.36000e-01 5.26193e-01
1.40000e-01 5.26261e-01
1.44000e-01 5.26205e-01
1.48000e-01 5.25678e-01
1.52000e-01 5.22060e-01
1.56000e-01 5.03491e-01
1.60000e-01 4.63894e-01
1.64000e-01 4.43691e-01
1.68000e-01 4.42125e-01
1.72000e-01 4.42185e-01
1.76000e-01 4.42696e-01
1.80000e-01 4.44534e-01
1.84000e-01 4.48811e-01
1.88000e-01 4.54948e-01
1.92000e-01 4.59116e-01
1.96000e-01 4.60285e-01
2.00000e-01 4.60601e-01
2.04000e-01 4.60889e-01
2.08000e-01 4.61455e-01
2.12000e-01 4.62666e-01
2.16000e-01 4.64829e-01
2.20000e-01 4.67686e-01
2.24000e-01 4.70318e-01
2.28000e-01 4.72183e-01
2.32000e-01 4.73580e-01
2.36000e-01 4.75030e-01
2.40000e-01 4.77056e-01
2.44000e-01 4.80315e-01
2.48000e-01 4.85900e-01
2.52000e-01 4.95927e-01
2.56000e-01 5.12934e-01
2.60000e-01 5.31258e-01
2.64000e-01 5.37680e-01
2.68000e-01 5.37930e-01
2.72000e-01 5.37314e-01
2.76000e-01 5.32068e-01
2.80000e-01 5.13839e-01
2.84000e-01 4.96656e-01
2.88000e-01 4.94337e-01
2.92000e-01 4.94878e-01
2.96000e-01 4.95848e-01
3.00000e-01 4.95492e-01
3.04000e-01 4.90111e-01
3.08000e-01 4.68424e-01
3.12000e-01 4.44800e-01
3.16000e-01 4.40336e-01
3.20000e-01 4.40488e-01
3.24000e-01 4.42060e-01
3.28000e-01 4.47186e-01
3.32000e-01 4.58804e-01
3.36000e-01 4.79826e-01
3.40000e-01 5.00305e-01
3.44000e-01 5.04523e-01
3.48000e-01 5.02993e-01
3.52000e-01 4.87294e-01
3.56000e-01 4.44954e-01
3.60000e-01 4.21490e-01
3.64000e-01 4.19945e-01
3.68000e-01 4.20548e-01
3.72000e-01 4.23429e-01
3.76000e-01 4.29568e-01
3.80000e-01 4.37888e-01
3.84000e-01 4.46178e-01
3.88000e-01 4.53052e-01
3.92000e-01 4.58503e-01
3.96000e-01 4.63121e-01
4.00000e-01 4.67435e-01
4.04000e-01 4.71746e-01
4.08000e-01 4.76154e-01
4.12000e-01 4.80624e-01
4.16000e-01 4.85065e-01
4.20000e-01 4.89383e-01
4.24000e-01 4.93526e-01
4.28000e-01 4.97493e-01
4.32000e-01 5.01379e-01
4.36000e-01 5.05468e-01
4.40000e-01 5.10505e-01
4.44000e-01 5.18379e-01
4.48000e-01 5.32917e-01
4.52000e-01 5.53113e-01
4.56000e-01 5.62042e-01
4.60000e-01 5.62025e-01
4.64000e-01 5.54371e-01
4.68000e-01 5.10227e-01
4.72000e-01 4.56084e-01
4.76000e-01 4.45659e-01
4.80000e-01 4.45617e-01
4.84000e-01 4.46463e-01
4.88000e-01 4.49157e-01
4.92000e-01 4.53869e-01
4.96000e-01 4.59732e-01
5.00000e-01 4.66095e-01
5.04000e-01 4.73467e-01
5.08000e-01 4.83554e-01
5.12000e-01 4.97998e-01
5.16000e-01 5.12145e-01
5.20000e-01 5.17249e-01
5.24000e-01 5.17623e-01
5.28000e-01 5.17625e-01
5.32000e-01 5.17623e-01
5.36000e-01 5.17607e-01
5.40000e-01 5.17508e-01
5.44000e-01 5.17006e-01
5.48000e-01 5.14864e-01
5.52000e-01 5.08933e-01
5.56000e-01 5.01948e-01
5.60000e-01 4.99388e-01
5.64000e-01 4.98803e-01
5.68000e-01 4.98082e-01
5.72000e-01 4.95092e-01
5.76000e-01 4.83711e-01
5.80000e-01 4.64884e-01
5.84000e-01 4.57000e-01
5.88000e-01 4.56548e-01
5.92000e-01 4.56658e-01
5.96000e-01 4.57338e-01
6.00000e-01 4.59310e-01
6.04000e-01 4.63133e-01
6.08000e-01 4.68800e-01
6.12000e-01 4.76049e-01
6.16000e-01 4.85300e-01
6.20000e-01 4.98257e-01
6.24000e-01 5.15976e-01
6.28000e-01 5.30978e-01
6.32000e-01 5.35161e-01
6.36000e-01 5.35373e-01
6.40000e-01 5.35374e-01
6.44000e-01 5.35374e-01
6.48000e-01 5.35374e-01
6.52000e-01 5.35374e-01
6.56000e-01 5.35374e-01
6.60000e-01 5.35374e-01
6.64000e-01 5.35374e-01
6.68000e-01 5.35375e-01
6.72000e-01 5.35379e-01
6.76000e-01 5.35406e-01
6.80000e-01 5.35556e-01
6.84000e-01 5.36263e-01
6.88000e-01 5.38050e-01
6.92000e-01 5.39181e-01
6.96000e-01 5.39181e-01
7.00000e-01 5.38257e-01
7.04000e-01 5.32582e-01
7.08000e-01 5.18934e-01
7.12000e-01 5.10535e-01
7.16000e-01 5.09777e-01
7.20000e-01 5.09778e-01
7.24000e-01 5.09708e-01
7.28000e-01 5.08730e-01
7.32000e-01 5.02603e-01
7.36000e-01 4.85550e-01
7.40000e-01 4.72031e-01
7.44000e-01 4.70217e-01
7.48000e-01 4.70324e-01
7.52000e-01 4.71286e-01
7.56000e-01 4.74786e-01
7.60000e-01 4.83203e-01
7.64000e-01 4.95725e-01
7.68000e-01 5.03385e-01
7.72000e-01 5.04573e-01
7.76000e-01 5.04628e-01
7.80000e-01 5.04650e-01
7.84000e-01 5.04697e-01
7.88000e-01 5.04835e-01
7.92000e-01 5.05193e-01
7.96000e-01 5.05959e-01
8.00000e-01 5.07313e-01
8.04000e-01 5.09291e-01
8.08000e-01 5.11781e-01
8.12000e-01 5.14762e-01
8.16000e-01 5.18663e-01
8.20000e-01 5.24790e-01
8.24000e-01 5.35795e-01
8.28000e-01 5.52709e-01
8.32000e-01 5.65387e-01
8.36000e-01 5.67874e-01
8.40000e-01 5.67945e-01
8.44000e-01 5.67945e-01
8.48000e-01 5.67945e-01
8.52000e-01 5.67945e-01
8.56000e-01 5.67945e-01
8.60000e-01 5.67945e-01
8.64000e-01 5.67945e-01
8.68000e-01 5.67945e-01
8.72000e-01 5.67945e-01
8.76000e-01 5.67945e-01
8.80000e-01 5.67945e-01
8.84000e-01 5.67943e-01
8.88000e-01 5.67935e-01
8.92000e-01 5.67890e-01
8.96000e-01 5.67708e-01
9.00000e-01 5.67217e-01
9.04000e-01 5.66273e-01
9.08000e-01 5.63759e-01
9.12000e-01 5.50994e-01
9.16000e-01 5.05360e-01
9.20000e-01 4.62361e-01
9.24000e-01 4.55747e-01
9.28000e-01 4.55805e-01
9.32000e-01 4.56550e-01
9.36000e-01 4.57176e-01
9.40000e-01 4.57129e-01
9.44000e-01 4.56234e-01
9.48000e-01 4.52204e-01
9.52000e-01 4.43997e-01
9.56000e-01 4.38717e-01
9.60000e-01 4.38054e-01
9.64000e-01 4.38057e-01
9.68000e-01 4.38142e-01
9.72000e-01 4.38487e-01
9.76000e-01 4.39385e-01
9.80000e-01 4.41171e-01
9.84000e-01 4.44071e-01
9.88000e-01 4.48056e-01
9.92000e-01 4.52817e-01
9.96000e-01 4.57884e-01
1.00000e+00 4.62808e-01
1.00400e+00 4.67293e-01
1.00800e+00 4.71242e-01
1.01200e+00 4.74725e-01
1.01600e+00 4.77903e-01
1.02000e+00 4.80953e-01
1.02400e+00 4.83988e-01
1.02800e+00 4.86935e-01
1.03200e+00 4.89438e-01
1.03600e+00 4.91119e-01
1.04000e+00 4.92029e-01
1.04400e+00 4.92531e-01
1.04800e+00 4.92899e-01
1.05200e+00 4.93272e-01
1.05600e+00 4.93730e-01
1.06000e+00 4.94335e-01
1.06400e+00 4.95131e-01
1.06800e+00 4.96146e-01
1.07200e+00 4.97387e-01
1.07600e+00 4.98841e-01
1.08000e+00 5.00476e-01
1.08400e+00 5.02254e-01
1.08800e+00 5.04151e-01
1.09200e+00 5.06165e-01
1.09600e+00 5.08326e-01
1.10000e+00 5.10662e-01
1.10400e+00 5.13134e-01
1.10800e+00 5.15537e-01
1.11200e+00 5.17526e-01
1.11600e+00 5.18895e-01
1.12000e+00 5.19763e-01
1.12400e+00 5.20379e-01
1.12800e+00 5.20925e-01
1.13200e+00 5.21510e-01
1.13600e+00 5.22192e-01
1.14000e+00 5.22993e-01
1.14400e+00 5.23926e-01
1.14800e+00 5.25082e-01
1.15200e+00 5.26801e-01
1.15600e+00 5.30140e-01
1.16000e+00 5.37972e-01
1.16400e+00 5.53479e-01
1.16800e+00 5.66227e-01
1.17200e+00 5.67788e-01
1.17600e+00 5.66141e-01
1.18000e+00 5.50302e-01
1.18400e+00 5.07958e-01
1.18800e+00 4.83591e-01
1.19200e+00 4.80871e-01
1.19600e+00 4.80303e-01
1.20000e+00 4.79087e-01
1.20400e+00 4.75164e-01
1.20800e+00 4.68638e-01
1.21200e+00 4.65473e-01
1.21600e+00 4.65222e-01
1.22000e+00 4.65244e-01
1.22400e+00 4.65425e-01
1.22800e+00 4.66154e-01
1.23200e+00 4.68342e-01
1.23600e+00 4.73652e-01
1.24000e+00 4.82357e-01
1.24400e+00 4.88516e-01
1.24800e+00 4.89616e-01
1.25200e+00 4.89644e-01
1.25600e+00 4.89644e-01
1.26000e+00 4.89644e-01
1.26400e+00 4.89644e-01
1.26800e+00 4.89644e-01
1.27200e+00 4.89644e-01
1.27600e+00 4.89644e-01
1.28000e+00 4.89644e-01
1.28400e+00 4.89644e-01
1.28800e+00 4.89644e-01
1.29200e+00 4.89645e-01
1.29600e+00 4.89646e-01
1.30000e+00 4.89650e-01
1.30400e+00 4.89661e-01
1.30800e+00 4.89694e-01
1.31200e+00 4.89795e-01
1.31600e+00 4.90113e-01
1.32000e+00 4.91116e-01
1.32400e+00 4.94088e-01
1.32800e+00 5.00694e-01
1.33200e+00 5.07407e-01
1.33600e+00 5.08975e-01
1.34000e+00 5.08922e-01
1.34400e+00 5.07934e-01
1.34800e+00 5.02593e-01
1.35200e+00 4.89439e-01
1.35600e+00 4.79554e-01
1.36000e+00 4.78097e-01
1.36400e+00 4.78077e-01
1.36800e+00 4.78092e-01
1.37200e+00 4.78177e-01
1.37600e+00 4.78436e-01
1.38000e+00 4.79029e-01
1.38400e+00 4.80174e-01
1.38800e+00 4.82268e-01
1.39200e+00 4.86265e-01
1.39600e+00 4.94262e-01
1.40000e+00 5.07565e-01
1.40400e+00 5.18092e-01
1.40800e+00 5.19944e-01
1.41200e+00 5.19795e-01
1.41600e+00 5.17668e-01
1.42000e+00 5.06134e-01
1.42400e+00 4.82671e-01
1.42800e+00 4.71507e-01
1.43200e+00 4.70932e-01
1.43600e+00 4.71513e-01
1.44000e+00 4.74181e-01
1.44400e+00 4.77382e-01
1.44800e+00 4.77939e-01
1.45200e+00 4.77614e-01
1.45600e+00 4.74908e-01
1.46000e+00 4.65134e-01
1.46400e+00 4.51681e-01
1.46800e+00 4.47025e-01
1.47200e+00 4.46771e-01
1.47600e+00 4.46772e-01
1.48000e+00 4.46789e-01
1.48400e+00 4.46849e-01
1.48800e+00 4.46973e-01
1.49200e+00 4.47134e-01
1.49600e+00 4.47283e-01
1.50000e+00 4.47421e-01
1.50400e+00 4.47607e-01
1.50800e+00 4.47970e-01
1.51200e+00 4.48817e-01
1.51600e+00 4.50862e-01
1.52000e+00 4.55323e-01
1.52400e+00 4.62037e-01
1.52800e+00 4.66343e-01
1.53200e+00 4.67033e-01
1.53600e+00 4.67049e-01
1.54000e+00 4.67049e-01
1.54400e+00 4.67049e-01
1.54800e+00 4.67049e-01
1.55200e+00 4.67049e-01
1.55600e+00 4.67049e-01
1.56000e+00 4.67049e-01
1.56400e+00 4.67051e-01
1.56800e+00 4.67055e-01
1.57200e+00 4.67065e-01
1.57600e+00 4.67088e-01
1.58000e+00 4.67139e-01
1.58400e+00 4.67250e-01
1.58800e+00 4.67466e-01
1.59200e+00 4.67846e-01
1.59600e+00 4.68440e-01
1.60000e+00 4.69279e-01
1.60400e+00 4.70448e-01
1.60800e+00 4.72263e-01
1.61200e+00 4.75550e-01
1.61600e+00 4.81620e-01
1.62000e+00 4.89413e-01
1.62400e+00 4.93353e-01
1.62800e+00 4.93800e-01
1.63200e+00 4.93806e-01
1.63600e+00 4.93806e-01
1.64000e+00 4.93806e-01
1.64400e+00 4.93806e-01
1.64800e+00 4.93806e-01
1.65200e+00 4.93807e-01
1.65600e+00 4.93809e-01
1.66000e+00 4.93817e-01
1.66400e+00 4.93851e-01
1.66800e+00 4.93987e-01
1.67200e+00 4.94512e-01
1.67600e+00 4.96294e-01
1.68000e+00 5.00144e-01
1.68400e+00 5.03032e-01
1.68800e+00 5.03331e-01
1.69200e+00 5.03051e-01
1.69600e+00 5.00775e-01
1.70000e+00 4.92478e-01
1.70400e+00 4.81233e-01
1.70800e+00 4.77673e-01
1.71200e+00 4.77558e-01
1.71600e+00 4.77702e-01
1.72000e+00 4.78538e-01
1.72400e+00 4.81319e-01
1.72800e+00 4.88294e-01
1.73200e+00 5.00104e-01
1.73600e+00 5.08924e-01
1.74000e+00 5.10610e-01
1.74400e+00 5.10657e-01
1.74800e+00 5.10657e-01
1.75200e+00 5.10655e-01
1.75600e+00 5.10636e-01
1.76000e+00 5.10508e-01
1.76400e+00 5.09691e-01
1.76800e+00 5.05158e-01
1.77200e+00 4.89406e-01
1.77600e+00 4.69277e-01
1.78000e+00 4.63418e-01
1.78400e+00 4.63197e-01
1.78800e+00 4.63229e-01
1.79200e+00 4.63446e-01
1.79600e+00 4.64158e-01
1.80000e+00 4.65849e-01
1.80400e+00 4.69079e-01
1.80800e+00 4.73949e-01
1.81200e+00 4.79065e-01
1.81600e+00 4.82370e-01
1.82000e+00 4.83948e-01
1.82400e+00 4.85056e-01
1.82800e+00 4.86747e-01
1.83200e+00 4.90662e-01
1.83600e+00 4.97743e-01
1.84000e+00 5.02246e-01
1.84400e+00 5.02539e-01
1.84800e+00 5.01562e-01
1.85200e+00 4.94345e-01
1.85600e+00 4.73247e-01
1.86000e+00 4.55516e-01
1.86400e+00 4.52686e-01
1.86800e+00 4.52656e-01
1.87200e+00 4.52741e-01
1.87600e+00 4.53043e-01
1.88000e+00 4.53468e-01
1.88400e+00 4.53765e-01
1.88800e+00 4.53957e-01
1.89200e+00 4.54200e-01
1.89600e+00 4.54735e-01
1.90000e+00 4.56109e-01
1.90400e+00 4.59467e-01
1.90800e+00 4.66103e-01
1.91200e+00 4.73517e-01
1.91600e+00 4.76285e-01
1.92000e+00 4.76488e-01
1.92400e+00 4.76489e-01
1.92800e+00 4.76489e-01
1.93200e+00 4.76489e-01
1.93600e+00 4.76489e-01
1.94000e+00 4.76489e-01
1.94400e+00 4.76489e-01
1.94800e+00 4.76489e-01
1.95200e+00 4.76490e-01
1.95600e+00 4.76490e-01
1.96000e+00 4.76492e-01
1.96400e+00 4.76495e-01
1.96800e+00 4.76504e-01
1.97200e+00 4.76523e-01
1.97600e+00 4.76564e-01
1.98000e+00 4.76646e-01
1.98400e+00 4.76810e-01
1.98800e+00 4.77044e-01
1.99200e+00 4.77976e-01
1.99600e+00 4.78052e-01
