0.00000e+00 5.02575e-01
4.00000e-03 5.02575e-01
8.00000e-03 5.02576e-01
1.20000e-02 5.02594e-01
1.60000e-02 5.02805e-01
2.00000e-02 5.04317e-01
2.40000e-02 5.11278e-01
2.80000e-02 5.31705e-01
3.20000e-02 5.63208e-01
3.60000e-02 5.79069e-01
4.00000e-02 5.80548e-01
4.40000e-02 5.80558e-01
4.80000e-02 5.80545e-01
5.20000e-02 5.80427e-01
5.60000e-02 5.79836e-01
6.00000e-02 5.78241e-01
6.40000e-02 5.76703e-01
6.80000e-02 5.76286e-01
7.20000e-02 5.76186e-01
7.60000e-02 5.76034e-01
8.00000e-02 5.75530e-01
8.40000e-02 5.74231e-01
8.80000e-02 5.70804e-01
9.20000e-02 5.54164e-01
9.60000e-02 4.91703e-01
1.00000e-01 4.35780e-01
1.04000e-01 4.29049e-01
1.08000e-01 4.30147e-01
1.12000e-01 4.36611e-01
1.16000e-01 4.51394e-01
1.20000e-01 4.65193e-01
1.24000e-01 4.68464e-01
1.28000e-01 4.68502e-01
1.32000e-01 4.68051e-01
1.36000e-01 4.65620e-01
1.40000e-01 4.59695e-01
1.44000e-01 4.55014e-01
1.48000e-01 4.54347e-01
1.52000e-01 4.54407e-01
1.56000e-01 4.54914e-01
1.60000e-01 4.56664e-01
1.64000e-01 4.60734e-01
1.68000e-01 4.68384e-01
1.72000e-01 4.81413e-01
1.76000e-01 5.01018e-01
1.80000e-01 5.19630e-01
1.84000e-01 5.25776e-01
1.88000e-01 5.26135e-01
1.92000e-01 5.26104e-01
1.96000e-01 5.25649e-01
2.00000e-01 5.21656e-01
2.04000e-01 5.00188e-01
2.08000e-01 4.59838e-01
2.12000e-01 4.43571e-01
2.16000e-01 4.42741e-01
2.20000e-01 4.42912e-01
2.24000e-01 4.43954e-01
2.28000e-01 4.47031e-01
2.32000e-01 4.52740e-01
2.36000e-01 4.58320e-01
2.40000e-01 4.60447e-01
2.44000e-01 4.60826e-01
2.48000e-01 4.60987e-01
2.52000e-01 4.61234e-01
2.56000e-01 4.61804e-01
2.60000e-01 4.63043e-01
2.64000e-01 4.65249e-01
2.68000e-01 4.68192e-01
2.72000e-01 4.70950e-01
2.76000e-01 4.72870e-01
2.80000e-01 4.74192e-01
2.84000e-01 4.75423e-01
2.88000e-01 4.77007e-01
2.92000e-01 4.79422e-01
2.96000e-01 4.83363e-01
3.00000e-01 4.90170e-01
3.04000e-01 5.02368e-01
3.08000e-01 5.20775e-01
3.12000e-01 5.34451e-01
3.16000e-01 5.36882e-01
3.20000e-01 5.36824e-01
3.24000e-01 5.35557e-01
3.28000e-01 5.28060e-01
3.32000e-01 5.09805e-01
3.36000e-01 4.97322e-01
3.40000e-01 4.95157e-01
3.44000e-01 4.94396e-01
3.48000e-01 4.92039e-01
3.52000e-01 4.81053e-01
3.56000e-01 4.56831e-01
3.60000e-01 4.43107e-01
3.64000e-01 4.42059e-01
3.68000e-01 4.42424e-01
3.72000e-01 4.44579e-01
3.76000e-01 4.51047e-01
3.80000e-01 4.65598e-01
3.84000e-01 4.87033e-01
3.88000e-01 4.97379e-01
3.92000e-01 4.97475e-01
3.96000e-01 4.91473e-01
4.00000e-01 4.62829e-01
4.04000e-01 4.29104e-01
4.08000e-01 4.22332e-01
4.12000e-01 4.22443e-01
4.16000e-01 4.23970e-01
4.20000e-01 4.28436e-01
4.24000e-01 4.35942e-01
4.28000e-01 4.44591e-01
4.32000e-01 4.52145e-01
4.36000e-01 4.57800e-01
4.40000e-01 4.62056e-01
4.44000e-01 4.65674e-01
4.48000e-01 4.69181e-01
4.52000e-01 4.72844e-01
4.56000e-01 4.76732e-01
4.60000e-01 4.80782e-01
4.64000e-01 4.84874e-01
4.68000e-01 4.88890e-01
4.72000e-01 4.92745e-01
4.76000e-01 4.96382e-01
4.80000e-01 4.99769e-01
4.84000e-01 5.02960e-01
4.88000e-01 5.06263e-01
4.92000e-01 5.10589e-01
4.96000e-01 5.18367e-01
5.00000e-01 5.33950e-01
5.04000e-01 5.51308e-01
5.08000e-01 5.54927e-01
5.12000e-01 5.52644e-01
5.16000e-01 5.28765e-01
5.20000e-01 4.72269e-01
5.24000e-01 4.48395e-01
5.28000e-01 4.47351e-01
5.32000e-01 4.47857e-01
5.36000e-01 4.50150e-01
5.40000e-01 4.54797e-01
5.44000e-01 4.60861e-01
5.48000e-01 4.67226e-01
5.52000e-01 4.74078e-01
5.56000e-01 4.82976e-01
5.60000e-01 4.95927e-01
5.64000e-01 5.10311e-01
5.68000e-01 5.16925e-01
5.72000e-01 5.17614e-01
5.76000e-01 5.17622e-01
5.80000e-01 5.17622e-01
5.84000e-01 5.17616e-01
5.88000e-01 5.17582e-01
5.92000e-01 5.17403e-01
5.96000e-01 5.16587e-01
6.00000e-01 5.13642e-01
6.04000e-01 5.07308e-01
6.08000e-01 5.01438e-01
6.12000e-01 4.98855e-01
6.16000e-01 4.96970e-01
6.20000e-01 4.92333e-01
6.24000e-01 4.78855e-01
6.28000e-01 4.62069e-01
6.32000e-01 4.57133e-01
6.36000e-01 4.56975e-01
6.40000e-01 4.57104e-01
6.44000e-01 4.57796e-01
6.48000e-01 4.59685e-01
6.52000e-01 4.63257e-01
6.56000e-01 4.68452e-01
6.60000e-01 4.74855e-01
6.64000e-01 4.82500e-01
6.68000e-01 4.92572e-01
6.72000e-01 5.07181e-01
6.76000e-01 5.24583e-01
6.80000e-01 5.34074e-01
6.84000e-01 5.35351e-01
6.88000e-01 5.35374e-01
6.92000e-01 5.35374e-01
6.96000e-01 5.35374e-01
7.00000e-01 5.35374e-01
7.04000e-01 5.35374e-01
7.08000e-01 5.35374e-01
7.12000e-01 5.35374e-01
7.16000e-01 5.35374e-01
7.20000e-01 5.35375e-01
7.24000e-01 5.35380e-01
7.28000e-01 5.35410e-01
7.32000e-01 5.35574e-01
7.36000e-01 5.36287e-01
7.40000e-01 5.37742e-01
7.44000e-01 5.38374e-01
7.48000e-01 5.38322e-01
7.52000e-01 5.37399e-01
7.56000e-01 5.32339e-01
7.60000e-01 5.20212e-01
7.64000e-01 5.11383e-01
7.68000e-01 5.09704e-01
7.72000e-01 5.09229e-01
7.76000e-01 5.08090e-01
7.80000e-01 5.02804e-01
7.84000e-01 4.87684e-01
7.88000e-01 4.73593e-01
7.92000e-01 4.71083e-01
7.96000e-01 4.71119e-01
8.00000e-01 4.71757e-01
8.04000e-01 4.74374e-01
8.08000e-01 4.81354e-01
8.12000e-01 4.93401e-01
8.16000e-01 5.02684e-01
8.20000e-01 5.04591e-01
8.24000e-01 5.04664e-01
8.28000e-01 5.04672e-01
8.32000e-01 5.04686e-01
8.36000e-01 5.04730e-01
8.40000e-01 5.04863e-01
8.44000e-01 5.05203e-01
8.48000e-01 5.05935e-01
8.52000e-01 5.07246e-01
8.56000e-01 5.09191e-01
8.60000e-01 5.11623e-01
8.64000e-01 5.14406e-01
8.68000e-01 5.17751e-01
8.72000e-01 5.22557e-01
8.76000e-01 5.30917e-01
8.80000e-01 5.45513e-01
8.84000e-01 5.61585e-01
8.88000e-01 5.67533e-01
8.92000e-01 5.67942e-01
8.96000e-01 5.67945e-01
9.00000e-01 5.67945e-01
9.04000e-01 5.67945e-01
9.08000e-01 5.67945e-01
9.12000e-01 5.67945e-01
9.16000e-01 5.67945e-01
9.20000e-01 5.67945e-01
9.24000e-01 5.67945e-01
9.28000e-01 5.67945e-01
9.32000e-01 5.67945e-01
9.36000e-01 5.67945e-01
9.40000e-01 5.67943e-01
9.44000e-01 5.67938e-01
9.48000e-01 5.67922e-01
9.52000e-01 5.67856e-01
9.56000e-01 5.67365e-01
9.60000e-01 5.62603e-01
9.64000e-01 5.32662e-01
9.68000e-01 4.76961e-01
9.72000e-01 4.57506e-01
9.76000e-01 4.56628e-01
9.80000e-01 4.56593e-01
9.84000e-01 4.56483e-01
9.88000e-01 4.55774e-01
9.92000e-01 4.52681e-01
9.96000e-01 4.45396e-01
1.00000e+00 4.39296e-01
1.00400e+00 4.38171e-01
1.00800e+00 4.38156e-01
1.01200e+00 4.38205e-01
1.01600e+00 4.38442e-01
1.02000e+00 4.39111e-01
1.02400e+00 4.40527e-01
1.02800e+00 4.42956e-01
1.03200e+00 4.46465e-01
1.03600e+00 4.50857e-01
1.04000e+00 4.55729e-01
1.04400e+00 4.60625e-01
1.04800e+00 4.65179e-01
1.05200e+00 4.69199e-01
1.05600e+00 4.72672e-01
1.06000e+00 4.75716e-01
1.06400e+00 4.78515e-01
1.06800e+00 4.81278e-01
1.07200e+00 4.84174e-01
1.07600e+00 4.87184e-01
1.08000e+00 4.89866e-01
1.08400e+00 4.91593e-01
1.08800e+00 4.92377e-01
1.09200e+00 4.92722e-01
1.09600e+00 4.92955e-01
1.10000e+00 4.93202e-01
1.10400e+00 4.93534e-01
1.10800e+00 4.94008e-01
1.11200e+00 4.94670e-01
1.11600e+00 4.95555e-01
1.12000e+00 4.96676e-01
1.12400e+00 4.98022e-01
1.12800e+00 4.99563e-01
1.13200e+00 5.01252e-01
1.13600e+00 5.03044e-01
1.14000e+00 5.04915e-01
1.14400e+00 5.06880e-01
1.14800e+00 5.08996e-01
1.15200e+00 5.11336e-01
1.15600e+00 5.13890e-01
1.16000e+00 5.16396e-01
1.16400e+00 5.18364e-01
1.16800e+00 5.19551e-01
1.17200e+00 5.20199e-01
1.17600e+00 5.20631e-01
1.18000e+00 5.21033e-01
1.18400e+00 5.21505e-01
1.18800e+00 5.22099e-01
1.19200e+00 5.22817e-01
1.19600e+00 5.23630e-01
1.20000e+00 5.24566e-01
1.20400e+00 5.25863e-01
1.20800e+00 5.28332e-01
1.21200e+00 5.34375e-01
1.21600e+00 5.47700e-01
1.22000e+00 5.60858e-01
1.22400e+00 5.63050e-01
1.22800e+00 5.61737e-01
1.23200e+00 5.48495e-01
1.23600e+00 5.10153e-01
1.24000e+00 4.83369e-01
1.24400e+00 4.78059e-01
1.24800e+00 4.75822e-01
1.25200e+00 4.72112e-01
1.25600e+00 4.67286e-01
1.26000e+00 4.65448e-01
1.26400e+00 4.65351e-01
1.26800e+00 4.65384e-01
1.27200e+00 4.65609e-01
1.27600e+00 4.66452e-01
1.28000e+00 4.68897e-01
1.28400e+00 4.74629e-01
1.28800e+00 4.83388e-01
1.29200e+00 4.88826e-01
1.29600e+00 4.89628e-01
1.30000e+00 4.89644e-01
1.30400e+00 4.89644e-01
1.30800e+00 4.89644e-01
1.31200e+00 4.89644e-01
1.31600e+00 4.89644e-01
1.32000e+00 4.89644e-01
1.32400e+00 4.89644e-01
1.32800e+00 4.89644e-01
1.33200e+00 4.89644e-01
1.33600e+00 4.89644e-01
1.34000e+00 4.89645e-01
1.34400e+00 4.89645e-01
1.34800e+00 4.89648e-01
1.35200e+00 4.89655e-01
1.35600e+00 4.89677e-01
1.36000e+00 4.89746e-01
1.36400e+00 4.89964e-01
1.36800e+00 4.90664e-01
1.37200e+00 4.92819e-01
1.37600e+00 4.98214e-01
1.38000e+00 5.05404e-01
1.38400e+00 5.08091e-01
1.38800e+00 5.08159e-01
1.39200e+00 5.07638e-01
1.39600e+00 5.04181e-01
1.40000e+00 4.93257e-01
1.40400e+00 4.81199e-01
1.40800e+00 4.78210e-01
1.41200e+00 4.78114e-01
1.41600e+00 4.78121e-01
1.42000e+00 4.78170e-01
1.42400e+00 4.78341e-01
1.42800e+00 4.78768e-01
1.43200e+00 4.79640e-01
1.43600e+00 4.81286e-01
1.44000e+00 4.84462e-01
1.44400e+00 4.90945e-01
1.44800e+00 5.02885e-01
1.45200e+00 5.15165e-01
1.45600e+00 5.18623e-01
1.46000e+00 5.18630e-01
1.46400e+00 5.17387e-01
1.46800e+00 5.09396e-01
1.47200e+00 4.88455e-01
1.47600e+00 4.74058e-01
1.48000e+00 4.72629e-01
1.48400e+00 4.72963e-01
1.48800e+00 4.74710e-01
1.49200e+00 4.76448e-01
1.49600e+00 4.76543e-01
1.50000e+00 4.75681e-01
1.50400e+00 4.70641e-01
1.50800e+00 4.58150e-01
1.51200e+00 4.48394e-01
1.51600e+00 4.46819e-01
1.52000e+00 4.46790e-01
1.52400e+00 4.46795e-01
1.52800e+00 4.46824e-01
1.53200e+00 4.46905e-01
1.53600e+00 4.47046e-01
1.54000e+00 4.47215e-01
1.54400e+00 4.47381e-01
1.54800e+00 4.47568e-01
1.55200e+00 4.47869e-01
1.55600e+00 4.48505e-01
1.56000e+00 4.50007e-01
1.56400e+00 4.53448e-01
1.56800e+00 4.59634e-01
1.57200e+00 4.65367e-01
1.57600e+00 4.66969e-01
1.58000e+00 4.67048e-01
1.58400e+00 4.67049e-01
1.58800e+00 4.67049e-01
1.59200e+00 4.67049e-01
1.59600e+00 4.67049e-01
1.60000e+00 4.67049e-01
1.60400e+00 4.67049e-01
1.60800e+00 4.67050e-01
1.61200e+00 4.67051e-01
1.61600e+00 4.67056e-01
1.62000e+00 4.67066e-01
1.62400e+00 4.67091e-01
1.62800e+00 4.67146e-01
1.63200e+00 4.67261e-01
1.63600e+00 4.67481e-01
1.64000e+00 4.67860e-01
1.64400e+00 4.68439e-01
1.64800e+00 4.69255e-01
1.65200e+00 4.70425e-01
1.65600e+00 4.72325e-01
1.66000e+00 4.75885e-01
1.66400e+00 4.82405e-01
1.66800e+00 4.90143e-01
1.67200e+00 4.93498e-01
1.67600e+00 4.93803e-01
1.68000e+00 4.93806e-01
1.68400e+00 4.93806e-01
1.68800e+00 4.93806e-01
1.69200e+00 4.93806e-01
1.69600e+00 4.93806e-01
1.70000e+00 4.93807e-01
1.70400e+00 4.93808e-01
1.70800e+00 4.93814e-01
1.71200e+00 4.93839e-01
1.71600e+00 4.93939e-01
1.72000e+00 4.94333e-01
1.72400e+00 4.95722e-01
1.72800e+00 4.99039e-01
1.73200e+00 5.02070e-01
1.73600e+00 5.02541e-01
1.74000e+00 5.02373e-01
1.74400e+00 5.00799e-01
1.74800e+00 4.94248e-01
1.75200e+00 4.83120e-01
1.75600e+00 4.78203e-01
1.76000e+00 4.77899e-01
1.76400e+00 4.77975e-01
1.76800e+00 4.78508e-01
1.77200e+00 4.80450e-01
1.77600e+00 4.85715e-01
1.78000e+00 4.96172e-01
1.78400e+00 5.07018e-01
1.78800e+00 5.10461e-01
1.79200e+00 5.10654e-01
1.79600e+00 5.10655e-01
1.80000e+00 5.10653e-01
1.80400e+00 5.10635e-01
1.80800e+00 5.10513e-01
1.81200e+00 5.09725e-01
1.81600e+00 5.05341e-01
1.82000e+00 4.89899e-01
1.82400e+00 4.69674e-01
1.82800e+00 4.63584e-01
1.83200e+00 4.63342e-01
1.83600e+00 4.63373e-01
1.84000e+00 4.63583e-01
1.84400e+00 4.64285e-01
1.84800e+00 4.65978e-01
1.85200e+00 4.69277e-01
1.85600e+00 4.74344e-01
1.86000e+00 4.79664e-01
1.86400e+00 4.82960e-01
1.86800e+00 4.84422e-01
1.87200e+00 4.85429e-01
1.87600e+00 4.87035e-01
1.88000e+00 4.90840e-01
1.88400e+00 4.97263e-01
1.88800e+00 5.00628e-01
1.89200e+00 5.00718e-01
1.89600e+00 4.99414e-01
1.90000e+00 4.91050e-01
1.90400e+00 4.69765e-01
1.90800e+00 4.54755e-01
1.91200e+00 4.52827e-01
1.91600e+00 4.52815e-01
1.92000e+00 4.52886e-01
1.92400e+00 4.53132e-01
1.92800e+00 4.53518e-01
1.93200e+00 4.53866e-01
1.93600e+00 4.54160e-01
1.94000e+00 4.54557e-01
1.94400e+00 4.55389e-01
1.94800e+00 4.57415e-01
1.95200e+00 4.62034e-01
1.95600e+00 4.69633e-01
1.96000e+00 4.75323e-01
1.96400e+00 4.76455e-01
1.96800e+00 4.76489e-01
1.97200e+00 4.76489e-01
1.97600e+00 4.76489e-01
1.98000e+00 4.76489e-01
1.98400e+00 4.76489e-01
1.98800e+00 4.76489e-01
1.99200e+00 4.76489e-01
1.99600e+00 4.76489e-01
