0.00000e+00 5.71247e-01
4.00000e-03 5.71247e-01
8.00000e-03 5.71247e-01
1.20000e-02 5.71245e-01
1.60000e-02 5.71201e-01
2.00000e-02 5.70573e-01
2.40000e-02 5.64677e-01
2.80000e-02 5.39036e-01
3.20000e-02 5.09140e-01
3.60000e-02 5.03081e-01
4.00000e-02 5.03059e-01
4.40000e-02 5.03801e-01
4.80000e-02 5.07176e-01
5.20000e-02 5.17046e-01
5.60000e-02 5.38443e-01
6.00000e-02 5.66373e-01
6.40000e-02 5.79350e-01
6.80000e-02 5.80538e-01
7.20000e-02 5.80548e-01
7.60000e-02 5.80538e-01
8.00000e-02 5.80457e-01
8.40000e-02 5.80036e-01
8.80000e-02 5.78729e-01
9.20000e-02 5.77005e-01
9.60000e-02 5.76273e-01
1.00000e-01 5.76116e-01
1.04000e-01 5.76023e-01
1.08000e-01 5.75806e-01
1.12000e-01 5.74334e-01
1.16000e-01 5.59771e-01
1.20000e-01 4.94905e-01
1.24000e-01 4.38418e-01
1.28000e-01 4.32453e-01
1.32000e-01 4.33844e-01
1.36000e-01 4.41260e-01
1.40000e-01 4.56089e-01
1.44000e-01 4.66638e-01
1.48000e-01 4.68204e-01
1.52000e-01 4.68148e-01
1.56000e-01 4.67410e-01
1.60000e-01 4.64220e-01
1.64000e-01 4.58153e-01
1.68000e-01 4.54821e-01
1.72000e-01 4.54552e-01
1.76000e-01 4.54640e-01
1.80000e-01 4.55211e-01
1.84000e-01 4.57000e-01
1.88000e-01 4.60927e-01
1.92000e-01 4.68027e-01
1.96000e-01 4.79860e-01
2.00000e-01 4.98064e-01
2.04000e-01 5.17429e-01
2.08000e-01 5.25394e-01
2.12000e-01 5.26041e-01
2.16000e-01 5.26012e-01
2.20000e-01 5.25515e-01
2.24000e-01 5.21126e-01
2.28000e-01 4.98326e-01
2.32000e-01 4.58398e-01
2.36000e-01 4.43777e-01
2.40000e-01 4.43158e-01
2.44000e-01 4.43406e-01
2.48000e-01 4.44786e-01
2.52000e-01 4.48587e-01
2.56000e-01 4.54802e-01
2.60000e-01 4.59534e-01
2.64000e-01 4.60795e-01
2.68000e-01 4.60995e-01
2.72000e-01 4.61120e-01
2.76000e-01 4.61360e-01
2.80000e-01 4.61943e-01
2.84000e-01 4.63209e-01
2.88000e-01 4.65456e-01
2.92000e-01 4.68463e-01
2.96000e-01 4.71290e-01
3.00000e-01 4.73227e-01
3.04000e-01 4.74502e-01
3.08000e-01 4.75629e-01
3.12000e-01 4.77031e-01
3.16000e-01 4.79128e-01
3.20000e-01 4.82487e-01
3.24000e-01 4.88158e-01
3.28000e-01 4.98279e-01
3.32000e-01 5.15001e-01
3.36000e-01 5.31418e-01
3.40000e-01 5.36298e-01
3.44000e-01 5.36435e-01
3.48000e-01 5.35951e-01
3.52000e-01 5.32188e-01
3.56000e-01 5.18826e-01
3.60000e-01 5.01976e-01
3.64000e-01 4.95619e-01
3.68000e-01 4.93443e-01
3.72000e-01 4.89360e-01
3.76000e-01 4.75162e-01
3.80000e-01 4.52036e-01
3.84000e-01 4.43125e-01
3.88000e-01 4.42797e-01
3.92000e-01 4.43327e-01
3.96000e-01 4.45978e-01
4.00000e-01 4.53589e-01
4.04000e-01 4.69905e-01
4.08000e-01 4.89131e-01
4.12000e-01 4.94563e-01
4.16000e-01 4.93742e-01
4.20000e-01 4.83584e-01
4.24000e-01 4.50648e-01
4.28000e-01 4.26039e-01
4.32000e-01 4.23377e-01
4.36000e-01 4.23731e-01
4.40000e-01 4.25859e-01
4.44000e-01 4.31128e-01
4.48000e-01 4.39149e-01
4.52000e-01 4.47735e-01
4.56000e-01 4.54769e-01
4.60000e-01 4.59784e-01
4.64000e-01 4.63490e-01
4.68000e-01 4.66677e-01
4.72000e-01 4.69849e-01
4.76000e-01 4.73249e-01
4.80000e-01 4.76928e-01
4.84000e-01 4.80811e-01
4.88000e-01 4.84765e-01
4.92000e-01 4.88665e-01
4.96000e-01 4.92420e-01
5.00000e-01 4.95959e-01
5.04000e-01 4.99211e-01
5.08000e-01 5.02154e-01
5.12000e-01 5.04987e-01
5.16000e-01 5.08383e-01
5.20000e-01 5.14181e-01
5.24000e-01 5.26522e-01
5.28000e-01 5.44330e-01
5.32000e-01 5.50629e-01
5.36000e-01 5.49520e-01
5.40000e-01 5.33232e-01
5.44000e-01 4.81739e-01
5.48000e-01 4.50668e-01
5.52000e-01 4.48313e-01
5.56000e-01 4.48677e-01
5.60000e-01 4.50660e-01
5.64000e-01 4.55115e-01
5.68000e-01 4.61229e-01
5.72000e-01 4.67663e-01
5.76000e-01 4.74359e-01
5.80000e-01 4.82755e-01
5.84000e-01 4.94951e-01
5.88000e-01 5.09268e-01
5.92000e-01 5.16684e-01
5.96000e-01 5.17606e-01
6.00000e-01 5.17621e-01
6.04000e-01 5.17621e-01
6.08000e-01 5.17618e-01
6.12000e-01 5.17598e-01
6.16000e-01 5.17495e-01
6.20000e-01 5.17022e-01
6.24000e-01 5.15203e-01
6.28000e-01 5.10458e-01
6.32000e-01 5.04107e-01
6.36000e-01 4.99811e-01
6.40000e-01 4.96532e-01
6.44000e-01 4.90260e-01
6.48000e-01 4.75578e-01
6.52000e-01 4.60683e-01
6.56000e-01 4.57222e-01
6.60000e-01 4.57152e-01
6.64000e-01 4.57297e-01
6.68000e-01 4.58002e-01
6.72000e-01 4.59868e-01
6.76000e-01 4.63353e-01
6.80000e-01 4.68375e-01
6.84000e-01 4.74464e-01
6.88000e-01 4.81500e-01
6.92000e-01 4.90405e-01
6.96000e-01 5.03256e-01
7.00000e-01 5.20353e-01
7.04000e-01 5.32707e-01
7.08000e-01 5.35287e-01
7.12000e-01 5.35374e-01
7.16000e-01 5.35374e-01
7.20000e-01 5.35374e-01
7.24000e-01 5.35374e-01
7.28000e-01 5.35374e-01
7.32000e-01 5.35374e-01
7.36000e-01 5.35374e-01
7.40000e-01 5.35374e-01
7.44000e-01 5.35374e-01
7.48000e-01 5.35377e-01
7.52000e-01 5.35390e-01
7.56000e-01 5.35464e-01
7.60000e-01 5.35830e-01
7.64000e-01 5.36934e-01
7.68000e-01 5.37958e-01
7.72000e-01 5.38053e-01
7.76000e-01 5.37780e-01
7.80000e-01 5.35622e-01
7.84000e-01 5.27513e-01
7.88000e-01 5.15512e-01
7.92000e-01 5.10222e-01
7.96000e-01 5.08968e-01
8.00000e-01 5.07594e-01
8.04000e-01 5.02620e-01
8.08000e-01 4.88396e-01
8.12000e-01 4.74265e-01
8.16000e-01 4.71467e-01
8.20000e-01 4.71476e-01
8.24000e-01 4.72003e-01
8.28000e-01 4.74277e-01
8.32000e-01 4.80582e-01
8.36000e-01 4.92173e-01
8.40000e-01 5.02166e-01
8.44000e-01 5.04571e-01
8.48000e-01 5.04674e-01
8.52000e-01 5.04680e-01
8.56000e-01 5.04687e-01
8.60000e-01 5.04711e-01
8.64000e-01 5.04790e-01
8.68000e-01 5.05005e-01
8.72000e-01 5.05507e-01
8.76000e-01 5.06493e-01
8.80000e-01 5.08114e-01
8.84000e-01 5.10320e-01
8.88000e-01 5.12899e-01
8.92000e-01 5.15779e-01
8.96000e-01 5.19350e-01
9.00000e-01 5.24804e-01
9.04000e-01 5.34637e-01
9.08000e-01 5.50672e-01
9.12000e-01 5.64470e-01
9.16000e-01 5.67818e-01
9.20000e-01 5.67945e-01
9.24000e-01 5.67945e-01
9.28000e-01 5.67945e-01
9.32000e-01 5.67945e-01
9.36000e-01 5.67945e-01
9.40000e-01 5.67945e-01
9.44000e-01 5.67945e-01
9.48000e-01 5.67945e-01
9.52000e-01 5.67945e-01
9.56000e-01 5.67945e-01
9.60000e-01 5.67945e-01
9.64000e-01 5.67945e-01
9.68000e-01 5.67944e-01
9.72000e-01 5.67941e-01
9.76000e-01 5.67919e-01
9.80000e-01 5.67694e-01
9.84000e-01 5.65163e-01
9.88000e-01 5.45215e-01
9.92000e-01 4.90405e-01
9.96000e-01 4.59364e-01
1.00000e+00 4.56603e-01
1.00400e+00 4.56408e-01
1.00800e+00 4.56067e-01
1.01200e+00 4.54599e-01
1.01600e+00 4.49773e-01
1.02000e+00 4.42117e-01
1.02400e+00 4.38498e-01
1.02800e+00 4.38199e-01
1.03200e+00 4.38209e-01
1.03600e+00 4.38304e-01
1.04000e+00 4.38656e-01
1.04400e+00 4.39532e-01
1.04800e+00 4.41240e-01
1.05200e+00 4.43987e-01
1.05600e+00 4.47758e-01
1.06000e+00 4.52287e-01
1.06400e+00 4.57150e-01
1.06800e+00 4.61915e-01
1.07200e+00 4.66266e-01
1.07600e+00 4.70055e-01
1.08000e+00 4.73301e-01
1.08400e+00 4.76138e-01
1.08800e+00 4.78758e-01
1.09200e+00 4.81381e-01
1.09600e+00 4.84215e-01
1.10000e+00 4.87288e-01
1.10400e+00 4.90104e-01
1.10800e+00 4.91856e-01
1.11200e+00 4.92553e-01
1.11600e+00 4.92815e-01
1.12000e+00 4.92985e-01
1.12400e+00 4.93175e-01
1.12800e+00 4.93449e-01
1.13200e+00 4.93860e-01
1.13600e+00 4.94457e-01
1.14000e+00 4.95277e-01
1.14400e+00 4.96337e-01
1.14800e+00 4.97631e-01
1.15200e+00 4.99129e-01
1.15600e+00 5.00782e-01
1.16000e+00 5.02536e-01
1.16400e+00 5.04355e-01
1.16800e+00 5.06238e-01
1.17200e+00 5.08235e-01
1.17600e+00 5.10443e-01
1.18000e+00 5.12941e-01
1.18400e+00 5.15611e-01
1.18800e+00 5.17949e-01
1.19200e+00 5.19438e-01
1.19600e+00 5.20174e-01
1.20000e+00 5.20574e-01
1.20400e+00 5.20897e-01
1.20800e+00 5.21265e-01
1.21200e+00 5.21748e-01
1.21600e+00 5.22373e-01
1.22000e+00 5.23109e-01
1.22400e+00 5.23914e-01
1.22800e+00 5.24872e-01
1.23200e+00 5.26387e-01
1.23600e+00 5.29766e-01
1.24000e+00 5.38372e-01
1.24400e+00 5.53048e-01
1.24800e+00 5.60417e-01
1.25200e+00 5.60516e-01
1.25600e+00 5.56272e-01
1.26000e+00 5.32382e-01
1.26400e+00 4.93694e-01
1.26800e+00 4.77134e-01
1.27200e+00 4.72790e-01
1.27600e+00 4.69454e-01
1.28000e+00 4.66395e-01
1.28400e+00 4.65444e-01
1.28800e+00 4.65409e-01
1.29200e+00 4.65450e-01
1.29600e+00 4.65701e-01
1.30000e+00 4.66605e-01
1.30400e+00 4.69185e-01
1.30800e+00 4.75131e-01
1.31200e+00 4.83881e-01
1.31600e+00 4.88955e-01
1.32000e+00 4.89632e-01
1.32400e+00 4.89644e-01
1.32800e+00 4.89644e-01
1.33200e+00 4.89644e-01
1.33600e+00 4.89644e-01
1.34000e+00 4.89644e-01
1.34400e+00 4.89644e-01
1.34800e+00 4.89644e-01
1.35200e+00 4.89644e-01
1.35600e+00 4.89644e-01
1.36000e+00 4.89644e-01
1.36400e+00 4.89645e-01
1.36800e+00 4.89645e-01
1.37200e+00 4.89647e-01
1.37600e+00 4.89653e-01
1.38000e+00 4.89671e-01
1.38400e+00 4.89728e-01
1.38800e+00 4.89909e-01
1.39200e+00 4.90494e-01
1.39600e+00 4.92324e-01
1.40000e+00 4.97127e-01
1.40400e+00 5.04318e-01
1.40800e+00 5.07617e-01
1.41200e+00 5.07779e-01
1.41600e+00 5.07410e-01
1.42000e+00 5.04665e-01
1.42400e+00 4.94994e-01
1.42800e+00 4.82300e-01
1.43200e+00 4.78312e-01
1.43600e+00 4.78131e-01
1.44000e+00 4.78135e-01
1.44400e+00 4.78172e-01
1.44800e+00 4.78310e-01
1.45200e+00 4.78669e-01
1.45600e+00 4.79426e-01
1.46000e+00 4.80883e-01
1.46400e+00 4.83717e-01
1.46800e+00 4.89549e-01
1.47200e+00 5.00709e-01
1.47600e+00 5.13509e-01
1.48000e+00 5.17918e-01
1.48400e+00 5.18020e-01
1.48800e+00 5.17102e-01
1.49200e+00 5.10600e-01
1.49600e+00 4.91397e-01
1.50000e+00 4.75547e-01
1.50400e+00 4.73434e-01
1.50800e+00 4.73644e-01
1.51200e+00 4.74855e-01
1.51600e+00 4.75852e-01
1.52000e+00 4.75795e-01
1.52400e+00 4.74433e-01
1.52800e+00 4.67915e-01
1.53200e+00 4.54976e-01
1.53600e+00 4.47593e-01
1.54000e+00 4.46806e-01
1.54400e+00 4.46799e-01
1.54800e+00 4.46807e-01
1.55200e+00 4.46843e-01
1.55600e+00 4.46935e-01
1.56000e+00 4.47085e-01
1.56400e+00 4.47260e-01
1.56800e+00 4.47440e-01
1.57200e+00 4.47665e-01
1.57600e+00 4.48053e-01
1.58000e+00 4.48897e-01
1.58400e+00 4.50879e-01
1.58800e+00 4.55202e-01
1.59200e+00 4.61839e-01
1.59600e+00 4.66275e-01
1.60000e+00 4.67030e-01
1.60400e+00 4.67049e-01
1.60800e+00 4.67049e-01
1.61200e+00 4.67049e-01
1.61600e+00 4.67049e-01
1.62000e+00 4.67049e-01
1.62400e+00 4.67049e-01
1.62800e+00 4.67049e-01
1.63200e+00 4.67050e-01
1.63600e+00 4.67052e-01
1.64000e+00 4.67056e-01
1.64400e+00 4.67067e-01
1.64800e+00 4.67093e-01
1.65200e+00 4.67149e-01
1.65600e+00 4.67266e-01
1.66000e+00 4.67488e-01
1.66400e+00 4.67865e-01
1.66800e+00 4.68437e-01
1.67200e+00 4.69245e-01
1.67600e+00 4.70419e-01
1.68000e+00 4.72368e-01
1.68400e+00 4.76073e-01
1.68800e+00 4.82807e-01
1.69200e+00 4.90475e-01
1.69600e+00 4.93553e-01
1.70000e+00 4.93804e-01
1.70400e+00 4.93806e-01
1.70800e+00 4.93806e-01
1.71200e+00 4.93806e-01
1.71600e+00 4.93806e-01
1.72000e+00 4.93806e-01
1.72400e+00 4.93807e-01
1.72800e+00 4.93808e-01
1.73200e+00 4.93813e-01
1.73600e+00 4.93834e-01
1.74000e+00 4.93921e-01
1.74400e+00 4.94263e-01
1.74800e+00 4.95489e-01
1.75200e+00 4.98549e-01
1.75600e+00 5.01610e-01
1.76000e+00 5.02174e-01
1.76400e+00 5.02046e-01
1.76800e+00 5.00738e-01
1.77200e+00 4.94964e-01
1.77600e+00 4.84099e-01
1.78000e+00 4.78501e-01
1.78400e+00 4.78055e-01
1.78800e+00 4.78108e-01
1.79200e+00 4.78531e-01
1.79600e+00 4.80144e-01
1.80000e+00 4.84673e-01
1.80400e+00 4.94261e-01
1.80800e+00 5.05713e-01
1.81200e+00 5.10296e-01
1.81600e+00 5.10651e-01
1.82000e+00 5.10653e-01
1.82400e+00 5.10652e-01
1.82800e+00 5.10634e-01
1.83200e+00 5.10515e-01
1.83600e+00 5.09743e-01
1.84000e+00 5.05436e-01
1.84400e+00 4.90159e-01
1.84800e+00 4.69885e-01
1.85200e+00 4.63669e-01
1.85600e+00 4.63415e-01
1.86000e+00 4.63445e-01
1.86400e+00 4.63653e-01
1.86800e+00 4.64350e-01
1.87200e+00 4.66047e-01
1.87600e+00 4.69383e-01
1.88000e+00 4.74548e-01
1.88400e+00 4.79962e-01
1.88800e+00 4.83247e-01
1.89200e+00 4.84659e-01
1.89600e+00 4.85629e-01
1.90000e+00 4.87216e-01
1.90400e+00 4.90991e-01
1.90800e+00 4.97040e-01
1.91200e+00 4.99833e-01
1.91600e+00 4.99847e-01
1.92000e+00 4.98325e-01
1.92400e+00 4.89301e-01
1.92800e+00 4.68032e-01
1.93200e+00 4.54429e-01
1.93600e+00 4.52884e-01
1.94000e+00 4.52878e-01
1.94400e+00 4.52944e-01
1.94800e+00 4.53171e-01
1.95200e+00 4.53542e-01
1.95600e+00 4.53918e-01
1.96000e+00 4.54276e-01
1.96400e+00 4.54777e-01
1.96800e+00 4.55808e-01
1.97200e+00 4.58251e-01
1.97600e+00 4.63556e-01
1.98000e+00 4.71273e-01
1.98400e+00 4.75836e-01
1.98800e+00 4.76477e-01
1.99200e+00 4.76489e-01
1.99600e+00 4.76489e-01
