0.00000e+00 5.60627e-01
4.00000e-03 5.60627e-01
8.00000e-03 5.60627e-01
1.20000e-02 5.60627e-01
1.60000e-02 5.60633e-01
2.00000e-02 5.60700e-01
2.40000e-02 5.61205e-01
2.80000e-02 5.63540e-01
3.20000e-02 5.68333e-01
3.60000e-02 5.70952e-01
4.00000e-02 5.71134e-01
4.40000e-02 5.70991e-01
4.80000e-02 5.69216e-01
5.20000e-02 5.57281e-01
5.60000e-02 5.25408e-01
6.00000e-02 5.05388e-01
6.40000e-02 5.03602e-01
6.80000e-02 5.03788e-01
7.20000e-02 5.05202e-01
7.60000e-02 5.10056e-01
8.00000e-02 5.21930e-01
8.40000e-02 5.44493e-01
8.80000e-02 5.70026e-01
9.20000e-02 5.79833e-01
9.60000e-02 5.80537e-01
1.00000e-01 5.80541e-01
1.04000e-01 5.80534e-01
1.08000e-01 5.80481e-01
1.12000e-01 5.80197e-01
1.16000e-01 5.79168e-01
1.20000e-01 5.77337e-01
1.24000e-01 5.76294e-01
1.28000e-01 5.76099e-01
1.32000e-01 5.75971e-01
1.36000e-01 5.75013e-01
1.40000e-01 5.63333e-01
1.44000e-01 5.03466e-01
1.48000e-01 4.43684e-01
1.52000e-01 4.36321e-01
1.56000e-01 4.37749e-01
1.60000e-01 4.45457e-01
1.64000e-01 4.59433e-01
1.68000e-01 4.67172e-01
1.72000e-01 4.67893e-01
1.76000e-01 4.67762e-01
1.80000e-01 4.66659e-01
1.84000e-01 4.62709e-01
1.88000e-01 4.56958e-01
1.92000e-01 4.54808e-01
1.96000e-01 4.54724e-01
2.00000e-01 4.54843e-01
2.04000e-01 4.55479e-01
2.08000e-01 4.57302e-01
2.12000e-01 4.61106e-01
2.16000e-01 4.67736e-01
2.20000e-01 4.78535e-01
2.24000e-01 4.95360e-01
2.28000e-01 5.15017e-01
2.32000e-01 5.24839e-01
2.36000e-01 5.25910e-01
2.40000e-01 5.25885e-01
2.44000e-01 5.25344e-01
2.48000e-01 5.20535e-01
2.52000e-01 4.96464e-01
2.56000e-01 4.57179e-01
2.60000e-01 4.44100e-01
2.64000e-01 4.43652e-01
2.68000e-01 4.44000e-01
2.72000e-01 4.45788e-01
2.76000e-01 4.50358e-01
2.80000e-01 4.56746e-01
2.84000e-01 4.60353e-01
2.88000e-01 4.61006e-01
2.92000e-01 4.61118e-01
2.96000e-01 4.61223e-01
3.00000e-01 4.61465e-01
3.04000e-01 4.62066e-01
3.08000e-01 4.63367e-01
3.12000e-01 4.65665e-01
3.16000e-01 4.68750e-01
3.20000e-01 4.71648e-01
3.24000e-01 4.73594e-01
3.28000e-01 4.74813e-01
3.32000e-01 4.75838e-01
3.36000e-01 4.77077e-01
3.40000e-01 4.78904e-01
3.44000e-01 4.81791e-01
3.48000e-01 4.86560e-01
3.52000e-01 4.94936e-01
3.56000e-01 5.09499e-01
3.60000e-01 5.27276e-01
3.64000e-01 5.35438e-01
3.68000e-01 5.36085e-01
3.72000e-01 5.35928e-01
3.76000e-01 5.34309e-01
3.80000e-01 5.26654e-01
3.84000e-01 5.10648e-01
3.88000e-01 4.98410e-01
3.92000e-01 4.92500e-01
3.96000e-01 4.84986e-01
4.00000e-01 4.67538e-01
4.04000e-01 4.48187e-01
4.08000e-01 4.43482e-01
4.12000e-01 4.43467e-01
4.16000e-01 4.44258e-01
4.20000e-01 4.47579e-01
4.24000e-01 4.56705e-01
4.28000e-01 4.74423e-01
4.32000e-01 4.89504e-01
4.36000e-01 4.91531e-01
4.40000e-01 4.89529e-01
4.44000e-01 4.74031e-01
4.48000e-01 4.40503e-01
4.52000e-01 4.25179e-01
4.56000e-01 4.24440e-01
4.60000e-01 4.25067e-01
4.64000e-01 4.27884e-01
4.68000e-01 4.33920e-01
4.72000e-01 4.42330e-01
4.76000e-01 4.50715e-01
4.80000e-01 4.57153e-01
4.84000e-01 4.61530e-01
4.88000e-01 4.64725e-01
4.92000e-01 4.67527e-01
4.96000e-01 4.70404e-01
5.00000e-01 4.73574e-01
5.04000e-01 4.77073e-01
5.08000e-01 4.80812e-01
5.12000e-01 4.84647e-01
5.16000e-01 4.88447e-01
5.20000e-01 4.92121e-01
5.24000e-01 4.95592e-01
5.28000e-01 4.98755e-01
5.32000e-01 5.01530e-01
5.36000e-01 5.04032e-01
5.40000e-01 5.06790e-01
5.44000e-01 5.11231e-01
5.48000e-01 5.20916e-01
5.52000e-01 5.37571e-01
5.56000e-01 5.46113e-01
5.60000e-01 5.45793e-01
5.64000e-01 5.34921e-01
5.68000e-01 4.90609e-01
5.72000e-01 4.53713e-01
5.76000e-01 4.49322e-01
5.80000e-01 4.49556e-01
5.84000e-01 4.51211e-01
5.88000e-01 4.55371e-01
5.92000e-01 4.61464e-01
5.96000e-01 4.67989e-01
6.00000e-01 4.74599e-01
6.04000e-01 4.82572e-01
6.08000e-01 4.94040e-01
6.12000e-01 5.08167e-01
6.16000e-01 5.16379e-01
6.20000e-01 5.17595e-01
6.24000e-01 5.17621e-01
6.28000e-01 5.17621e-01
6.32000e-01 5.17619e-01
6.36000e-01 5.17608e-01
6.40000e-01 5.17550e-01
6.44000e-01 5.17285e-01
6.48000e-01 5.16236e-01
6.52000e-01 5.13148e-01
6.56000e-01 5.07686e-01
6.60000e-01 5.02119e-01
6.64000e-01 4.96718e-01
6.68000e-01 4.87640e-01
6.72000e-01 4.71412e-01
6.76000e-01 4.59286e-01
6.80000e-01 4.57314e-01
6.84000e-01 4.57303e-01
6.88000e-01 4.57471e-01
6.92000e-01 4.58196e-01
6.96000e-01 4.60053e-01
7.00000e-01 4.63469e-01
7.04000e-01 4.68352e-01
7.08000e-01 4.74183e-01
7.12000e-01 4.80718e-01
7.16000e-01 4.88636e-01
7.20000e-01 4.99812e-01
7.24000e-01 5.15804e-01
7.28000e-01 5.30493e-01
7.32000e-01 5.35100e-01
7.36000e-01 5.35372e-01
7.40000e-01 5.35374e-01
7.44000e-01 5.35374e-01
7.48000e-01 5.35374e-01
7.52000e-01 5.35374e-01
7.56000e-01 5.35374e-01
7.60000e-01 5.35374e-01
7.64000e-01 5.35374e-01
7.68000e-01 5.35374e-01
7.72000e-01 5.35375e-01
7.76000e-01 5.35381e-01
7.80000e-01 5.35413e-01
7.84000e-01 5.35586e-01
7.88000e-01 5.36268e-01
7.92000e-01 5.37420e-01
7.96000e-01 5.37794e-01
8.00000e-01 5.37735e-01
8.04000e-01 5.36970e-01
8.08000e-01 5.32946e-01
8.12000e-01 5.22621e-01
8.16000e-01 5.12818e-01
8.20000e-01 5.09139e-01
8.24000e-01 5.06939e-01
8.28000e-01 5.01895e-01
8.32000e-01 4.88569e-01
8.36000e-01 4.74804e-01
8.40000e-01 4.71819e-01
8.44000e-01 4.71808e-01
8.48000e-01 4.72245e-01
8.52000e-01 4.74224e-01
8.56000e-01 4.79900e-01
8.60000e-01 4.90945e-01
8.64000e-01 5.01540e-01
8.68000e-01 5.04529e-01
8.72000e-01 5.04680e-01
8.76000e-01 5.04685e-01
8.80000e-01 5.04689e-01
8.84000e-01 5.04702e-01
8.88000e-01 5.04748e-01
8.92000e-01 5.04881e-01
8.96000e-01 5.05213e-01
9.00000e-01 5.05922e-01
9.04000e-01 5.07202e-01
9.08000e-01 5.09129e-01
9.12000e-01 5.11544e-01
9.16000e-01 5.14213e-01
9.20000e-01 5.17180e-01
9.24000e-01 5.21040e-01
9.28000e-01 5.27319e-01
9.32000e-01 5.38827e-01
9.36000e-01 5.55575e-01
9.40000e-01 5.66282e-01
9.44000e-01 5.67913e-01
9.48000e-01 5.67945e-01
9.52000e-01 5.67945e-01
9.56000e-01 5.67945e-01
9.60000e-01 5.67945e-01
9.64000e-01 5.67945e-01
9.68000e-01 5.67945e-01
9.72000e-01 5.67945e-01
9.76000e-01 5.67945e-01
9.80000e-01 5.67945e-01
9.84000e-01 5.67945e-01
9.88000e-01 5.67945e-01
9.92000e-01 5.67945e-01
9.96000e-01 5.67944e-01
1.00000e+00 5.67935e-01
1.00400e+00 5.67827e-01
1.00800e+00 5.66530e-01
1.01200e+00 5.54476e-01
1.01600e+00 5.06889e-01
1.02000e+00 4.63491e-01
1.02400e+00 4.56502e-01
1.02800e+00 4.55928e-01
1.03200e+00 4.55215e-01
1.03600e+00 4.52699e-01
1.04000e+00 4.46308e-01
1.04400e+00 4.39863e-01
1.04800e+00 4.38287e-01
1.05200e+00 4.38242e-01
1.05600e+00 4.38270e-01
1.06000e+00 4.38431e-01
1.06400e+00 4.38926e-01
1.06800e+00 4.40037e-01
1.07200e+00 4.42048e-01
1.07600e+00 4.45101e-01
1.08000e+00 4.49098e-01
1.08400e+00 4.53718e-01
1.08800e+00 4.58533e-01
1.09200e+00 4.63147e-01
1.09600e+00 4.67287e-01
1.10000e+00 4.70849e-01
1.10400e+00 4.73879e-01
1.10800e+00 4.76517e-01
1.11200e+00 4.78961e-01
1.11600e+00 4.81447e-01
1.12000e+00 4.84227e-01
1.12400e+00 4.87390e-01
1.12800e+00 4.90372e-01
1.13200e+00 4.92134e-01
1.13600e+00 4.92718e-01
1.14000e+00 4.92898e-01
1.14400e+00 4.93012e-01
1.14800e+00 4.93152e-01
1.15200e+00 4.93371e-01
1.15600e+00 4.93723e-01
1.16000e+00 4.94256e-01
1.16400e+00 4.95011e-01
1.16800e+00 4.96010e-01
1.17200e+00 4.97251e-01
1.17600e+00 4.98706e-01
1.18000e+00 5.00326e-01
1.18400e+00 5.02052e-01
1.18800e+00 5.03832e-01
1.19200e+00 5.05649e-01
1.19600e+00 5.07537e-01
1.20000e+00 5.09597e-01
1.20400e+00 5.11965e-01
1.20800e+00 5.14683e-01
1.21200e+00 5.17372e-01
1.21600e+00 5.19273e-01
1.22000e+00 5.20177e-01
1.22400e+00 5.20569e-01
1.22800e+00 5.20823e-01
1.23200e+00 5.21093e-01
1.23600e+00 5.21462e-01
1.24000e+00 5.21981e-01
1.24400e+00 5.22643e-01
1.24800e+00 5.23382e-01
1.25200e+00 5.24178e-01
1.25600e+00 5.25216e-01
1.26000e+00 5.27176e-01
1.26400e+00 5.32140e-01
1.26800e+00 5.43693e-01
1.27200e+00 5.56065e-01
1.27600e+00 5.58473e-01
1.28000e+00 5.57544e-01
1.28400e+00 5.47552e-01
1.28800e+00 5.13255e-01
1.29200e+00 4.79376e-01
1.29600e+00 4.68940e-01
1.30000e+00 4.66391e-01
1.30400e+00 4.65563e-01
1.30800e+00 4.65448e-01
1.31200e+00 4.65452e-01
1.31600e+00 4.65510e-01
1.32000e+00 4.65794e-01
1.32400e+00 4.66765e-01
1.32800e+00 4.69485e-01
1.33200e+00 4.75643e-01
1.33600e+00 4.84356e-01
1.34000e+00 4.89067e-01
1.34400e+00 4.89635e-01
1.34800e+00 4.89644e-01
1.35200e+00 4.89644e-01
1.35600e+00 4.89644e-01
1.36000e+00 4.89644e-01
1.36400e+00 4.89644e-01
1.36800e+00 4.89644e-01
1.37200e+00 4.89644e-01
1.37600e+00 4.89644e-01
1.38000e+00 4.89644e-01
1.38400e+00 4.89644e-01
1.38800e+00 4.89644e-01
1.39200e+00 4.89645e-01
1.39600e+00 4.89647e-01
1.40000e+00 4.89651e-01
1.40400e+00 4.89666e-01
1.40800e+00 4.89713e-01
1.41200e+00 4.89864e-01
1.41600e+00 4.90353e-01
1.42000e+00 4.91905e-01
1.42400e+00 4.96149e-01
1.42800e+00 5.03200e-01
1.43200e+00 5.07109e-01
1.43600e+00 5.07407e-01
1.44000e+00 5.07146e-01
1.44400e+00 5.04983e-01
1.44800e+00 4.96560e-01
1.45200e+00 4.83569e-01
1.45600e+00 4.78465e-01
1.46000e+00 4.78148e-01
1.46400e+00 4.78149e-01
1.46800e+00 4.78176e-01
1.47200e+00 4.78287e-01
1.47600e+00 4.78587e-01
1.48000e+00 4.79242e-01
1.48400e+00 4.80529e-01
1.48800e+00 4.83058e-01
1.49200e+00 4.88304e-01
1.49600e+00 4.98667e-01
1.50000e+00 5.11756e-01
1.50400e+00 5.17172e-01
1.50800e+00 5.17411e-01
1.51200e+00 5.16747e-01
1.51600e+00 5.11543e-01
1.52000e+00 4.94302e-01
1.52400e+00 4.77208e-01
1.52800e+00 4.74151e-01
1.53200e+00 4.74236e-01
1.53600e+00 4.74889e-01
1.54000e+00 4.75255e-01
1.54400e+00 4.75038e-01
1.54800e+00 4.72965e-01
1.55200e+00 4.64837e-01
1.55600e+00 4.52270e-01
1.56000e+00 4.47156e-01
1.56400e+00 4.46809e-01
1.56800e+00 4.46808e-01
1.57200e+00 4.46819e-01
1.57600e+00 4.46864e-01
1.58000e+00 4.46966e-01
1.58400e+00 4.47125e-01
1.58800e+00 4.47308e-01
1.59200e+00 4.47510e-01
1.59600e+00 4.47784e-01
1.60000e+00 4.48288e-01
1.60400e+00 4.49406e-01
1.60800e+00 4.51998e-01
1.61200e+00 4.57241e-01
1.61600e+00 4.63774e-01
1.62000e+00 4.66754e-01
1.62400e+00 4.67045e-01
1.62800e+00 4.67049e-01
1.63200e+00 4.67049e-01
1.63600e+00 4.67049e-01
1.64000e+00 4.67049e-01
1.64400e+00 4.67049e-01
1.64800e+00 4.67049e-01
1.65200e+00 4.67049e-01
1.65600e+00 4.67050e-01
1.66000e+00 4.67052e-01
1.66400e+00 4.67057e-01
1.66800e+00 4.67068e-01
1.67200e+00 4.67095e-01
1.67600e+00 4.67153e-01
1.68000e+00 4.67272e-01
1.68400e+00 4.67495e-01
1.68800e+00 4.67870e-01
1.69200e+00 4.68435e-01
1.69600e+00 4.69236e-01
1.70000e+00 4.70418e-01
1.70400e+00 4.72420e-01
1.70800e+00 4.76273e-01
1.71200e+00 4.83214e-01
1.71600e+00 4.90785e-01
1.72000e+00 4.93599e-01
1.72400e+00 4.93805e-01
1.72800e+00 4.93806e-01
1.73200e+00 4.93806e-01
1.73600e+00 4.93806e-01
1.74000e+00 4.93806e-01
1.74400e+00 4.93806e-01
1.74800e+00 4.93806e-01
1.75200e+00 4.93808e-01
1.75600e+00 4.93812e-01
1.76000e+00 4.93830e-01
1.76400e+00 4.93905e-01
1.76800e+00 4.94203e-01
1.77200e+00 4.95286e-01
1.77600e+00 4.98098e-01
1.78000e+00 5.01164e-01
1.78400e+00 5.01825e-01
1.78800e+00 5.01728e-01
1.79200e+00 5.00643e-01
1.79600e+00 4.95575e-01
1.80000e+00 4.85082e-01
1.80400e+00 4.78829e-01
1.80800e+00 4.78201e-01
1.81200e+00 4.78238e-01
1.81600e+00 4.78570e-01
1.82000e+00 4.79906e-01
1.82400e+00 4.83782e-01
1.82800e+00 4.92451e-01
1.83200e+00 5.04194e-01
1.83600e+00 5.10029e-01
1.84000e+00 5.10644e-01
1.84400e+00 5.10651e-01
1.84800e+00 5.10650e-01
1.85200e+00 5.10633e-01
1.85600e+00 5.10517e-01
1.86000e+00 5.09761e-01
1.86400e+00 5.05534e-01
1.86800e+00 4.90429e-01
1.87200e+00 4.70105e-01
1.87600e+00 4.63754e-01
1.88000e+00 4.63488e-01
1.88400e+00 4.63517e-01
1.88800e+00 4.63722e-01
1.89200e+00 4.64416e-01
1.89600e+00 4.66117e-01
1.90000e+00 4.69492e-01
1.90400e+00 4.74754e-01
1.90800e+00 4.80256e-01
1.91200e+00 4.83528e-01
1.91600e+00 4.84895e-01
1.92000e+00 4.85840e-01
1.92400e+00 4.87422e-01
1.92800e+00 4.91177e-01
1.93200e+00 4.96813e-01
1.93600e+00 4.99055e-01
1.94000e+00 4.98998e-01
1.94400e+00 4.97225e-01
1.94800e+00 4.87477e-01
1.95200e+00 4.66321e-01
1.95600e+00 4.54143e-01
1.96000e+00 4.52934e-01
1.96400e+00 4.52932e-01
1.96800e+00 4.52995e-01
1.97200e+00 4.53206e-01
1.97600e+00 4.53568e-01
1.98000e+00 4.53971e-01
1.98400e+00 4.54411e-01
1.98800e+00 4.54954e-01
1.99200e+00 4.58045e-01
1.99600e+00 4.58309e-01
