0.00000e+00 5.38585e-01
4.00000e-03 5.38585e-01
8.00000e-03 5.38585e-01
1.20000e-02 5.38587e-01
1.60000e-02 5.38613e-01
2.00000e-02 5.38857e-01
2.40000e-02 5.40407e-01
2.80000e-02 5.46264e-01
3.20000e-02 5.55914e-01
3.60000e-02 5.60260e-01
4.00000e-02 5.60635e-01
4.40000e-02 5.60685e-01
4.80000e-02 5.60795e-01
5.20000e-02 5.61355e-01
5.60000e-02 5.63620e-01
6.00000e-02 5.68181e-01
6.40000e-02 5.70713e-01
6.80000e-02 5.70861e-01
7.20000e-02 5.70491e-01
7.60000e-02 5.66545e-01
8.00000e-02 5.46566e-01
8.40000e-02 5.14632e-01
8.80000e-02 5.04486e-01
9.20000e-02 5.04202e-01
9.60000e-02 5.04628e-01
1.00000e-01 5.06810e-01
1.04000e-01 5.13019e-01
1.08000e-01 5.26669e-01
1.12000e-01 5.50317e-01
1.16000e-01 5.73266e-01
1.20000e-01 5.80180e-01
1.24000e-01 5.80536e-01
1.28000e-01 5.80537e-01
1.32000e-01 5.80532e-01
1.36000e-01 5.80497e-01
1.40000e-01 5.80299e-01
1.44000e-01 5.79490e-01
1.48000e-01 5.77815e-01
1.52000e-01 5.76623e-01
1.56000e-01 5.76171e-01
1.60000e-01 5.75247e-01
1.64000e-01 5.66172e-01
1.68000e-01 5.13901e-01
1.72000e-01 4.50673e-01
1.76000e-01 4.40584e-01
1.80000e-01 4.41804e-01
1.84000e-01 4.49017e-01
1.88000e-01 4.61463e-01
1.92000e-01 4.67202e-01
1.96000e-01 4.67552e-01
2.00000e-01 4.67325e-01
2.04000e-01 4.65776e-01
2.08000e-01 4.61174e-01
2.12000e-01 4.56133e-01
2.16000e-01 4.54881e-01
2.20000e-01 4.54868e-01
2.24000e-01 4.55025e-01
2.28000e-01 4.55723e-01
2.32000e-01 4.57580e-01
2.36000e-01 4.61279e-01
2.40000e-01 4.67505e-01
2.44000e-01 4.77407e-01
2.48000e-01 4.92914e-01
2.52000e-01 5.12470e-01
2.56000e-01 5.24081e-01
2.60000e-01 5.25729e-01
2.64000e-01 5.25714e-01
2.68000e-01 5.25127e-01
2.72000e-01 5.19889e-01
2.76000e-01 4.94638e-01
2.80000e-01 4.56188e-01
2.84000e-01 4.44537e-01
2.88000e-01 4.44228e-01
2.92000e-01 4.44709e-01
2.96000e-01 4.46981e-01
3.00000e-01 4.52290e-01
3.04000e-01 4.58388e-01
3.08000e-01 4.60833e-01
3.12000e-01 4.61138e-01
3.16000e-01 4.61209e-01
3.20000e-01 4.61305e-01
3.24000e-01 4.61554e-01
3.28000e-01 4.62179e-01
3.32000e-01 4.63520e-01
3.36000e-01 4.65881e-01
3.40000e-01 4.69054e-01
3.44000e-01 4.72026e-01
3.48000e-01 4.73970e-01
3.52000e-01 4.75125e-01
3.56000e-01 4.76048e-01
3.60000e-01 4.77137e-01
3.64000e-01 4.78732e-01
3.68000e-01 4.81232e-01
3.72000e-01 4.85281e-01
3.76000e-01 4.92235e-01
3.80000e-01 5.04573e-01
3.84000e-01 5.22245e-01
3.88000e-01 5.33970e-01
3.92000e-01 5.35778e-01
3.96000e-01 5.35757e-01
4.00000e-01 5.35168e-01
4.04000e-01 5.31721e-01
4.08000e-01 5.21239e-01
4.12000e-01 5.06260e-01
4.16000e-01 4.93167e-01
4.20000e-01 4.78124e-01
4.24000e-01 4.57645e-01
4.28000e-01 4.45360e-01
4.32000e-01 4.43950e-01
4.36000e-01 4.44095e-01
4.40000e-01 4.45259e-01
4.44000e-01 4.49506e-01
4.48000e-01 4.60480e-01
4.52000e-01 4.78450e-01
4.56000e-01 4.88262e-01
4.60000e-01 4.88546e-01
4.64000e-01 4.84453e-01
4.68000e-01 4.63214e-01
4.72000e-01 4.33431e-01
4.76000e-01 4.25508e-01
4.80000e-01 4.25456e-01
4.84000e-01 4.26492e-01
4.88000e-01 4.30044e-01
4.92000e-01 4.36790e-01
4.96000e-01 4.45461e-01
5.00000e-01 4.53517e-01
5.04000e-01 4.59300e-01
5.08000e-01 4.63053e-01
5.12000e-01 4.65780e-01
5.16000e-01 4.68240e-01
5.20000e-01 4.70858e-01
5.24000e-01 4.73829e-01
5.28000e-01 4.77173e-01
5.32000e-01 4.80788e-01
5.36000e-01 4.84520e-01
5.40000e-01 4.88233e-01
5.44000e-01 4.91840e-01
5.48000e-01 4.95263e-01
5.52000e-01 4.98375e-01
5.56000e-01 5.01037e-01
5.60000e-01 5.03301e-01
5.64000e-01 5.05606e-01
5.68000e-01 5.09103e-01
5.72000e-01 5.16771e-01
5.76000e-01 5.31620e-01
5.80000e-01 5.41613e-01
5.84000e-01 5.41871e-01
5.88000e-01 5.34678e-01
5.92000e-01 4.98019e-01
5.96000e-01 4.57459e-01
6.00000e-01 4.50385e-01
6.04000e-01 4.50481e-01
6.08000e-01 4.51809e-01
6.12000e-01 4.55592e-01
6.16000e-01 4.61574e-01
6.20000e-01 4.68190e-01
6.24000e-01 4.74778e-01
6.28000e-01 4.82413e-01
6.32000e-01 4.93204e-01
6.36000e-01 5.07036e-01
6.40000e-01 5.16003e-01
6.44000e-01 5.17579e-01
6.48000e-01 5.17620e-01
6.52000e-01 5.17620e-01
6.56000e-01 5.17619e-01
6.60000e-01 5.17613e-01
6.64000e-01 5.17581e-01
6.68000e-01 5.17437e-01
6.72000e-01 5.16865e-01
6.76000e-01 5.15083e-01
6.80000e-01 5.11283e-01
6.84000e-01 5.05727e-01
6.88000e-01 4.97956e-01
6.92000e-01 4.84463e-01
6.96000e-01 4.66597e-01
7.00000e-01 4.58165e-01
7.04000e-01 4.57407e-01
7.08000e-01 4.57425e-01
7.12000e-01 4.57625e-01
7.16000e-01 4.58383e-01
7.20000e-01 4.60242e-01
7.24000e-01 4.63606e-01
7.28000e-01 4.68374e-01
7.32000e-01 4.73997e-01
7.36000e-01 4.80119e-01
7.40000e-01 4.87214e-01
7.44000e-01 4.96885e-01
7.48000e-01 5.11269e-01
7.52000e-01 5.27334e-01
7.56000e-01 5.34630e-01
7.60000e-01 5.35365e-01
7.64000e-01 5.35374e-01
7.68000e-01 5.35374e-01
7.72000e-01 5.35374e-01
7.76000e-01 5.35374e-01
7.80000e-01 5.35374e-01
7.84000e-01 5.35374e-01
7.88000e-01 5.35374e-01
7.92000e-01 5.35374e-01
7.96000e-01 5.35374e-01
8.00000e-01 5.35377e-01
8.04000e-01 5.35391e-01
8.08000e-01 5.35468e-01
8.12000e-01 5.35829e-01
8.16000e-01 5.36787e-01
8.20000e-01 5.37520e-01
8.24000e-01 5.37566e-01
8.28000e-01 5.37350e-01
8.32000e-01 5.35764e-01
8.36000e-01 5.29760e-01
8.40000e-01 5.19087e-01
8.44000e-01 5.11176e-01
8.48000e-01 5.06663e-01
8.52000e-01 5.00488e-01
8.56000e-01 4.87610e-01
8.60000e-01 4.74931e-01
8.64000e-01 4.72127e-01
8.68000e-01 4.72108e-01
8.72000e-01 4.72477e-01
8.76000e-01 4.74205e-01
8.80000e-01 4.79304e-01
8.84000e-01 4.89741e-01
8.88000e-01 5.00813e-01
8.92000e-01 5.04461e-01
8.96000e-01 5.04684e-01
9.00000e-01 5.04688e-01
9.04000e-01 5.04691e-01
9.08000e-01 5.04698e-01
9.12000e-01 5.04725e-01
9.16000e-01 5.04806e-01
9.20000e-01 5.05020e-01
9.24000e-01 5.05509e-01
9.28000e-01 5.06471e-01
9.32000e-01 5.08071e-01
9.36000e-01 5.10278e-01
9.40000e-01 5.12834e-01
9.44000e-01 5.15544e-01
9.48000e-01 5.18607e-01
9.52000e-01 5.22847e-01
9.56000e-01 5.30164e-01
9.60000e-01 5.43425e-01
9.64000e-01 5.59824e-01
9.68000e-01 5.67257e-01
9.72000e-01 5.67938e-01
9.76000e-01 5.67945e-01
9.80000e-01 5.67945e-01
9.84000e-01 5.67945e-01
9.88000e-01 5.67945e-01
9.92000e-01 5.67945e-01
9.96000e-01 5.67945e-01
1.00000e+00 5.67945e-01
1.00400e+00 5.67945e-01
1.00800e+00 5.67945e-01
1.01200e+00 5.67945e-01
1.01600e+00 5.67945e-01
1.02000e+00 5.67945e-01
1.02400e+00 5.67940e-01
1.02800e+00 5.67888e-01
1.03200e+00 5.67243e-01
1.03600e+00 5.60540e-01
1.04000e+00 5.24255e-01
1.04400e+00 4.71526e-01
1.04800e+00 4.56515e-01
1.05200e+00 4.54929e-01
1.05600e+00 4.53574e-01
1.06000e+00 4.49845e-01
1.06400e+00 4.42951e-01
1.06800e+00 4.38775e-01
1.07200e+00 4.38283e-01
1.07600e+00 4.38285e-01
1.08000e+00 4.38346e-01
1.08400e+00 4.38595e-01
1.08800e+00 4.39261e-01
1.09200e+00 4.40632e-01
1.09600e+00 4.42952e-01
1.10000e+00 4.46288e-01
1.10400e+00 4.50469e-01
1.10800e+00 4.55137e-01
1.11200e+00 4.59872e-01
1.11600e+00 4.64316e-01
1.12000e+00 4.68244e-01
1.12400e+00 4.71587e-01
1.12800e+00 4.74408e-01
1.13200e+00 4.76855e-01
1.13600e+00 4.79128e-01
1.14000e+00 4.81479e-01
1.14400e+00 4.84216e-01
1.14800e+00 4.87507e-01
1.15200e+00 4.90685e-01
1.15600e+00 4.92411e-01
1.16000e+00 4.92856e-01
1.16400e+00 4.92963e-01
1.16800e+00 4.93033e-01
1.17200e+00 4.93131e-01
1.17600e+00 4.93302e-01
1.18000e+00 4.93597e-01
1.18400e+00 4.94067e-01
1.18800e+00 4.94757e-01
1.19200e+00 4.95693e-01
1.19600e+00 4.96880e-01
1.20000e+00 4.98292e-01
1.20400e+00 4.99882e-01
1.20800e+00 5.01585e-01
1.21200e+00 5.03340e-01
1.21600e+00 5.05109e-01
1.22000e+00 5.06906e-01
1.22400e+00 5.08817e-01
1.22800e+00 5.11009e-01
1.23200e+00 5.13653e-01
1.23600e+00 5.16601e-01
1.24000e+00 5.19007e-01
1.24400e+00 5.20192e-01
1.24800e+00 5.20604e-01
1.25200e+00 5.20802e-01
1.25600e+00 5.20987e-01
1.26000e+00 5.21246e-01
1.26400e+00 5.21646e-01
1.26800e+00 5.22215e-01
1.27200e+00 5.22904e-01
1.27600e+00 5.23631e-01
1.28000e+00 5.24441e-01
1.28400e+00 5.25679e-01
1.28800e+00 5.28482e-01
1.29200e+00 5.35854e-01
1.29600e+00 5.48983e-01
1.30000e+00 5.56109e-01
1.30400e+00 5.56309e-01
1.30800e+00 5.53094e-01
1.31200e+00 5.31417e-01
1.31600e+00 4.86870e-01
1.32000e+00 4.66851e-01
1.32400e+00 4.65463e-01
1.32800e+00 4.65455e-01
1.33200e+00 4.65457e-01
1.33600e+00 4.65474e-01
1.34000e+00 4.65560e-01
1.34400e+00 4.65890e-01
1.34800e+00 4.66938e-01
1.35200e+00 4.69804e-01
1.35600e+00 4.76166e-01
1.36000e+00 4.84812e-01
1.36400e+00 4.89163e-01
1.36800e+00 4.89638e-01
1.37200e+00 4.89644e-01
1.37600e+00 4.89644e-01
1.38000e+00 4.89644e-01
1.38400e+00 4.89644e-01
1.38800e+00 4.89644e-01
1.39200e+00 4.89644e-01
1.39600e+00 4.89644e-01
1.40000e+00 4.89644e-01
1.40400e+00 4.89644e-01
1.40800e+00 4.89644e-01
1.41200e+00 4.89644e-01
1.41600e+00 4.89645e-01
1.42000e+00 4.89646e-01
1.42400e+00 4.89650e-01
1.42800e+00 4.89662e-01
1.43200e+00 4.89701e-01
1.43600e+00 4.89826e-01
1.44000e+00 4.90236e-01
1.44400e+00 4.91552e-01
1.44800e+00 4.95279e-01
1.45200e+00 5.02072e-01
1.45600e+00 5.06557e-01
1.46000e+00 5.07043e-01
1.46400e+00 5.06859e-01
1.46800e+00 5.05166e-01
1.47200e+00 4.97932e-01
1.47600e+00 4.84975e-01
1.48000e+00 4.78686e-01
1.48400e+00 4.78165e-01
1.48800e+00 4.78164e-01
1.49200e+00 4.78183e-01
1.49600e+00 4.78271e-01
1.50000e+00 4.78521e-01
1.50400e+00 4.79085e-01
1.50800e+00 4.80220e-01
1.51200e+00 4.82477e-01
1.51600e+00 4.87194e-01
1.52000e+00 4.96765e-01
1.52400e+00 5.09934e-01
1.52800e+00 5.16379e-01
1.53200e+00 5.16813e-01
1.53600e+00 5.16341e-01
1.54000e+00 5.12257e-01
1.54400e+00 4.97131e-01
1.54800e+00 4.79073e-01
1.55200e+00 4.74716e-01
1.55600e+00 4.74658e-01
1.56000e+00 4.74790e-01
1.56400e+00 4.74792e-01
1.56800e+00 4.74302e-01
1.57200e+00 4.71205e-01
1.57600e+00 4.61480e-01
1.58000e+00 4.50134e-01
1.58400e+00 4.46947e-01
1.58800e+00 4.46815e-01
1.59200e+00 4.46817e-01
1.59600e+00 4.46832e-01
1.60000e+00 4.46886e-01
1.60400e+00 4.46999e-01
1.60800e+00 4.47166e-01
1.61200e+00 4.47362e-01
1.61600e+00 4.47592e-01
1.62000e+00 4.47932e-01
1.62400e+00 4.48589e-01
1.62800e+00 4.50067e-01
1.63200e+00 4.53405e-01
1.63600e+00 4.59460e-01
1.64000e+00 4.65252e-01
1.64400e+00 4.66958e-01
1.64800e+00 4.67048e-01
1.65200e+00 4.67049e-01
1.65600e+00 4.67049e-01
1.66000e+00 4.67049e-01
1.66400e+00 4.67049e-01
1.66800e+00 4.67049e-01
1.67200e+00 4.67049e-01
1.67600e+00 4.67049e-01
1.68000e+00 4.67050e-01
1.68400e+00 4.67052e-01
1.68800e+00 4.67057e-01
1.69200e+00 4.67069e-01
1.69600e+00 4.67097e-01
1.70000e+00 4.67156e-01
1.70400e+00 4.67277e-01
1.70800e+00 4.67502e-01
1.71200e+00 4.67875e-01
1.71600e+00 4.68434e-01
1.72000e+00 4.69228e-01
1.72400e+00 4.70420e-01
1.72800e+00 4.72480e-01
1.73200e+00 4.76486e-01
1.73600e+00 4.83623e-01
1.74000e+00 4.91073e-01
1.74400e+00 4.93637e-01
1.74800e+00 4.93805e-01
1.75200e+00 4.93806e-01
1.75600e+00 4.93806e-01
1.76000e+00 4.93806e-01
1.76400e+00 4.93806e-01
1.76800e+00 4.93806e-01
1.77200e+00 4.93806e-01
1.77600e+00 4.93807e-01
1.78000e+00 4.93811e-01
1.78400e+00 4.93827e-01
1.78800e+00 4.93892e-01
1.79200e+00 4.94151e-01
1.79600e+00 4.95107e-01
1.80000e+00 4.97686e-01
1.80400e+00 5.00733e-01
1.80800e+00 5.01491e-01
1.81200e+00 5.01422e-01
1.81600e+00 5.00521e-01
1.82000e+00 4.96088e-01
1.82400e+00 4.86057e-01
1.82800e+00 4.79190e-01
1.83200e+00 4.78340e-01
1.83600e+00 4.78362e-01
1.84000e+00 4.78622e-01
1.84400e+00 4.79724e-01
1.84800e+00 4.83027e-01
1.85200e+00 4.90771e-01
1.85600e+00 5.02499e-01
1.86000e+00 5.09627e-01
1.86400e+00 5.10631e-01
1.86800e+00 5.10649e-01
1.87200e+00 5.10648e-01
1.87600e+00 5.10632e-01
1.88000e+00 5.10518e-01
1.88400e+00 5.09779e-01
1.88800e+00 5.05635e-01
1.89200e+00 4.90708e-01
1.89600e+00 4.70334e-01
1.90000e+00 4.63841e-01
1.90400e+00 4.63560e-01
1.90800e+00 4.63589e-01
1.91200e+00 4.63792e-01
1.91600e+00 4.64483e-01
1.92000e+00 4.66190e-01
1.92400e+00 4.69605e-01
1.92800e+00 4.74961e-01
1.93200e+00 4.80542e-01
1.93600e+00 4.83800e-01
1.94000e+00 4.85131e-01
1.94400e+00 4.86060e-01
1.94800e+00 4.87653e-01
1.95200e+00 4.91395e-01
1.95600e+00 4.96570e-01
1.96000e+00 4.98299e-01
1.96400e+00 4.98174e-01
1.96800e+00 4.96109e-01
1.97200e+00 4.85570e-01
1.97600e+00 4.64649e-01
1.98000e+00 4.53900e-01
1.98400e+00 4.52979e-01
1.98800e+00 4.52979e-01
1.99200e+00 4.53159e-01
1.99600e+00 4.53178e-01
