0.00000e+00 5.27783e-01
4.00000e-03 5.27783e-01
8.00000e-03 5.27783e-01
1.20000e-02 5.27785e-01
1.60000e-02 5.27804e-01
2.00000e-02 5.27980e-01
2.40000e-02 5.29029e-01
2.80000e-02 5.32510e-01
3.20000e-02 5.36983e-01
3.60000e-02 5.38472e-01
4.00000e-02 5.38649e-01
4.40000e-02 5.38782e-01
4.80000e-02 5.39279e-01
5.20000e-02 5.41397e-01
5.60000e-02 5.47686e-01
6.00000e-02 5.56606e-01
6.40000e-02 5.60342e-01
6.80000e-02 5.60693e-01
7.20000e-02 5.60755e-01
7.60000e-02 5.60883e-01
8.00000e-02 5.61473e-01
8.40000e-02 5.63773e-01
8.80000e-02 5.68199e-01
9.20000e-02 5.70359e-01
9.60000e-02 5.70409e-01
1.00000e-01 5.69482e-01
1.04000e-01 5.61533e-01
1.08000e-01 5.33732e-01
1.12000e-01 5.08525e-01
1.16000e-01 5.04733e-01
1.20000e-01 5.04784e-01
1.24000e-01 5.05579e-01
1.28000e-01 5.08585e-01
1.32000e-01 5.16110e-01
1.36000e-01 5.31489e-01
1.40000e-01 5.55936e-01
1.44000e-01 5.75844e-01
1.48000e-01 5.80377e-01
1.52000e-01 5.80534e-01
1.56000e-01 5.80535e-01
1.60000e-01 5.80531e-01
1.64000e-01 5.80506e-01
1.68000e-01 5.80362e-01
1.72000e-01 5.79782e-01
1.76000e-01 5.78607e-01
1.80000e-01 5.77520e-01
1.84000e-01 5.76191e-01
1.88000e-01 5.68828e-01
1.92000e-01 5.24794e-01
1.96000e-01 4.59169e-01
2.00000e-01 4.45049e-01
2.04000e-01 4.45848e-01
2.08000e-01 4.51895e-01
2.12000e-01 4.62501e-01
2.16000e-01 4.66977e-01
2.20000e-01 4.67166e-01
2.24000e-01 4.66813e-01
2.28000e-01 4.64760e-01
2.32000e-01 4.59727e-01
2.36000e-01 4.55638e-01
2.40000e-01 4.54980e-01
2.44000e-01 4.54995e-01
2.48000e-01 4.55190e-01
2.52000e-01 4.55949e-01
2.56000e-01 4.57842e-01
2.60000e-01 4.61452e-01
2.64000e-01 4.67329e-01
2.68000e-01 4.76450e-01
2.72000e-01 4.90726e-01
2.76000e-01 5.09870e-01
2.80000e-01 5.23101e-01
2.84000e-01 5.25483e-01
2.88000e-01 5.25486e-01
2.92000e-01 5.24857e-01
2.96000e-01 5.19190e-01
3.00000e-01 4.92882e-01
3.04000e-01 4.55433e-01
3.08000e-01 4.45091e-01
3.12000e-01 4.44895e-01
3.16000e-01 4.45545e-01
3.20000e-01 4.48365e-01
3.24000e-01 4.54254e-01
3.28000e-01 4.59608e-01
3.32000e-01 4.61087e-01
3.36000e-01 4.61226e-01
3.40000e-01 4.61278e-01
3.44000e-01 4.61373e-01
3.48000e-01 4.61633e-01
3.52000e-01 4.62285e-01
3.56000e-01 4.63673e-01
3.60000e-01 4.66106e-01
3.64000e-01 4.69380e-01
3.68000e-01 4.72427e-01
3.72000e-01 4.74357e-01
3.76000e-01 4.75435e-01
3.80000e-01 4.76255e-01
3.84000e-01 4.77206e-01
3.88000e-01 4.78599e-01
3.92000e-01 4.80777e-01
3.96000e-01 4.84249e-01
4.00000e-01 4.90062e-01
4.04000e-01 5.00356e-01
4.08000e-01 5.16770e-01
4.12000e-01 5.31535e-01
4.16000e-01 5.35447e-01
4.20000e-01 5.35566e-01
4.24000e-01 5.35404e-01
4.28000e-01 5.34192e-01
4.32000e-01 5.29473e-01
4.36000e-01 5.17857e-01
4.40000e-01 4.96875e-01
4.44000e-01 4.68129e-01
4.48000e-01 4.48209e-01
4.52000e-01 4.44386e-01
4.56000e-01 4.44339e-01
4.60000e-01 4.44677e-01
4.64000e-01 4.46407e-01
4.68000e-01 4.51919e-01
4.72000e-01 4.64862e-01
4.76000e-01 4.81122e-01
4.80000e-01 4.86074e-01
4.84000e-01 4.85503e-01
4.88000e-01 4.78072e-01
4.92000e-01 4.52266e-01
4.96000e-01 4.29531e-01
5.00000e-01 4.26274e-01
5.04000e-01 4.26477e-01
5.08000e-01 4.28016e-01
5.12000e-01 4.32335e-01
5.16000e-01 4.39721e-01
5.20000e-01 4.48522e-01
5.24000e-01 4.56129e-01
5.28000e-01 4.61213e-01
5.32000e-01 4.64369e-01
5.36000e-01 4.66673e-01
5.40000e-01 4.68832e-01
5.44000e-01 4.71224e-01
5.48000e-01 4.74023e-01
5.52000e-01 4.77234e-01
5.56000e-01 4.80744e-01
5.60000e-01 4.84387e-01
5.64000e-01 4.88023e-01
5.68000e-01 4.91572e-01
5.72000e-01 4.94963e-01
5.76000e-01 4.98050e-01
5.80000e-01 5.00642e-01
5.84000e-01 5.02732e-01
5.88000e-01 5.04707e-01
5.92000e-01 5.07531e-01
5.96000e-01 5.13686e-01
6.00000e-01 5.26630e-01
6.04000e-01 5.37326e-01
6.08000e-01 5.38083e-01
6.12000e-01 5.33276e-01
6.16000e-01 5.03613e-01
6.20000e-01 4.61657e-01
6.24000e-01 4.51502e-01
6.28000e-01 4.51431e-01
6.32000e-01 4.52454e-01
6.36000e-01 4.55811e-01
6.40000e-01 4.61581e-01
6.44000e-01 4.68260e-01
6.48000e-01 4.74878e-01
6.52000e-01 4.82259e-01
6.56000e-01 4.92444e-01
6.60000e-01 5.05902e-01
6.64000e-01 5.15556e-01
6.68000e-01 5.17553e-01
6.72000e-01 5.17620e-01
6.76000e-01 5.17620e-01
6.80000e-01 5.17619e-01
6.84000e-01 5.17616e-01
6.88000e-01 5.17599e-01
6.92000e-01 5.17522e-01
6.96000e-01 5.17226e-01
7.00000e-01 5.16299e-01
7.04000e-01 5.14075e-01
7.08000e-01 5.09545e-01
7.12000e-01 4.99855e-01
7.16000e-01 4.80872e-01
7.20000e-01 4.62479e-01
7.24000e-01 4.57667e-01
7.28000e-01 4.57488e-01
7.32000e-01 4.57523e-01
7.36000e-01 4.57761e-01
7.40000e-01 4.58565e-01
7.44000e-01 4.60440e-01
7.48000e-01 4.63767e-01
7.52000e-01 4.68440e-01
7.56000e-01 4.73892e-01
7.60000e-01 4.79676e-01
7.64000e-01 4.86091e-01
7.68000e-01 4.94459e-01
7.72000e-01 5.07030e-01
7.76000e-01 5.23327e-01
7.80000e-01 5.33628e-01
7.84000e-01 5.35333e-01
7.88000e-01 5.35374e-01
7.92000e-01 5.35374e-01
7.96000e-01 5.35374e-01
8.00000e-01 5.35374e-01
8.04000e-01 5.35374e-01
8.08000e-01 5.35374e-01
8.12000e-01 5.35374e-01
8.16000e-01 5.35374e-01
8.20000e-01 5.35374e-01
8.24000e-01 5.35375e-01
8.28000e-01 5.35381e-01
8.32000e-01 5.35415e-01
8.36000e-01 5.35585e-01
8.40000e-01 5.36207e-01
8.44000e-01 5.37134e-01
8.48000e-01 5.37394e-01
8.52000e-01 5.37351e-01
8.56000e-01 5.36844e-01
8.60000e-01 5.34287e-01
8.64000e-01 5.27163e-01
8.68000e-01 5.17160e-01
8.72000e-01 5.08395e-01
8.76000e-01 4.98753e-01
8.80000e-01 4.84885e-01
8.84000e-01 4.74285e-01
8.88000e-01 4.72358e-01
8.92000e-01 4.72359e-01
8.96000e-01 4.72688e-01
9.00000e-01 4.74212e-01
9.04000e-01 4.78792e-01
9.08000e-01 4.88582e-01
9.12000e-01 4.99991e-01
9.16000e-01 5.04361e-01
9.20000e-01 5.04686e-01
9.24000e-01 5.04691e-01
9.28000e-01 5.04692e-01
9.32000e-01 5.04696e-01
9.36000e-01 5.04712e-01
9.40000e-01 5.04761e-01
9.44000e-01 5.04896e-01
9.48000e-01 5.05223e-01
9.52000e-01 5.05916e-01
9.56000e-01 5.07176e-01
9.60000e-01 5.09101e-01
9.64000e-01 5.11532e-01
9.68000e-01 5.14156e-01
9.72000e-01 5.16874e-01
9.76000e-01 5.20067e-01
9.80000e-01 5.24809e-01
9.84000e-01 5.33394e-01
9.88000e-01 5.48263e-01
9.92000e-01 5.63127e-01
9.96000e-01 5.67703e-01
1.00000e+00 5.67944e-01
1.00400e+00 5.67945e-01
1.00800e+00 5.67945e-01
1.01200e+00 5.67945e-01
1.01600e+00 5.67945e-01
1.02000e+00 5.67945e-01
1.02400e+00 5.67945e-01
1.02800e+00 5.67945e-01
1.03200e+00 5.67945e-01
1.03600e+00 5.67945e-01
1.04000e+00 5.67945e-01
1.04400e+00 5.67945e-01
1.04800e+00 5.67943e-01
1.05200e+00 5.67918e-01
1.05600e+00 5.67608e-01
1.06000e+00 5.64159e-01
1.06400e+00 5.40028e-01
1.06800e+00 4.84875e-01
1.07200e+00 4.57301e-01
1.07600e+00 4.53057e-01
1.08000e+00 4.50668e-01
1.08400e+00 4.46104e-01
1.08800e+00 4.40418e-01
1.09200e+00 4.38421e-01
1.09600e+00 4.38317e-01
1.10000e+00 4.38333e-01
1.10400e+00 4.38442e-01
1.10800e+00 4.38805e-01
1.11200e+00 4.39672e-01
1.11600e+00 4.41321e-01
1.12000e+00 4.43945e-01
1.12400e+00 4.47536e-01
1.12800e+00 4.51858e-01
1.13200e+00 4.56533e-01
1.13600e+00 4.61160e-01
1.14000e+00 4.65423e-01
1.14400e+00 4.69140e-01
1.14800e+00 4.72272e-01
1.15200e+00 4.74895e-01
1.15600e+00 4.77157e-01
1.16000e+00 4.79260e-01
1.16400e+00 4.81479e-01
1.16800e+00 4.84195e-01
1.17200e+00 4.87666e-01
1.17600e+00 4.91045e-01
1.18000e+00 4.92656e-01
1.18400e+00 4.92954e-01
1.18800e+00 4.93008e-01
1.19200e+00 4.93047e-01
1.19600e+00 4.93113e-01
1.20000e+00 4.93243e-01
1.20400e+00 4.93485e-01
1.20800e+00 4.93893e-01
1.21200e+00 4.94516e-01
1.21600e+00 4.95388e-01
1.22000e+00 4.96517e-01
1.22400e+00 4.97885e-01
1.22800e+00 4.99445e-01
1.23200e+00 5.01131e-01
1.23600e+00 5.02872e-01
1.24000e+00 5.04611e-01
1.24400e+00 5.06337e-01
1.24800e+00 5.08116e-01
1.25200e+00 5.10113e-01
1.25600e+00 5.12583e-01
1.26000e+00 5.15639e-01
1.26400e+00 5.18579e-01
1.26800e+00 5.20191e-01
1.27200e+00 5.20667e-01
1.27600e+00 5.20819e-01
1.28000e+00 5.20935e-01
1.28400e+00 5.21100e-01
1.28800e+00 5.21379e-01
1.29200e+00 5.21832e-01
1.29600e+00 5.22453e-01
1.30000e+00 5.23149e-01
1.30400e+00 5.23863e-01
1.30800e+00 5.24747e-01
1.31200e+00 5.26399e-01
1.31600e+00 5.30675e-01
1.32000e+00 5.40921e-01
1.32400e+00 5.52190e-01
1.32800e+00 5.54386e-01
1.33200e+00 5.53297e-01
1.33600e+00 5.40971e-01
1.34000e+00 4.99830e-01
1.34400e+00 4.69178e-01
1.34800e+00 4.65501e-01
1.35200e+00 4.65460e-01
1.35600e+00 4.65464e-01
1.36000e+00 4.65490e-01
1.36400e+00 4.65602e-01
1.36800e+00 4.65983e-01
1.37200e+00 4.67120e-01
1.37600e+00 4.70145e-01
1.38000e+00 4.76706e-01
1.38400e+00 4.85248e-01
1.38800e+00 4.89246e-01
1.39200e+00 4.89640e-01
1.39600e+00 4.89644e-01
1.40000e+00 4.89644e-01
1.40400e+00 4.89644e-01
1.40800e+00 4.89644e-01
1.41200e+00 4.89644e-01
1.41600e+00 4.89644e-01
1.42000e+00 4.89644e-01
1.42400e+00 4.89644e-01
1.42800e+00 4.89644e-01
1.43200e+00 4.89644e-01
1.43600e+00 4.89644e-01
1.44000e+00 4.89645e-01
1.44400e+00 4.89646e-01
1.44800e+00 4.89649e-01
1.45200e+00 4.89659e-01
1.45600e+00 4.89691e-01
1.46000e+00 4.89796e-01
1.46400e+00 4.90139e-01
1.46800e+00 4.91255e-01
1.47200e+00 4.94511e-01
1.47600e+00 5.00958e-01
1.48000e+00 5.05956e-01
1.48400e+00 5.06682e-01
1.48800e+00 5.06557e-01
1.49200e+00 5.05239e-01
1.49600e+00 4.99101e-01
1.50000e+00 4.86477e-01
1.50400e+00 4.78997e-01
1.50800e+00 4.78183e-01
1.51200e+00 4.78177e-01
1.51600e+00 4.78191e-01
1.52000e+00 4.78260e-01
1.52400e+00 4.78467e-01
1.52800e+00 4.78952e-01
1.53200e+00 4.79950e-01
1.53600e+00 4.81963e-01
1.54000e+00 4.86205e-01
1.54400e+00 4.95007e-01
1.54800e+00 5.08065e-01
1.55200e+00 5.15531e-01
1.55600e+00 5.16231e-01
1.56000e+00 5.15904e-01
1.56400e+00 5.12774e-01
1.56800e+00 4.99879e-01
1.57200e+00 4.81255e-01
1.57600e+00 4.75082e-01
1.58000e+00 4.74749e-01
1.58400e+00 4.74701e-01
1.58800e+00 4.74535e-01
1.59200e+00 4.73531e-01
1.59600e+00 4.69019e-01
1.60000e+00 4.57953e-01
1.60400e+00 4.48595e-01
1.60800e+00 4.46863e-01
1.61200e+00 4.46823e-01
1.61600e+00 4.46826e-01
1.62000e+00 4.46847e-01
1.62400e+00 4.46909e-01
1.62800e+00 4.47033e-01
1.63200e+00 4.47211e-01
1.63600e+00 4.47423e-01
1.64000e+00 4.47690e-01
1.64400e+00 4.48117e-01
1.64800e+00 4.48978e-01
1.65200e+00 4.50922e-01
1.65600e+00 4.55125e-01
1.66000e+00 4.61670e-01
1.66400e+00 4.66210e-01
1.66800e+00 4.67027e-01
1.67200e+00 4.67049e-01
1.67600e+00 4.67049e-01
1.68000e+00 4.67049e-01
1.68400e+00 4.67049e-01
1.68800e+00 4.67049e-01
1.69200e+00 4.67049e-01
1.69600e+00 4.67049e-01
1.70000e+00 4.67049e-01
1.70400e+00 4.67050e-01
1.70800e+00 4.67052e-01
1.71200e+00 4.67057e-01
1.71600e+00 4.67070e-01
1.72000e+00 4.67098e-01
1.72400e+00 4.67160e-01
1.72800e+00 4.67283e-01
1.73200e+00 4.67508e-01
1.73600e+00 4.67879e-01
1.74000e+00 4.68432e-01
1.74400e+00 4.69222e-01
1.74800e+00 4.70427e-01
1.75200e+00 4.72548e-01
1.75600e+00 4.76711e-01
1.76000e+00 4.84033e-01
1.76400e+00 4.91341e-01
1.76800e+00 4.93669e-01
1.77200e+00 4.93805e-01
1.77600e+00 4.93806e-01
1.78000e+00 4.93806e-01
1.78400e+00 4.93806e-01
1.78800e+00 4.93806e-01
1.79200e+00 4.93806e-01
1.79600e+00 4.93806e-01
1.80000e+00 4.93807e-01
1.80400e+00 4.93811e-01
1.80800e+00 4.93824e-01
1.81200e+00 4.93880e-01
1.81600e+00 4.94107e-01
1.82000e+00 4.94952e-01
1.82400e+00 4.97310e-01
1.82800e+00 5.00315e-01
1.83200e+00 5.01172e-01
1.83600e+00 5.01126e-01
1.84000e+00 5.00379e-01
1.84400e+00 4.96513e-01
1.84800e+00 4.87010e-01
1.85200e+00 4.79589e-01
1.85600e+00 4.78473e-01
1.86000e+00 4.78481e-01
1.86400e+00 4.78683e-01
1.86800e+00 4.79589e-01
1.87200e+00 4.82393e-01
1.87600e+00 4.89243e-01
1.88000e+00 5.00677e-01
1.88400e+00 5.09051e-01
1.88800e+00 5.10605e-01
1.89200e+00 5.10646e-01
1.89600e+00 5.10645e-01
1.90000e+00 5.10630e-01
1.90400e+00 5.10519e-01
1.90800e+00 5.09798e-01
1.91200e+00 5.05737e-01
1.91600e+00 4.90996e-01
1.92000e+00 4.70572e-01
1.92400e+00 4.63930e-01
1.92800e+00 4.63634e-01
1.93200e+00 4.63662e-01
1.93600e+00 4.63862e-01
1.94000e+00 4.64551e-01
1.94400e+00 4.66265e-01
1.94800e+00 4.69720e-01
1.95200e+00 4.75165e-01
1.95600e+00 4.80817e-01
1.96000e+00 4.84061e-01
1.96400e+00 4.85367e-01
1.96800e+00 4.86291e-01
1.97200e+00 4.87912e-01
1.97600e+00 4.91639e-01
1.98000e+00 4.96302e-01
1.98400e+00 4.97568e-01
1.98800e+00 4.97407e-01
1.99200e+00 4.89897e-01
1.99600e+00 4.89072e-01
