0.00000e+00 4.74303e-01
4.00000e-03 4.74303e-01
8.00000e-03 4.74306e-01
1.20000e-02 4.74342e-01
1.60000e-02 4.74709e-01
2.00000e-02 4.76989e-01
2.40000e-02 4.85905e-01
2.80000e-02 5.05777e-01
3.20000e-02 5.23614e-01
3.60000e-02 5.27616e-01
4.00000e-02 5.27864e-01
4.40000e-02 5.27994e-01
4.80000e-02 5.28428e-01
5.20000e-02 5.30101e-01
5.60000e-02 5.34001e-01
6.00000e-02 5.37616e-01
6.40000e-02 5.38607e-01
6.80000e-02 5.38795e-01
7.20000e-02 5.39003e-01
7.60000e-02 5.39701e-01
8.00000e-02 5.42267e-01
8.40000e-02 5.49022e-01
8.80000e-02 5.57450e-01
9.20000e-02 5.60501e-01
9.60000e-02 5.60765e-01
1.00000e-01 5.60825e-01
1.04000e-01 5.60963e-01
1.08000e-01 5.61603e-01
1.12000e-01 5.64044e-01
1.16000e-01 5.68252e-01
1.20000e-01 5.69814e-01
1.24000e-01 5.69720e-01
1.28000e-01 5.67556e-01
1.32000e-01 5.53438e-01
1.36000e-01 5.21806e-01
1.40000e-01 5.06198e-01
1.44000e-01 5.05205e-01
1.48000e-01 5.05393e-01
1.52000e-01 5.06637e-01
1.56000e-01 5.10522e-01
1.60000e-01 5.19371e-01
1.64000e-01 5.36475e-01
1.68000e-01 5.61229e-01
1.72000e-01 5.77724e-01
1.76000e-01 5.80471e-01
1.80000e-01 5.80533e-01
1.84000e-01 5.80533e-01
1.88000e-01 5.80531e-01
1.92000e-01 5.80512e-01
1.96000e-01 5.80414e-01
2.00000e-01 5.80099e-01
2.04000e-01 5.79540e-01
2.08000e-01 5.78473e-01
2.12000e-01 5.72748e-01
2.16000e-01 5.36370e-01
2.20000e-01 4.69182e-01
2.24000e-01 4.49481e-01
2.28000e-01 4.49708e-01
2.32000e-01 4.54236e-01
2.36000e-01 4.62915e-01
2.40000e-01 4.66598e-01
2.44000e-01 4.66712e-01
2.48000e-01 4.66205e-01
2.52000e-01 4.63638e-01
2.56000e-01 4.58476e-01
2.60000e-01 4.55392e-01
2.64000e-01 4.55079e-01
2.68000e-01 4.55109e-01
2.72000e-01 4.55344e-01
2.76000e-01 4.56163e-01
2.80000e-01 4.58093e-01
2.84000e-01 4.61628e-01
2.88000e-01 4.67202e-01
2.92000e-01 4.75642e-01
2.96000e-01 4.88788e-01
3.00000e-01 5.07295e-01
3.04000e-01 5.21904e-01
3.08000e-01 5.25153e-01
3.12000e-01 5.25188e-01
3.16000e-01 5.24523e-01
3.20000e-01 5.18441e-01
3.24000e-01 4.91229e-01
3.28000e-01 4.54922e-01
3.32000e-01 4.45765e-01
3.36000e-01 4.45661e-01
3.40000e-01 4.46517e-01
3.44000e-01 4.49902e-01
3.48000e-01 4.56081e-01
3.52000e-01 4.60405e-01
3.56000e-01 4.61220e-01
3.60000e-01 4.61290e-01
3.64000e-01 4.61332e-01
3.68000e-01 4.61430e-01
3.72000e-01 4.61706e-01
3.76000e-01 4.62388e-01
3.80000e-01 4.63826e-01
3.84000e-01 4.66342e-01
3.88000e-01 4.69731e-01
3.92000e-01 4.72853e-01
3.96000e-01 4.74751e-01
4.00000e-01 4.75740e-01
4.04000e-01 4.76456e-01
4.08000e-01 4.77279e-01
4.12000e-01 4.78494e-01
4.16000e-01 4.80400e-01
4.20000e-01 4.83408e-01
4.24000e-01 4.88313e-01
4.28000e-01 4.96852e-01
4.32000e-01 5.11343e-01
4.36000e-01 5.27934e-01
4.40000e-01 5.34888e-01
4.44000e-01 5.35428e-01
4.48000e-01 5.35400e-01
4.52000e-01 5.35083e-01
4.56000e-01 5.33406e-01
4.60000e-01 5.25858e-01
4.64000e-01 4.99365e-01
4.68000e-01 4.59813e-01
4.72000e-01 4.45316e-01
4.76000e-01 4.44543e-01
4.80000e-01 4.44630e-01
4.84000e-01 4.45288e-01
4.88000e-01 4.47804e-01
4.92000e-01 4.54971e-01
4.96000e-01 4.69467e-01
5.00000e-01 4.81947e-01
5.04000e-01 4.83625e-01
5.08000e-01 4.82068e-01
5.12000e-01 4.70174e-01
5.16000e-01 4.42683e-01
5.20000e-01 4.28085e-01
5.24000e-01 4.27116e-01
5.28000e-01 4.27529e-01
5.32000e-01 4.29659e-01
5.36000e-01 4.34755e-01
5.40000e-01 4.42696e-01
5.44000e-01 4.51495e-01
5.48000e-01 4.58539e-01
5.52000e-01 4.62896e-01
5.56000e-01 4.65491e-01
5.60000e-01 4.67419e-01
5.64000e-01 4.69315e-01
5.68000e-01 4.71513e-01
5.72000e-01 4.74163e-01
5.76000e-01 4.77262e-01
5.80000e-01 4.80683e-01
5.84000e-01 4.84248e-01
5.88000e-01 4.87816e-01
5.92000e-01 4.91314e-01
5.96000e-01 4.94684e-01
6.00000e-01 4.97767e-01
6.04000e-01 5.00320e-01
6.08000e-01 5.02284e-01
6.12000e-01 5.04011e-01
6.16000e-01 5.06343e-01
6.20000e-01 5.11370e-01
6.24000e-01 5.22567e-01
6.28000e-01 5.33350e-01
6.32000e-01 5.34570e-01
6.36000e-01 5.31257e-01
6.40000e-01 5.07489e-01
6.44000e-01 4.65989e-01
6.48000e-01 4.52682e-01
6.52000e-01 4.52373e-01
6.56000e-01 4.53132e-01
6.60000e-01 4.56052e-01
6.64000e-01 4.61519e-01
6.68000e-01 4.68204e-01
6.72000e-01 4.74881e-01
6.76000e-01 4.82090e-01
6.80000e-01 4.91752e-01
6.84000e-01 5.04792e-01
6.88000e-01 5.15041e-01
6.92000e-01 5.17517e-01
6.96000e-01 5.17619e-01
7.00000e-01 5.17619e-01
7.04000e-01 5.17619e-01
7.08000e-01 5.17618e-01
7.12000e-01 5.17608e-01
7.16000e-01 5.17569e-01
7.20000e-01 5.17424e-01
7.24000e-01 5.16982e-01
7.28000e-01 5.15784e-01
7.32000e-01 5.12303e-01
7.36000e-01 5.01302e-01
7.40000e-01 4.77838e-01
7.44000e-01 4.60342e-01
7.48000e-01 4.57592e-01
7.52000e-01 4.57553e-01
7.56000e-01 4.57605e-01
7.60000e-01 4.57885e-01
7.64000e-01 4.58741e-01
7.68000e-01 4.60646e-01
7.72000e-01 4.63951e-01
7.76000e-01 4.68546e-01
7.80000e-01 4.73856e-01
7.84000e-01 4.79365e-01
7.88000e-01 4.85220e-01
7.92000e-01 4.92489e-01
7.96000e-01 5.03268e-01
8.00000e-01 5.18770e-01
8.04000e-01 5.31806e-01
8.08000e-01 5.35219e-01
8.12000e-01 5.35373e-01
8.16000e-01 5.35374e-01
8.20000e-01 5.35374e-01
8.24000e-01 5.35374e-01
8.28000e-01 5.35374e-01
8.32000e-01 5.35374e-01
8.36000e-01 5.35374e-01
8.40000e-01 5.35374e-01
8.44000e-01 5.35374e-01
8.48000e-01 5.35374e-01
8.52000e-01 5.35377e-01
8.56000e-01 5.35391e-01
8.60000e-01 5.35467e-01
8.64000e-01 5.35800e-01
8.68000e-01 5.36621e-01
8.72000e-01 5.37206e-01
8.76000e-01 5.37245e-01
8.80000e-01 5.37124e-01
8.84000e-01 5.36278e-01
8.88000e-01 5.33118e-01
8.92000e-01 5.25834e-01
8.96000e-01 5.14156e-01
9.00000e-01 4.97848e-01
9.04000e-01 4.80665e-01
9.08000e-01 4.73187e-01
9.12000e-01 4.72508e-01
9.16000e-01 4.72539e-01
9.20000e-01 4.72859e-01
9.24000e-01 4.74238e-01
9.28000e-01 4.78367e-01
9.32000e-01 4.87497e-01
9.36000e-01 4.99090e-01
9.40000e-01 5.04222e-01
9.44000e-01 5.04686e-01
9.48000e-01 5.04692e-01
9.52000e-01 5.04694e-01
9.56000e-01 5.04696e-01
9.60000e-01 5.04705e-01
9.64000e-01 5.04734e-01
9.68000e-01 5.04818e-01
9.72000e-01 5.05032e-01
9.76000e-01 5.05514e-01
9.80000e-01 5.06460e-01
9.84000e-01 5.08051e-01
9.88000e-01 5.10278e-01
9.92000e-01 5.12857e-01
9.96000e-01 5.15480e-01
1.00000e+00 5.18196e-01
1.00400e+00 5.21573e-01
1.00800e+00 5.26969e-01
1.01200e+00 5.37044e-01
1.01600e+00 5.53063e-01
1.02000e+00 5.65396e-01
1.02400e+00 5.67873e-01
1.02800e+00 5.67945e-01
1.03200e+00 5.67945e-01
1.03600e+00 5.67945e-01
1.04000e+00 5.67945e-01
1.04400e+00 5.67945e-01
1.04800e+00 5.67945e-01
1.05200e+00 5.67945e-01
1.05600e+00 5.67945e-01
1.06000e+00 5.67945e-01
1.06400e+00 5.67945e-01
1.06800e+00 5.67945e-01
1.07200e+00 5.67944e-01
1.07600e+00 5.67932e-01
1.08000e+00 5.67790e-01
1.08400e+00 5.66152e-01
1.08800e+00 5.52265e-01
1.09200e+00 5.03432e-01
1.09600e+00 4.60392e-01
1.10000e+00 4.49904e-01
1.10400e+00 4.46139e-01
1.10800e+00 4.42028e-01
1.11200e+00 4.38950e-01
1.11600e+00 4.38362e-01
1.12000e+00 4.38354e-01
1.12400e+00 4.38391e-01
1.12800e+00 4.38567e-01
1.13200e+00 4.39070e-01
1.13600e+00 4.40163e-01
1.14000e+00 4.42103e-01
1.14400e+00 4.45020e-01
1.14800e+00 4.48832e-01
1.15200e+00 4.53253e-01
1.15600e+00 4.57896e-01
1.16000e+00 4.62393e-01
1.16400e+00 4.66467e-01
1.16800e+00 4.69978e-01
1.17200e+00 4.72908e-01
1.17600e+00 4.75341e-01
1.18000e+00 4.77421e-01
1.18400e+00 4.79357e-01
1.18800e+00 4.81456e-01
1.19200e+00 4.84187e-01
1.19600e+00 4.87893e-01
1.20000e+00 4.91427e-01
1.20400e+00 4.92835e-01
1.20800e+00 4.93010e-01
1.21200e+00 4.93034e-01
1.21600e+00 4.93055e-01
1.22000e+00 4.93098e-01
1.22400e+00 4.93194e-01
1.22800e+00 4.93388e-01
1.23200e+00 4.93735e-01
1.23600e+00 4.94290e-01
1.24000e+00 4.95094e-01
1.24400e+00 4.96163e-01
1.24800e+00 4.97483e-01
1.25200e+00 4.99013e-01
1.25600e+00 5.00685e-01
1.26000e+00 5.02421e-01
1.26400e+00 5.04147e-01
1.26800e+00 5.05827e-01
1.27200e+00 5.07496e-01
1.27600e+00 5.09302e-01
1.28000e+00 5.11536e-01
1.28400e+00 5.14535e-01
1.28800e+00 5.17940e-01
1.29200e+00 5.20132e-01
1.29600e+00 5.20738e-01
1.30000e+00 5.20857e-01
1.30400e+00 5.20922e-01
1.30800e+00 5.21014e-01
1.31200e+00 5.21188e-01
1.31600e+00 5.21512e-01
1.32000e+00 5.22029e-01
1.32400e+00 5.22688e-01
1.32800e+00 5.23374e-01
1.33200e+00 5.24097e-01
1.33600e+00 5.25169e-01
1.34000e+00 5.27639e-01
1.34400e+00 5.34377e-01
1.34800e+00 5.46269e-01
1.35200e+00 5.51904e-01
1.35600e+00 5.51742e-01
1.36000e+00 5.45487e-01
1.36400e+00 5.13908e-01
1.36800e+00 4.74536e-01
1.37200e+00 4.65697e-01
1.37600e+00 4.65470e-01
1.38000e+00 4.65474e-01
1.38400e+00 4.65506e-01
1.38800e+00 4.65639e-01
1.39200e+00 4.66069e-01
1.39600e+00 4.67303e-01
1.40000e+00 4.70501e-01
1.40400e+00 4.77264e-01
1.40800e+00 4.85671e-01
1.41200e+00 4.89318e-01
1.41600e+00 4.89641e-01
1.42000e+00 4.89644e-01
1.42400e+00 4.89644e-01
1.42800e+00 4.89644e-01
1.43200e+00 4.89644e-01
1.43600e+00 4.89644e-01
1.44000e+00 4.89644e-01
1.44400e+00 4.89644e-01
1.44800e+00 4.89644e-01
1.45200e+00 4.89644e-01
1.45600e+00 4.89644e-01
1.46000e+00 4.89644e-01
1.46400e+00 4.89645e-01
1.46800e+00 4.89645e-01
1.47200e+00 4.89648e-01
1.47600e+00 4.89656e-01
1.48000e+00 4.89683e-01
1.48400e+00 4.89770e-01
1.48800e+00 4.90059e-01
1.49200e+00 4.91005e-01
1.49600e+00 4.93837e-01
1.50000e+00 4.99875e-01
1.50400e+00 5.05304e-01
1.50800e+00 5.06325e-01
1.51200e+00 5.06246e-01
1.51600e+00 5.05226e-01
1.52000e+00 5.00070e-01
1.52400e+00 4.88028e-01
1.52800e+00 4.79414e-01
1.53200e+00 4.78206e-01
1.53600e+00 4.78190e-01
1.54000e+00 4.78199e-01
1.54400e+00 4.78253e-01
1.54800e+00 4.78425e-01
1.55200e+00 4.78839e-01
1.55600e+00 4.79716e-01
1.56000e+00 4.81510e-01
1.56400e+00 4.85323e-01
1.56800e+00 4.93389e-01
1.57200e+00 5.06176e-01
1.57600e+00 5.14617e-01
1.58000e+00 5.15673e-01
1.58400e+00 5.15456e-01
1.58800e+00 5.13128e-01
1.59200e+00 5.02465e-01
1.59600e+00 4.83785e-01
1.60000e+00 4.75454e-01
1.60400e+00 4.74699e-01
1.60800e+00 4.74558e-01
1.61200e+00 4.74212e-01
1.61600e+00 4.72554e-01
1.62000e+00 4.66326e-01
1.62400e+00 4.54533e-01
1.62800e+00 4.47628e-01
1.63200e+00 4.46839e-01
1.63600e+00 4.46830e-01
1.64000e+00 4.46835e-01
1.64400e+00 4.46862e-01
1.64800e+00 4.46935e-01
1.65200e+00 4.47070e-01
1.65600e+00 4.47260e-01
1.66000e+00 4.47493e-01
1.66400e+00 4.47810e-01
1.66800e+00 4.48352e-01
1.67200e+00 4.49480e-01
1.67600e+00 4.52018e-01
1.68000e+00 4.57135e-01
1.68400e+00 4.63637e-01
1.68800e+00 4.66724e-01
1.69200e+00 4.67045e-01
1.69600e+00 4.67049e-01
1.70000e+00 4.67049e-01
1.70400e+00 4.67049e-01
1.70800e+00 4.67049e-01
1.71200e+00 4.67049e-01
1.71600e+00 4.67049e-01
1.72000e+00 4.67049e-01
1.72400e+00 4.67049e-01
1.72800e+00 4.67050e-01
1.73200e+00 4.67052e-01
1.73600e+00 4.67058e-01
1.74000e+00 4.67071e-01
1.74400e+00 4.67100e-01
1.74800e+00 4.67163e-01
1.75200e+00 4.67288e-01
1.75600e+00 4.67514e-01
1.76000e+00 4.67883e-01
1.76400e+00 4.68430e-01
1.76800e+00 4.69217e-01
1.77200e+00 4.70438e-01
1.77600e+00 4.72623e-01
1.78000e+00 4.76947e-01
1.78400e+00 4.84444e-01
1.78800e+00 4.91588e-01
1.79200e+00 4.93695e-01
1.79600e+00 4.93806e-01
1.80000e+00 4.93806e-01
1.80400e+00 4.93806e-01
1.80800e+00 4.93806e-01
1.81200e+00 4.93806e-01
1.81600e+00 4.93806e-01
1.82000e+00 4.93806e-01
1.82400e+00 4.93807e-01
1.82800e+00 4.93810e-01
1.83200e+00 4.93822e-01
1.83600e+00 4.93871e-01
1.84000e+00 4.94069e-01
1.84400e+00 4.94815e-01
1.84800e+00 4.96966e-01
1.85200e+00 4.99912e-01
1.85600e+00 5.00866e-01
1.86000e+00 5.00841e-01
1.86400e+00 5.00223e-01
1.86800e+00 4.96859e-01
1.87200e+00 4.87929e-01
1.87600e+00 4.80028e-01
1.88000e+00 4.78601e-01
1.88400e+00 4.78594e-01
1.88800e+00 4.78749e-01
1.89200e+00 4.79493e-01
1.89600e+00 4.81865e-01
1.90000e+00 4.87874e-01
1.90400e+00 4.98787e-01
1.90800e+00 5.08274e-01
1.91200e+00 5.10556e-01
1.91600e+00 5.10642e-01
1.92000e+00 5.10641e-01
1.92400e+00 5.10627e-01
1.92800e+00 5.10520e-01
1.93200e+00 5.09816e-01
1.93600e+00 5.05842e-01
1.94000e+00 4.91292e-01
1.94400e+00 4.70820e-01
1.94800e+00 4.64020e-01
1.95200e+00 4.63707e-01
1.95600e+00 4.63734e-01
1.96000e+00 4.63933e-01
1.96400e+00 4.64620e-01
1.96800e+00 4.66343e-01
1.97200e+00 4.69838e-01
1.97600e+00 4.75363e-01
1.98000e+00 4.81073e-01
1.98400e+00 4.84352e-01
1.98800e+00 4.85475e-01
1.99200e+00 4.87612e-01
1.99600e+00 4.87762e-01
