0.00000e+00 4.74568e-01
4.00000e-03 4.74568e-01
8.00000e-03 4.74568e-01
1.20000e-02 4.74568e-01
1.60000e-02 4.74565e-01
2.00000e-02 4.74545e-01
2.40000e-02 4.74461e-01
2.80000e-02 4.74373e-01
3.20000e-02 4.74372e-01
3.60000e-02 4.74464e-01
4.00000e-02 4.75037e-01
4.40000e-02 4.77340e-01
4.80000e-02 4.84273e-01
5.20000e-02 4.99518e-01
5.60000e-02 5.18550e-01
6.00000e-02 5.26979e-01
6.40000e-02 5.27921e-01
6.80000e-02 5.28057e-01
7.20000e-02 5.28258e-01
7.60000e-02 5.28972e-01
8.00000e-02 5.31230e-01
8.40000e-02 5.35322e-01
8.80000e-02 5.38152e-01
9.20000e-02 5.38791e-01
9.60000e-02 5.38966e-01
1.00000e-01 5.39229e-01
1.04000e-01 5.40112e-01
1.08000e-01 5.43130e-01
1.12000e-01 5.50380e-01
1.16000e-01 5.58270e-01
1.20000e-01 5.60651e-01
1.24000e-01 5.60834e-01
1.28000e-01 5.60890e-01
1.32000e-01 5.61043e-01
1.36000e-01 5.61779e-01
1.40000e-01 5.64447e-01
1.44000e-01 5.68191e-01
1.48000e-01 5.69061e-01
1.52000e-01 5.68694e-01
1.56000e-01 5.64110e-01
1.60000e-01 5.42547e-01
1.64000e-01 5.13318e-01
1.68000e-01 5.05809e-01
1.72000e-01 5.05669e-01
1.76000e-01 5.06044e-01
1.80000e-01 5.07823e-01
1.84000e-01 5.12623e-01
1.88000e-01 5.22837e-01
1.92000e-01 5.41641e-01
1.96000e-01 5.66029e-01
2.00000e-01 5.78979e-01
2.04000e-01 5.80511e-01
2.08000e-01 5.80533e-01
2.12000e-01 5.80533e-01
2.16000e-01 5.80531e-01
2.20000e-01 5.80518e-01
2.24000e-01 5.80473e-01
2.28000e-01 5.80360e-01
2.32000e-01 5.79952e-01
2.36000e-01 5.76588e-01
2.40000e-01 5.49697e-01
2.44000e-01 4.82667e-01
2.48000e-01 4.54016e-01
2.52000e-01 4.53327e-01
2.56000e-01 4.56221e-01
2.60000e-01 4.62979e-01
2.64000e-01 4.66097e-01
2.68000e-01 4.66168e-01
2.72000e-01 4.65490e-01
2.76000e-01 4.62468e-01
2.80000e-01 4.57491e-01
2.84000e-01 4.55305e-01
2.88000e-01 4.55170e-01
2.92000e-01 4.55213e-01
2.96000e-01 4.55489e-01
3.00000e-01 4.56370e-01
3.04000e-01 4.58336e-01
3.08000e-01 4.61809e-01
3.12000e-01 4.67119e-01
3.16000e-01 4.74963e-01
3.20000e-01 4.87086e-01
3.24000e-01 5.04817e-01
3.28000e-01 5.20509e-01
3.32000e-01 5.24724e-01
3.36000e-01 5.24809e-01
3.40000e-01 5.24111e-01
3.44000e-01 5.17644e-01
3.48000e-01 4.89716e-01
3.52000e-01 4.54660e-01
3.56000e-01 4.46557e-01
3.60000e-01 4.46526e-01
3.64000e-01 4.47614e-01
3.68000e-01 4.51516e-01
3.72000e-01 4.57625e-01
3.76000e-01 4.60873e-01
3.80000e-01 4.61298e-01
3.84000e-01 4.61339e-01
3.88000e-01 4.61378e-01
3.92000e-01 4.61481e-01
3.96000e-01 4.61774e-01
4.00000e-01 4.62490e-01
4.04000e-01 4.63984e-01
4.08000e-01 4.66594e-01
4.12000e-01 4.70112e-01
4.16000e-01 4.73306e-01
4.20000e-01 4.75150e-01
4.24000e-01 4.76037e-01
4.28000e-01 4.76649e-01
4.32000e-01 4.77352e-01
4.36000e-01 4.78408e-01
4.40000e-01 4.80084e-01
4.44000e-01 4.82713e-01
4.48000e-01 4.86899e-01
4.52000e-01 4.93994e-01
4.56000e-01 5.06354e-01
4.60000e-01 5.23281e-01
4.64000e-01 5.33765e-01
4.68000e-01 5.35328e-01
4.72000e-01 5.35346e-01
4.76000e-01 5.35258e-01
4.80000e-01 5.34431e-01
4.84000e-01 5.28291e-01
4.88000e-01 4.99993e-01
4.92000e-01 4.57888e-01
4.96000e-01 4.45224e-01
5.00000e-01 4.44798e-01
5.04000e-01 4.44971e-01
5.08000e-01 4.46012e-01
5.12000e-01 4.49554e-01
5.16000e-01 4.58721e-01
5.20000e-01 4.73509e-01
5.24000e-01 4.81093e-01
5.28000e-01 4.81245e-01
5.32000e-01 4.77885e-01
5.36000e-01 4.60932e-01
5.40000e-01 4.35713e-01
5.44000e-01 4.28057e-01
5.48000e-01 4.27924e-01
5.52000e-01 4.28647e-01
5.56000e-01 4.31441e-01
5.60000e-01 4.37294e-01
5.64000e-01 4.45702e-01
5.68000e-01 4.54365e-01
5.72000e-01 4.60735e-01
5.76000e-01 4.64353e-01
5.80000e-01 4.66433e-01
5.84000e-01 4.68033e-01
5.88000e-01 4.69702e-01
5.92000e-01 4.71732e-01
5.96000e-01 4.74257e-01
6.00000e-01 4.77262e-01
6.04000e-01 4.80608e-01
6.08000e-01 4.84106e-01
6.12000e-01 4.87610e-01
6.16000e-01 4.91062e-01
6.20000e-01 4.94419e-01
6.24000e-01 4.97515e-01
6.28000e-01 5.00054e-01
6.32000e-01 5.01928e-01
6.36000e-01 5.03466e-01
6.40000e-01 5.05429e-01
6.44000e-01 5.09602e-01
6.48000e-01 5.19294e-01
6.52000e-01 5.29765e-01
6.56000e-01 5.31356e-01
6.60000e-01 5.28995e-01
6.64000e-01 5.09928e-01
6.68000e-01 4.70171e-01
6.72000e-01 4.53939e-01
6.76000e-01 4.53277e-01
6.80000e-01 4.53838e-01
6.84000e-01 4.56327e-01
6.88000e-01 4.61419e-01
6.92000e-01 4.68036e-01
6.96000e-01 4.74780e-01
7.00000e-01 4.81882e-01
7.04000e-01 4.91113e-01
7.08000e-01 5.03723e-01
7.12000e-01 5.14469e-01
7.16000e-01 5.17467e-01
7.20000e-01 5.17619e-01
7.24000e-01 5.17619e-01
7.28000e-01 5.17619e-01
7.32000e-01 5.17618e-01
7.36000e-01 5.17614e-01
7.40000e-01 5.17594e-01
7.44000e-01 5.17528e-01
7.48000e-01 5.17321e-01
7.52000e-01 5.16627e-01
7.56000e-01 5.13750e-01
7.60000e-01 5.02032e-01
7.64000e-01 4.76258e-01
7.68000e-01 4.59615e-01
7.72000e-01 4.57626e-01
7.76000e-01 4.57613e-01
7.80000e-01 4.57681e-01
7.84000e-01 4.58000e-01
7.88000e-01 4.58911e-01
7.92000e-01 4.60856e-01
7.96000e-01 4.64154e-01
8.00000e-01 4.68690e-01
8.04000e-01 4.73883e-01
8.08000e-01 4.79165e-01
8.12000e-01 4.84561e-01
8.16000e-01 4.90920e-01
8.20000e-01 5.00065e-01
8.24000e-01 5.14058e-01
8.28000e-01 5.28958e-01
8.32000e-01 5.34884e-01
8.36000e-01 5.35370e-01
8.40000e-01 5.35374e-01
8.44000e-01 5.35374e-01
8.48000e-01 5.35374e-01
8.52000e-01 5.35374e-01
8.56000e-01 5.35374e-01
8.60000e-01 5.35374e-01
8.64000e-01 5.35374e-01
8.68000e-01 5.35374e-01
8.72000e-01 5.35374e-01
8.76000e-01 5.35375e-01
8.80000e-01 5.35381e-01
8.84000e-01 5.35413e-01
8.88000e-01 5.35569e-01
8.92000e-01 5.36112e-01
8.96000e-01 5.36901e-01
9.00000e-01 5.37137e-01
9.04000e-01 5.37122e-01
9.08000e-01 5.36914e-01
9.12000e-01 5.35895e-01
9.16000e-01 5.32385e-01
9.20000e-01 5.21949e-01
9.24000e-01 4.99206e-01
9.28000e-01 4.77855e-01
9.32000e-01 4.72767e-01
9.36000e-01 4.72605e-01
9.40000e-01 4.72650e-01
9.44000e-01 4.72979e-01
9.48000e-01 4.74263e-01
9.52000e-01 4.78021e-01
9.56000e-01 4.86511e-01
9.60000e-01 4.98138e-01
9.64000e-01 5.04037e-01
9.68000e-01 5.04684e-01
9.72000e-01 5.04694e-01
9.76000e-01 5.04695e-01
9.80000e-01 5.04696e-01
9.84000e-01 5.04701e-01
9.88000e-01 5.04718e-01
9.92000e-01 5.04770e-01
9.96000e-01 5.04908e-01
1.00000e+00 5.05233e-01
1.00400e+00 5.05915e-01
1.00800e+00 5.07163e-01
1.01200e+00 5.09099e-01
1.01600e+00 5.11575e-01
1.02000e+00 5.14213e-01
1.02400e+00 5.16783e-01
1.02800e+00 5.19507e-01
1.03200e+00 5.23147e-01
1.03600e+00 5.29382e-01
1.04000e+00 5.41105e-01
1.04400e+00 5.57476e-01
1.04800e+00 5.66757e-01
1.05200e+00 5.67927e-01
1.05600e+00 5.67945e-01
1.06000e+00 5.67945e-01
1.06400e+00 5.67945e-01
1.06800e+00 5.67945e-01
1.07200e+00 5.67945e-01
1.07600e+00 5.67945e-01
1.08000e+00 5.67945e-01
1.08400e+00 5.67945e-01
1.08800e+00 5.67945e-01
1.09200e+00 5.67945e-01
1.09600e+00 5.67945e-01
1.10000e+00 5.67939e-01
1.10400e+00 5.67877e-01
1.10800e+00 5.67158e-01
1.11200e+00 5.60177e-01
1.11600e+00 5.23785e-01
1.12000e+00 4.67340e-01
1.12400e+00 4.45279e-01
1.12800e+00 4.40737e-01
1.13200e+00 4.38970e-01
1.13600e+00 4.38417e-01
1.14000e+00 4.38380e-01
1.14400e+00 4.38390e-01
1.14800e+00 4.38465e-01
1.15200e+00 4.38731e-01
1.15600e+00 4.39401e-01
1.16000e+00 4.40743e-01
1.16400e+00 4.42977e-01
1.16800e+00 4.46168e-01
1.17200e+00 4.50162e-01
1.17600e+00 4.54639e-01
1.18000e+00 4.59218e-01
1.18400e+00 4.63566e-01
1.18800e+00 4.67450e-01
1.19200e+00 4.70761e-01
1.19600e+00 4.73501e-01
1.20000e+00 4.75749e-01
1.20400e+00 4.77650e-01
1.20800e+00 4.79424e-01
1.21200e+00 4.81423e-01
1.21600e+00 4.84215e-01
1.22000e+00 4.88187e-01
1.22400e+00 4.91774e-01
1.22800e+00 4.92940e-01
1.23200e+00 4.93037e-01
1.23600e+00 4.93048e-01
1.24000e+00 4.93060e-01
1.24400e+00 4.93088e-01
1.24800e+00 4.93157e-01
1.25200e+00 4.93308e-01
1.25600e+00 4.93596e-01
1.26000e+00 4.94081e-01
1.26400e+00 4.94813e-01
1.26800e+00 4.95817e-01
1.27200e+00 4.97087e-01
1.27600e+00 4.98584e-01
1.28000e+00 5.00242e-01
1.28400e+00 5.01980e-01
1.28800e+00 5.03709e-01
1.29200e+00 5.05366e-01
1.29600e+00 5.06951e-01
1.30000e+00 5.08587e-01
1.30400e+00 5.10566e-01
1.30800e+00 5.13370e-01
1.31200e+00 5.17073e-01
1.31600e+00 5.19953e-01
1.32000e+00 5.20792e-01
1.32400e+00 5.20895e-01
1.32800e+00 5.20928e-01
1.33200e+00 5.20973e-01
1.33600e+00 5.21068e-01
1.34000e+00 5.21274e-01
1.34400e+00 5.21659e-01
1.34800e+00 5.22240e-01
1.35200e+00 5.22912e-01
1.35600e+00 5.23579e-01
1.36000e+00 5.24373e-01
1.36400e+00 5.25885e-01
1.36800e+00 5.30030e-01
1.37200e+00 5.39834e-01
1.37600e+00 5.48568e-01
1.38000e+00 5.49403e-01
1.38400e+00 5.46616e-01
1.38800e+00 5.25533e-01
1.39200e+00 4.83308e-01
1.39600e+00 4.66415e-01
1.40000e+00 4.65490e-01
1.40400e+00 4.65491e-01
1.40800e+00 4.65524e-01
1.41200e+00 4.65673e-01
1.41600e+00 4.66149e-01
1.42000e+00 4.67482e-01
1.42400e+00 4.70867e-01
1.42800e+00 4.77837e-01
1.43200e+00 4.86081e-01
1.43600e+00 4.89381e-01
1.44000e+00 4.89642e-01
1.44400e+00 4.89644e-01
1.44800e+00 4.89644e-01
1.45200e+00 4.89644e-01
1.45600e+00 4.89644e-01
1.46000e+00 4.89644e-01
1.46400e+00 4.89644e-01
1.46800e+00 4.89644e-01
1.47200e+00 4.89644e-01
1.47600e+00 4.89644e-01
1.48000e+00 4.89644e-01
1.48400e+00 4.89644e-01
1.48800e+00 4.89645e-01
1.49200e+00 4.89645e-01
1.49600e+00 4.89647e-01
1.50000e+00 4.89654e-01
1.50400e+00 4.89676e-01
1.50800e+00 4.89749e-01
1.51200e+00 4.89992e-01
1.51600e+00 4.90794e-01
1.52000e+00 4.93251e-01
1.52400e+00 4.98839e-01
1.52800e+00 5.04601e-01
1.53200e+00 5.05969e-01
1.53600e+00 5.05930e-01
1.54000e+00 5.05146e-01
1.54400e+00 5.00852e-01
1.54800e+00 4.89581e-01
1.55200e+00 4.79953e-01
1.55600e+00 4.78237e-01
1.56000e+00 4.78202e-01
1.56400e+00 4.78209e-01
1.56800e+00 4.78250e-01
1.57200e+00 4.78391e-01
1.57600e+00 4.78745e-01
1.58000e+00 4.79512e-01
1.58400e+00 4.81110e-01
1.58800e+00 4.84536e-01
1.59200e+00 4.91902e-01
1.59600e+00 5.04289e-01
1.60000e+00 5.13634e-01
1.60400e+00 5.15139e-01
1.60800e+00 5.15008e-01
1.61200e+00 5.13318e-01
1.61600e+00 5.04731e-01
1.62000e+00 4.86658e-01
1.62400e+00 4.76016e-01
1.62800e+00 4.74581e-01
1.63200e+00 4.74295e-01
1.63600e+00 4.73704e-01
1.64000e+00 4.71189e-01
1.64400e+00 4.63124e-01
1.64800e+00 4.51617e-01
1.65200e+00 4.47134e-01
1.65600e+00 4.46837e-01
1.66000e+00 4.46837e-01
1.66400e+00 4.46845e-01
1.66800e+00 4.46878e-01
1.67200e+00 4.46962e-01
1.67600e+00 4.47110e-01
1.68000e+00 4.47314e-01
1.68400e+00 4.47576e-01
1.68800e+00 4.47958e-01
1.69200e+00 4.48651e-01
1.69600e+00 4.50130e-01
1.70000e+00 4.53399e-01
1.70400e+00 4.59340e-01
1.70800e+00 4.65159e-01
1.71200e+00 4.66947e-01
1.71600e+00 4.67048e-01
1.72000e+00 4.67049e-01
1.72400e+00 4.67049e-01
1.72800e+00 4.67049e-01
1.73200e+00 4.67049e-01
1.73600e+00 4.67049e-01
1.74000e+00 4.67049e-01
1.74400e+00 4.67049e-01
1.74800e+00 4.67049e-01
1.75200e+00 4.67050e-01
1.75600e+00 4.67053e-01
1.76000e+00 4.67058e-01
1.76400e+00 4.67072e-01
1.76800e+00 4.67102e-01
1.77200e+00 4.67166e-01
1.77600e+00 4.67293e-01
1.78000e+00 4.67520e-01
1.78400e+00 4.67887e-01
1.78800e+00 4.68429e-01
1.79200e+00 4.69214e-01
1.79600e+00 4.70452e-01
1.80000e+00 4.72707e-01
1.80400e+00 4.77195e-01
1.80800e+00 4.84853e-01
1.81200e+00 4.91815e-01
1.81600e+00 4.93716e-01
1.82000e+00 4.93806e-01
1.82400e+00 4.93806e-01
1.82800e+00 4.93806e-01
1.83200e+00 4.93806e-01
1.83600e+00 4.93806e-01
1.84000e+00 4.93806e-01
1.84400e+00 4.93806e-01
1.84800e+00 4.93807e-01
1.85200e+00 4.93809e-01
1.85600e+00 4.93820e-01
1.86000e+00 4.93862e-01
1.86400e+00 4.94036e-01
1.86800e+00 4.94696e-01
1.87200e+00 4.96654e-01
1.87600e+00 4.99526e-01
1.88000e+00 5.00573e-01
1.88400e+00 5.00567e-01
1.88800e+00 5.00056e-01
1.89200e+00 4.97135e-01
1.89600e+00 4.88806e-01
1.90000e+00 4.80508e-01
1.90400e+00 4.78727e-01
1.90800e+00 4.78702e-01
1.91200e+00 4.78819e-01
1.91600e+00 4.79427e-01
1.92000e+00 4.81428e-01
1.92400e+00 4.86663e-01
1.92800e+00 4.96888e-01
1.93200e+00 5.07275e-01
1.93600e+00 5.10468e-01
1.94000e+00 5.10637e-01
1.94400e+00 5.10636e-01
1.94800e+00 5.10623e-01
1.95200e+00 5.10519e-01
1.95600e+00 5.09834e-01
1.96000e+00 5.05948e-01
1.96400e+00 4.91596e-01
1.96800e+00 4.71079e-01
1.97200e+00 4.64112e-01
1.97600e+00 4.63781e-01
1.98000e+00 4.63808e-01
1.98400e+00 4.64011e-01
1.98800e+00 4.64611e-01
1.99200e+00 4.68276e-01
1.99600e+00 4.68595e-01
