0.00000e+00 5.92721e-01
4.00000e-03 5.92721e-01
8.00000e-03 5.92721e-01
1.20000e-02 5.92719e-01
1.60000e-02 5.92671e-01
2.00000e-02 5.91757e-01
2.40000e-02 5.80668e-01
2.80000e-02 5.30147e-01
3.20000e-02 4.81836e-01
3.60000e-02 4.74678e-01
4.00000e-02 4.74530e-01
4.40000e-02 4.74489e-01
4.80000e-02 4.74430e-01
5.20000e-02 4.74410e-01
5.60000e-02 4.74425e-01
6.00000e-02 4.74557e-01
6.40000e-02 4.75165e-01
6.80000e-02 4.77215e-01
7.20000e-02 4.82771e-01
7.60000e-02 4.94947e-01
8.00000e-02 5.13255e-01
8.40000e-02 5.25605e-01
8.80000e-02 5.27941e-01
9.20000e-02 5.28125e-01
9.60000e-02 5.28234e-01
1.00000e-01 5.28531e-01
1.04000e-01 5.29586e-01
1.08000e-01 5.32440e-01
1.12000e-01 5.36503e-01
1.16000e-01 5.38577e-01
1.20000e-01 5.38975e-01
1.24000e-01 5.39137e-01
1.28000e-01 5.39451e-01
1.32000e-01 5.40529e-01
1.36000e-01 5.44038e-01
1.40000e-01 5.51761e-01
1.44000e-01 5.58995e-01
1.48000e-01 5.60771e-01
1.52000e-01 5.60897e-01
1.56000e-01 5.60953e-01
1.60000e-01 5.61135e-01
1.64000e-01 5.62036e-01
1.68000e-01 5.64945e-01
1.72000e-01 5.67853e-01
1.76000e-01 5.68142e-01
1.80000e-01 5.67163e-01
1.84000e-01 5.58414e-01
1.88000e-01 5.30620e-01
1.92000e-01 5.08798e-01
1.96000e-01 5.06062e-01
2.00000e-01 5.06117e-01
2.04000e-01 5.06767e-01
2.08000e-01 5.09141e-01
2.12000e-01 5.14900e-01
2.16000e-01 5.26541e-01
2.20000e-01 5.46948e-01
2.24000e-01 5.70171e-01
2.28000e-01 5.79744e-01
2.32000e-01 5.80526e-01
2.36000e-01 5.80532e-01
2.40000e-01 5.80532e-01
2.44000e-01 5.80531e-01
2.48000e-01 5.80527e-01
2.52000e-01 5.80509e-01
2.56000e-01 5.80372e-01
2.60000e-01 5.78703e-01
2.64000e-01 5.61859e-01
2.68000e-01 5.01103e-01
2.72000e-01 4.59652e-01
2.76000e-01 4.56623e-01
2.80000e-01 4.58109e-01
2.84000e-01 4.62854e-01
2.88000e-01 4.65476e-01
2.92000e-01 4.65521e-01
2.96000e-01 4.64677e-01
3.00000e-01 4.61324e-01
3.04000e-01 4.56785e-01
3.08000e-01 4.55305e-01
3.12000e-01 4.55253e-01
3.16000e-01 4.55311e-01
3.20000e-01 4.55630e-01
3.24000e-01 4.56570e-01
3.28000e-01 4.58576e-01
3.32000e-01 4.61997e-01
3.36000e-01 4.67075e-01
3.40000e-01 4.74397e-01
3.44000e-01 4.85604e-01
3.48000e-01 5.02486e-01
3.52000e-01 5.18962e-01
3.56000e-01 5.24184e-01
3.60000e-01 5.24340e-01
3.64000e-01 5.23616e-01
3.68000e-01 5.16807e-01
3.72000e-01 4.88376e-01
3.76000e-01 4.54640e-01
3.80000e-01 4.47454e-01
3.84000e-01 4.47489e-01
3.88000e-01 4.48805e-01
3.92000e-01 4.53103e-01
3.96000e-01 4.58820e-01
4.00000e-01 4.61131e-01
4.04000e-01 4.61350e-01
4.08000e-01 4.61378e-01
4.12000e-01 4.61417e-01
4.16000e-01 4.61528e-01
4.20000e-01 4.61840e-01
4.24000e-01 4.62591e-01
4.28000e-01 4.64147e-01
4.32000e-01 4.66867e-01
4.36000e-01 4.70531e-01
4.40000e-01 4.73789e-01
4.44000e-01 4.75549e-01
4.48000e-01 4.76320e-01
4.52000e-01 4.76828e-01
4.56000e-01 4.77420e-01
4.60000e-01 4.78335e-01
4.64000e-01 4.79813e-01
4.68000e-01 4.82132e-01
4.72000e-01 4.85747e-01
4.76000e-01 4.91683e-01
4.80000e-01 5.02019e-01
4.84000e-01 5.18010e-01
4.88000e-01 5.31695e-01
4.92000e-01 5.35163e-01
4.96000e-01 5.35287e-01
5.00000e-01 5.35236e-01
5.04000e-01 5.34573e-01
5.08000e-01 5.28832e-01
5.12000e-01 5.00617e-01
5.16000e-01 4.58067e-01
5.20000e-01 4.45522e-01
5.24000e-01 4.45149e-01
5.28000e-01 4.45422e-01
5.32000e-01 4.46936e-01
5.36000e-01 4.51796e-01
5.40000e-01 4.63020e-01
5.44000e-01 4.76014e-01
5.48000e-01 4.79360e-01
5.52000e-01 4.78790e-01
5.56000e-01 4.72520e-01
5.60000e-01 4.51297e-01
5.64000e-01 4.31723e-01
5.68000e-01 4.28588e-01
5.72000e-01 4.28713e-01
5.76000e-01 4.29861e-01
5.80000e-01 4.33365e-01
5.84000e-01 4.39950e-01
5.88000e-01 4.48727e-01
5.92000e-01 4.57109e-01
5.96000e-01 4.62698e-01
6.00000e-01 4.65587e-01
6.04000e-01 4.67210e-01
6.08000e-01 4.68529e-01
6.12000e-01 4.70004e-01
6.16000e-01 4.71891e-01
6.20000e-01 4.74310e-01
6.24000e-01 4.77237e-01
6.28000e-01 4.80521e-01
6.32000e-01 4.83961e-01
6.36000e-01 4.87408e-01
6.40000e-01 4.90816e-01
6.44000e-01 4.94164e-01
6.48000e-01 4.97285e-01
6.52000e-01 4.99833e-01
6.56000e-01 5.01643e-01
6.60000e-01 5.03035e-01
6.64000e-01 5.04715e-01
6.68000e-01 5.08234e-01
6.72000e-01 5.16662e-01
6.76000e-01 5.26588e-01
6.80000e-01 5.28447e-01
6.84000e-01 5.26704e-01
6.88000e-01 5.11279e-01
6.92000e-01 4.73992e-01
6.96000e-01 4.55258e-01
7.00000e-01 4.54136e-01
7.04000e-01 4.54548e-01
7.08000e-01 4.56639e-01
7.12000e-01 4.61310e-01
7.16000e-01 4.67780e-01
7.20000e-01 4.74573e-01
7.24000e-01 4.81620e-01
7.28000e-01 4.90507e-01
7.32000e-01 5.02704e-01
7.36000e-01 5.13851e-01
7.40000e-01 5.17400e-01
7.44000e-01 5.17618e-01
7.48000e-01 5.17619e-01
7.52000e-01 5.17619e-01
7.56000e-01 5.17619e-01
7.60000e-01 5.17616e-01
7.64000e-01 5.17608e-01
7.68000e-01 5.17578e-01
7.72000e-01 5.17470e-01
7.76000e-01 5.16986e-01
7.80000e-01 5.14397e-01
7.84000e-01 5.02438e-01
7.88000e-01 4.75761e-01
7.92000e-01 4.59437e-01
7.96000e-01 4.57681e-01
8.00000e-01 4.57675e-01
8.04000e-01 4.57756e-01
8.08000e-01 4.58109e-01
8.12000e-01 4.59073e-01
8.16000e-01 4.61065e-01
8.20000e-01 4.64371e-01
8.24000e-01 4.68865e-01
8.28000e-01 4.73964e-01
8.32000e-01 4.79061e-01
8.36000e-01 4.84080e-01
8.40000e-01 4.89691e-01
8.44000e-01 4.97421e-01
8.48000e-01 5.09566e-01
8.52000e-01 5.25098e-01
8.56000e-01 5.34076e-01
8.60000e-01 5.35349e-01
8.64000e-01 5.35374e-01
8.68000e-01 5.35374e-01
8.72000e-01 5.35374e-01
8.76000e-01 5.35374e-01
8.80000e-01 5.35374e-01
8.84000e-01 5.35374e-01
8.88000e-01 5.35374e-01
8.92000e-01 5.35374e-01
8.96000e-01 5.35374e-01
9.00000e-01 5.35374e-01
9.04000e-01 5.35377e-01
9.08000e-01 5.35390e-01
9.12000e-01 5.35457e-01
9.16000e-01 5.35742e-01
9.20000e-01 5.36446e-01
9.24000e-01 5.36998e-01
9.28000e-01 5.37061e-01
9.32000e-01 5.37029e-01
9.36000e-01 5.36752e-01
9.40000e-01 5.35213e-01
9.44000e-01 5.27628e-01
9.48000e-01 5.03939e-01
9.52000e-01 4.78587e-01
9.56000e-01 4.72832e-01
9.60000e-01 4.72683e-01
9.64000e-01 4.72732e-01
9.68000e-01 4.73059e-01
9.72000e-01 4.74266e-01
9.76000e-01 4.77722e-01
9.80000e-01 4.85627e-01
9.84000e-01 4.97171e-01
9.88000e-01 5.03807e-01
9.92000e-01 5.04679e-01
9.96000e-01 5.04695e-01
1.00000e+00 5.04695e-01
1.00400e+00 5.04696e-01
1.00800e+00 5.04699e-01
1.01200e+00 5.04709e-01
1.01600e+00 5.04741e-01
1.02000e+00 5.04828e-01
1.02400e+00 5.05044e-01
1.02800e+00 5.05520e-01
1.03200e+00 5.06455e-01
1.03600e+00 5.08045e-01
1.04000e+00 5.10311e-01
1.04400e+00 5.12953e-01
1.04800e+00 5.15561e-01
1.05200e+00 5.18049e-01
1.05600e+00 5.20813e-01
1.06000e+00 5.24817e-01
1.06400e+00 5.32101e-01
1.06800e+00 5.45491e-01
1.07200e+00 5.61177e-01
1.07600e+00 5.67463e-01
1.08000e+00 5.67941e-01
1.08400e+00 5.67945e-01
1.08800e+00 5.67945e-01
1.09200e+00 5.67945e-01
1.09600e+00 5.67945e-01
1.10000e+00 5.67945e-01
1.10400e+00 5.67945e-01
1.10800e+00 5.67945e-01
1.11200e+00 5.67945e-01
1.11600e+00 5.67945e-01
1.12000e+00 5.67945e-01
1.12400e+00 5.67943e-01
1.12800e+00 5.67917e-01
1.13200e+00 5.67612e-01
1.13600e+00 5.64250e-01
1.14000e+00 5.39189e-01
1.14400e+00 4.75361e-01
1.14800e+00 4.41312e-01
1.15200e+00 4.38414e-01
1.15600e+00 4.38388e-01
1.16000e+00 4.38389e-01
1.16400e+00 4.38395e-01
1.16800e+00 4.38430e-01
1.17200e+00 4.38564e-01
1.17600e+00 4.38946e-01
1.18000e+00 4.39809e-01
1.18400e+00 4.41414e-01
1.18800e+00 4.43939e-01
1.19200e+00 4.47376e-01
1.19600e+00 4.51513e-01
1.20000e+00 4.56005e-01
1.20400e+00 4.60492e-01
1.20800e+00 4.64678e-01
1.21200e+00 4.68374e-01
1.21600e+00 4.71496e-01
1.22000e+00 4.74053e-01
1.22400e+00 4.76119e-01
1.22800e+00 4.77843e-01
1.23200e+00 4.79466e-01
1.23600e+00 4.81395e-01
1.24000e+00 4.84287e-01
1.24400e+00 4.88513e-01
1.24800e+00 4.92050e-01
1.25200e+00 4.92995e-01
1.25600e+00 4.93050e-01
1.26000e+00 4.93056e-01
1.26400e+00 4.93062e-01
1.26800e+00 4.93080e-01
1.27200e+00 4.93129e-01
1.27600e+00 4.93245e-01
1.28000e+00 4.93478e-01
1.28400e+00 4.93892e-01
1.28800e+00 4.94547e-01
1.29200e+00 4.95480e-01
1.29600e+00 4.96694e-01
1.30000e+00 4.98155e-01
1.30400e+00 4.99799e-01
1.30800e+00 5.01543e-01
1.31200e+00 5.03289e-01
1.31600e+00 5.04945e-01
1.32000e+00 5.06475e-01
1.32400e+00 5.07968e-01
1.32800e+00 5.09705e-01
1.33200e+00 5.12228e-01
1.33600e+00 5.16002e-01
1.34000e+00 5.19579e-01
1.34400e+00 5.20805e-01
1.34800e+00 5.20922e-01
1.35200e+00 5.20939e-01
1.35600e+00 5.20958e-01
1.36000e+00 5.21004e-01
1.36400e+00 5.21119e-01
1.36800e+00 5.21372e-01
1.37200e+00 5.21827e-01
1.37600e+00 5.22452e-01
1.38000e+00 5.23108e-01
1.38400e+00 5.23783e-01
1.38800e+00 5.24806e-01
1.39200e+00 5.27361e-01
1.39600e+00 5.34416e-01
1.40000e+00 5.44308e-01
1.40400e+00 5.46853e-01
1.40800e+00 5.45707e-01
1.41200e+00 5.33107e-01
1.41600e+00 4.94491e-01
1.42000e+00 4.68339e-01
1.42400e+00 4.65539e-01
1.42800e+00 4.65518e-01
1.43200e+00 4.65549e-01
1.43600e+00 4.65707e-01
1.44000e+00 4.66223e-01
1.44400e+00 4.67657e-01
1.44800e+00 4.71240e-01
1.45200e+00 4.78424e-01
1.45600e+00 4.86476e-01
1.46000e+00 4.89435e-01
1.46400e+00 4.89643e-01
1.46800e+00 4.89644e-01
1.47200e+00 4.89644e-01
1.47600e+00 4.89644e-01
1.48000e+00 4.89644e-01
1.48400e+00 4.89644e-01
1.48800e+00 4.89644e-01
1.49200e+00 4.89644e-01
1.49600e+00 4.89644e-01
1.50000e+00 4.89644e-01
1.50400e+00 4.89644e-01
1.50800e+00 4.89644e-01
1.51200e+00 4.89644e-01
1.51600e+00 4.89645e-01
1.52000e+00 4.89647e-01
1.52400e+00 4.89652e-01
1.52800e+00 4.89671e-01
1.53200e+00 4.89732e-01
1.53600e+00 4.89936e-01
1.54000e+00 4.90617e-01
1.54400e+00 4.92743e-01
1.54800e+00 4.97863e-01
1.55200e+00 5.03849e-01
1.55600e+00 5.05610e-01
1.56000e+00 5.05612e-01
1.56400e+00 5.05014e-01
1.56800e+00 5.01463e-01
1.57200e+00 4.91092e-01
1.57600e+00 4.80621e-01
1.58000e+00 4.78281e-01
1.58400e+00 4.78214e-01
1.58800e+00 4.78218e-01
1.59200e+00 4.78250e-01
1.59600e+00 4.78365e-01
1.60000e+00 4.78666e-01
1.60400e+00 4.79337e-01
1.60800e+00 4.80759e-01
1.61200e+00 4.83834e-01
1.61600e+00 4.90540e-01
1.62000e+00 5.02419e-01
1.62400e+00 5.12573e-01
1.62800e+00 5.14630e-01
1.63200e+00 5.14569e-01
1.63600e+00 5.13368e-01
1.64000e+00 5.06638e-01
1.64400e+00 4.89847e-01
1.64800e+00 4.76933e-01
1.65200e+00 4.74408e-01
1.65600e+00 4.73861e-01
1.66000e+00 4.72898e-01
1.66400e+00 4.69266e-01
1.66800e+00 4.59560e-01
1.67200e+00 4.49465e-01
1.67600e+00 4.46934e-01
1.68000e+00 4.46842e-01
1.68400e+00 4.46843e-01
1.68800e+00 4.46855e-01
1.69200e+00 4.46897e-01
1.69600e+00 4.46992e-01
1.70000e+00 4.47153e-01
1.70400e+00 4.47375e-01
1.70800e+00 4.47674e-01
1.71200e+00 4.48142e-01
1.71600e+00 4.49034e-01
1.72000e+00 4.50971e-01
1.72400e+00 4.55094e-01
1.72800e+00 4.61558e-01
1.73200e+00 4.66160e-01
1.73600e+00 4.67024e-01
1.74000e+00 4.67049e-01
1.74400e+00 4.67049e-01
1.74800e+00 4.67049e-01
1.75200e+00 4.67049e-01
1.75600e+00 4.67049e-01
1.76000e+00 4.67049e-01
1.76400e+00 4.67049e-01
1.76800e+00 4.67049e-01
1.77200e+00 4.67049e-01
1.77600e+00 4.67050e-01
1.78000e+00 4.67053e-01
1.78400e+00 4.67059e-01
1.78800e+00 4.67073e-01
1.79200e+00 4.67104e-01
1.79600e+00 4.67170e-01
1.80000e+00 4.67298e-01
1.80400e+00 4.67526e-01
1.80800e+00 4.67890e-01
1.81200e+00 4.68427e-01
1.81600e+00 4.69213e-01
1.82000e+00 4.70471e-01
1.82400e+00 4.72798e-01
1.82800e+00 4.77452e-01
1.83200e+00 4.85260e-01
1.83600e+00 4.92025e-01
1.84000e+00 4.93733e-01
1.84400e+00 4.93806e-01
1.84800e+00 4.93806e-01
1.85200e+00 4.93806e-01
1.85600e+00 4.93806e-01
1.86000e+00 4.93806e-01
1.86400e+00 4.93806e-01
1.86800e+00 4.93806e-01
1.87200e+00 4.93807e-01
1.87600e+00 4.93809e-01
1.88000e+00 4.93818e-01
1.88400e+00 4.93855e-01
1.88800e+00 4.94007e-01
1.89200e+00 4.94591e-01
1.89600e+00 4.96372e-01
1.90000e+00 4.99153e-01
1.90400e+00 5.00291e-01
1.90800e+00 5.00303e-01
1.91200e+00 4.99882e-01
1.91600e+00 4.97349e-01
1.92000e+00 4.89632e-01
1.92400e+00 4.81028e-01
1.92800e+00 4.78854e-01
1.93200e+00 4.78803e-01
1.93600e+00 4.78890e-01
1.94000e+00 4.79386e-01
1.94400e+00 4.81071e-01
1.94800e+00 4.85606e-01
1.95200e+00 4.95032e-01
1.95600e+00 5.06054e-01
1.96000e+00 5.10317e-01
1.96400e+00 5.10629e-01
1.96800e+00 5.10630e-01
1.97200e+00 5.10618e-01
1.97600e+00 5.10518e-01
1.98000e+00 5.09851e-01
1.98400e+00 5.06061e-01
1.98800e+00 4.91939e-01
1.99200e+00 4.69865e-01
1.99600e+00 4.68789e-01
