0.00000e+00 4.28771e-01
4.00000e-03 4.28771e-01
8.00000e-03 4.28766e-01
1.20000e-02 4.28697e-01
1.60000e-02 4.28092e-01
2.00000e-02 4.24931e-01
2.40000e-02 4.17638e-01
2.80000e-02 4.13593e-01
3.20000e-02 4.13561e-01
3.60000e-02 4.15135e-01
4.00000e-02 4.21121e-01
4.40000e-02 4.34401e-01
4.80000e-02 4.56513e-01
5.20000e-02 4.88739e-01
5.60000e-02 5.32384e-01
6.00000e-02 5.75064e-01
6.40000e-02 5.90878e-01
6.80000e-02 5.91787e-01
7.20000e-02 5.91137e-01
7.60000e-02 5.81727e-01
8.00000e-02 5.34903e-01
8.40000e-02 4.83619e-01
8.80000e-02 4.74587e-01
9.20000e-02 4.74425e-01
9.60000e-02 4.74425e-01
1.00000e-01 4.74434e-01
1.04000e-01 4.74477e-01
1.08000e-01 4.74648e-01
1.12000e-01 4.75209e-01
1.16000e-01 4.76769e-01
1.20000e-01 4.80529e-01
1.24000e-01 4.88593e-01
1.28000e-01 5.03206e-01
1.32000e-01 5.20059e-01
1.36000e-01 5.27447e-01
1.40000e-01 5.28232e-01
1.44000e-01 5.28291e-01
1.48000e-01 5.28347e-01
1.52000e-01 5.28527e-01
1.56000e-01 5.29189e-01
1.60000e-01 5.31216e-01
1.64000e-01 5.35126e-01
1.68000e-01 5.38308e-01
1.72000e-01 5.39134e-01
1.76000e-01 5.39292e-01
1.80000e-01 5.39443e-01
1.84000e-01 5.39883e-01
1.88000e-01 5.41434e-01
1.92000e-01 5.46075e-01
1.96000e-01 5.54470e-01
2.00000e-01 5.60058e-01
2.04000e-01 5.60941e-01
2.08000e-01 5.61014e-01
2.12000e-01 5.61089e-01
2.16000e-01 5.61425e-01
2.20000e-01 5.62907e-01
2.24000e-01 5.65552e-01
2.28000e-01 5.66295e-01
2.32000e-01 5.65881e-01
2.36000e-01 5.60939e-01
2.40000e-01 5.39405e-01
2.44000e-01 5.12951e-01
2.48000e-01 5.06877e-01
2.52000e-01 5.06782e-01
2.56000e-01 5.07082e-01
2.60000e-01 5.08481e-01
2.64000e-01 5.12213e-01
2.68000e-01 5.20033e-01
2.72000e-01 5.34759e-01
2.76000e-01 5.57565e-01
2.80000e-01 5.76112e-01
2.84000e-01 5.80379e-01
2.88000e-01 5.80532e-01
2.92000e-01 5.80532e-01
2.96000e-01 5.80532e-01
3.00000e-01 5.80531e-01
3.04000e-01 5.80508e-01
3.08000e-01 5.80167e-01
3.12000e-01 5.75752e-01
3.16000e-01 5.43812e-01
3.20000e-01 4.82195e-01
3.24000e-01 4.62144e-01
3.28000e-01 4.61763e-01
3.32000e-01 4.62851e-01
3.36000e-01 4.64005e-01
3.40000e-01 4.63973e-01
3.44000e-01 4.62873e-01
3.48000e-01 4.59372e-01
3.52000e-01 4.56040e-01
3.56000e-01 4.55401e-01
3.60000e-01 4.55401e-01
3.64000e-01 4.55497e-01
3.68000e-01 4.55901e-01
3.72000e-01 4.56961e-01
3.76000e-01 4.59052e-01
3.80000e-01 4.62396e-01
3.84000e-01 4.67088e-01
3.88000e-01 4.73547e-01
3.92000e-01 4.83224e-01
3.96000e-01 4.98403e-01
4.00000e-01 5.15632e-01
4.04000e-01 5.22745e-01
4.08000e-01 5.23106e-01
4.12000e-01 5.22345e-01
4.16000e-01 5.15053e-01
4.20000e-01 4.86329e-01
4.24000e-01 4.55269e-01
4.28000e-01 4.49488e-01
4.32000e-01 4.49625e-01
4.36000e-01 4.51284e-01
4.40000e-01 4.55845e-01
4.44000e-01 4.60260e-01
4.48000e-01 4.61353e-01
4.52000e-01 4.61422e-01
4.56000e-01 4.61442e-01
4.60000e-01 4.61485e-01
4.64000e-01 4.61615e-01
4.68000e-01 4.61968e-01
4.72000e-01 4.62797e-01
4.76000e-01 4.64501e-01
4.80000e-01 4.67500e-01
4.84000e-01 4.71520e-01
4.88000e-01 4.74838e-01
4.92000e-01 4.76311e-01
4.96000e-01 4.76816e-01
5.00000e-01 4.77131e-01
5.04000e-01 4.77531e-01
5.08000e-01 4.78208e-01
5.12000e-01 4.79366e-01
5.16000e-01 4.81212e-01
5.20000e-01 4.84007e-01
5.24000e-01 4.88307e-01
5.28000e-01 4.95447e-01
5.32000e-01 5.07738e-01
5.36000e-01 5.24176e-01
5.40000e-01 5.33798e-01
5.44000e-01 5.35060e-01
5.48000e-01 5.35040e-01
5.52000e-01 5.34478e-01
5.56000e-01 5.29156e-01
5.60000e-01 5.01955e-01
5.64000e-01 4.59435e-01
5.68000e-01 4.46577e-01
5.72000e-01 4.46250e-01
5.76000e-01 4.46833e-01
5.80000e-01 4.49787e-01
5.84000e-01 4.58133e-01
5.88000e-01 4.70569e-01
5.92000e-01 4.75661e-01
5.96000e-01 4.75589e-01
6.00000e-01 4.72334e-01
6.04000e-01 4.57571e-01
6.08000e-01 4.36417e-01
6.12000e-01 4.29989e-01
6.16000e-01 4.29862e-01
6.20000e-01 4.30411e-01
6.24000e-01 4.32649e-01
6.28000e-01 4.37667e-01
6.32000e-01 4.45599e-01
6.36000e-01 4.54803e-01
6.40000e-01 4.62101e-01
6.44000e-01 4.65848e-01
6.48000e-01 4.67416e-01
6.52000e-01 4.68324e-01
6.56000e-01 4.69214e-01
6.60000e-01 4.70391e-01
6.64000e-01 4.72058e-01
6.68000e-01 4.74318e-01
6.72000e-01 4.77131e-01
6.76000e-01 4.80325e-01
6.80000e-01 4.83671e-01
6.84000e-01 4.87014e-01
6.88000e-01 4.90336e-01
6.92000e-01 4.93670e-01
6.96000e-01 4.96868e-01
7.00000e-01 4.99486e-01
7.04000e-01 5.01232e-01
7.08000e-01 5.02417e-01
7.12000e-01 5.03703e-01
7.16000e-01 5.06313e-01
7.20000e-01 5.12813e-01
7.24000e-01 5.21391e-01
7.28000e-01 5.23458e-01
7.32000e-01 5.22419e-01
7.36000e-01 5.11911e-01
7.40000e-01 4.80186e-01
7.44000e-01 4.57980e-01
7.48000e-01 4.55701e-01
7.52000e-01 4.55917e-01
7.56000e-01 4.57356e-01
7.60000e-01 4.61145e-01
7.64000e-01 4.67108e-01
7.68000e-01 4.73875e-01
7.72000e-01 4.80889e-01
7.76000e-01 4.89311e-01
7.80000e-01 5.00807e-01
7.84000e-01 5.12527e-01
7.88000e-01 5.17213e-01
7.92000e-01 5.17615e-01
7.96000e-01 5.17619e-01
8.00000e-01 5.17619e-01
8.04000e-01 5.17619e-01
8.08000e-01 5.17619e-01
8.12000e-01 5.17617e-01
8.16000e-01 5.17607e-01
8.20000e-01 5.17553e-01
8.24000e-01 5.17193e-01
8.28000e-01 5.14836e-01
8.32000e-01 5.03020e-01
8.36000e-01 4.76007e-01
8.40000e-01 4.59543e-01
8.44000e-01 4.57818e-01
8.48000e-01 4.57815e-01
8.52000e-01 4.57913e-01
8.56000e-01 4.58320e-01
8.60000e-01 4.59378e-01
8.64000e-01 4.61472e-01
8.68000e-01 4.64830e-01
8.72000e-01 4.69291e-01
8.76000e-01 4.74265e-01
8.80000e-01 4.79089e-01
8.84000e-01 4.83544e-01
8.88000e-01 4.88043e-01
8.92000e-01 4.93615e-01
8.96000e-01 5.02143e-01
9.00000e-01 5.15636e-01
9.04000e-01 5.29743e-01
9.08000e-01 5.34986e-01
9.12000e-01 5.35371e-01
9.16000e-01 5.35374e-01
9.20000e-01 5.35374e-01
9.24000e-01 5.35374e-01
9.28000e-01 5.35374e-01
9.32000e-01 5.35374e-01
9.36000e-01 5.35374e-01
9.40000e-01 5.35374e-01
9.44000e-01 5.35374e-01
9.48000e-01 5.35374e-01
9.52000e-01 5.35374e-01
9.56000e-01 5.35377e-01
9.60000e-01 5.35387e-01
9.64000e-01 5.35441e-01
9.68000e-01 5.35668e-01
9.72000e-01 5.36276e-01
9.76000e-01 5.36854e-01
9.80000e-01 5.36943e-01
9.84000e-01 5.36909e-01
9.88000e-01 5.36474e-01
9.92000e-01 5.33139e-01
9.96000e-01 5.16888e-01
1.00000e+00 4.86713e-01
1.00400e+00 4.73694e-01
1.00800e+00 4.72878e-01
1.01200e+00 4.72909e-01
1.01600e+00 4.73173e-01
1.02000e+00 4.74200e-01
1.02400e+00 4.77149e-01
1.02800e+00 4.84060e-01
1.03200e+00 4.95247e-01
1.03600e+00 5.03215e-01
1.04000e+00 5.04657e-01
1.04400e+00 5.04696e-01
1.04800e+00 5.04696e-01
1.05200e+00 5.04696e-01
1.05600e+00 5.04697e-01
1.06000e+00 5.04701e-01
1.06400e+00 5.04713e-01
1.06800e+00 5.04747e-01
1.07200e+00 5.04837e-01
1.07600e+00 5.05054e-01
1.08000e+00 5.05526e-01
1.08400e+00 5.06454e-01
1.08800e+00 5.08049e-01
1.09200e+00 5.10369e-01
1.09600e+00 5.13111e-01
1.10000e+00 5.15766e-01
1.10400e+00 5.18118e-01
1.10800e+00 5.20446e-01
1.11200e+00 5.23459e-01
1.11600e+00 5.28604e-01
1.12000e+00 5.38626e-01
1.12400e+00 5.54439e-01
1.12800e+00 5.65848e-01
1.13200e+00 5.67894e-01
1.13600e+00 5.67945e-01
1.14000e+00 5.67945e-01
1.14400e+00 5.67945e-01
1.14800e+00 5.67945e-01
1.15200e+00 5.67945e-01
1.15600e+00 5.67945e-01
1.16000e+00 5.67945e-01
1.16400e+00 5.67945e-01
1.16800e+00 5.67945e-01
1.17200e+00 5.67945e-01
1.17600e+00 5.67938e-01
1.18000e+00 5.67838e-01
1.18400e+00 5.66461e-01
1.18800e+00 5.52079e-01
1.19200e+00 4.93804e-01
1.19600e+00 4.44777e-01
1.20000e+00 4.38474e-01
1.20400e+00 4.38400e-01
1.20800e+00 4.38405e-01
1.21200e+00 4.38441e-01
1.21600e+00 4.38560e-01
1.22000e+00 4.38873e-01
1.22400e+00 4.39565e-01
1.22800e+00 4.40881e-01
1.23200e+00 4.43033e-01
1.23600e+00 4.46092e-01
1.24000e+00 4.49920e-01
1.24400e+00 4.54219e-01
1.24800e+00 4.58638e-01
1.25200e+00 4.62875e-01
1.25600e+00 4.66722e-01
1.26000e+00 4.70062e-01
1.26400e+00 4.72836e-01
1.26800e+00 4.75041e-01
1.27200e+00 4.76747e-01
1.27600e+00 4.78138e-01
1.28000e+00 4.79517e-01
1.28400e+00 4.81376e-01
1.28800e+00 4.84514e-01
1.29200e+00 4.89121e-01
1.29600e+00 4.92404e-01
1.30000e+00 4.93039e-01
1.30400e+00 4.93061e-01
1.30800e+00 4.93063e-01
1.31200e+00 4.93065e-01
1.31600e+00 4.93073e-01
1.32000e+00 4.93097e-01
1.32400e+00 4.93160e-01
1.32800e+00 4.93303e-01
1.33200e+00 4.93586e-01
1.33600e+00 4.94080e-01
1.34000e+00 4.94848e-01
1.34400e+00 4.95923e-01
1.34800e+00 4.97291e-01
1.35200e+00 4.98897e-01
1.35600e+00 5.00661e-01
1.36000e+00 5.02471e-01
1.36400e+00 5.04186e-01
1.36800e+00 5.05686e-01
1.37200e+00 5.06993e-01
1.37600e+00 5.08338e-01
1.38000e+00 5.10232e-01
1.38400e+00 5.13515e-01
1.38800e+00 5.18002e-01
1.39200e+00 5.20583e-01
1.39600e+00 5.20941e-01
1.40000e+00 5.20954e-01
1.40400e+00 5.20957e-01
1.40800e+00 5.20965e-01
1.41200e+00 5.20992e-01
1.41600e+00 5.21068e-01
1.42000e+00 5.21256e-01
1.42400e+00 5.21632e-01
1.42800e+00 5.22185e-01
1.43200e+00 5.22791e-01
1.43600e+00 5.23459e-01
1.44000e+00 5.24627e-01
1.44400e+00 5.27860e-01
1.44800e+00 5.35493e-01
1.45200e+00 5.41421e-01
1.45600e+00 5.41675e-01
1.46000e+00 5.38028e-01
1.46400e+00 5.15568e-01
1.46800e+00 4.78332e-01
1.47200e+00 4.66124e-01
1.47600e+00 4.65615e-01
1.48000e+00 4.65635e-01
1.48400e+00 4.65790e-01
1.48800e+00 4.66364e-01
1.49200e+00 4.67993e-01
1.49600e+00 4.72001e-01
1.50000e+00 4.79616e-01
1.50400e+00 4.87205e-01
1.50800e+00 4.89518e-01
1.51200e+00 4.89643e-01
1.51600e+00 4.89644e-01
1.52000e+00 4.89644e-01
1.52400e+00 4.89644e-01
1.52800e+00 4.89644e-01
1.53200e+00 4.89644e-01
1.53600e+00 4.89644e-01
1.54000e+00 4.89644e-01
1.54400e+00 4.89644e-01
1.54800e+00 4.89644e-01
1.55200e+00 4.89644e-01
1.55600e+00 4.89644e-01
1.56000e+00 4.89644e-01
1.56400e+00 4.89645e-01
1.56800e+00 4.89646e-01
1.57200e+00 4.89650e-01
1.57600e+00 4.89663e-01
1.58000e+00 4.89706e-01
1.58400e+00 4.89851e-01
1.58800e+00 4.90342e-01
1.59200e+00 4.91927e-01
1.59600e+00 4.96123e-01
1.60000e+00 5.02234e-01
1.60400e+00 5.04866e-01
1.60800e+00 5.04976e-01
1.61200e+00 5.04643e-01
1.61600e+00 5.02256e-01
1.62000e+00 4.93848e-01
1.62400e+00 4.82342e-01
1.62800e+00 4.78437e-01
1.63200e+00 4.78235e-01
1.63600e+00 4.78237e-01
1.64000e+00 4.78255e-01
1.64400e+00 4.78331e-01
1.64800e+00 4.78547e-01
1.65200e+00 4.79057e-01
1.65600e+00 4.80178e-01
1.66000e+00 4.82649e-01
1.66400e+00 4.88162e-01
1.66800e+00 4.98803e-01
1.67200e+00 5.10181e-01
1.67600e+00 5.13666e-01
1.68000e+00 5.13741e-01
1.68400e+00 5.13195e-01
1.68800e+00 5.09440e-01
1.69200e+00 4.96871e-01
1.69600e+00 4.80728e-01
1.70000e+00 4.74143e-01
1.70400e+00 4.72160e-01
1.70800e+00 4.69693e-01
1.71200e+00 4.63202e-01
1.71600e+00 4.52641e-01
1.72000e+00 4.47354e-01
1.72400e+00 4.46856e-01
1.72800e+00 4.46853e-01
1.73200e+00 4.46857e-01
1.73600e+00 4.46879e-01
1.74000e+00 4.46939e-01
1.74400e+00 4.47060e-01
1.74800e+00 4.47252e-01
1.75200e+00 4.47527e-01
1.75600e+00 4.47940e-01
1.76000e+00 4.48670e-01
1.76400e+00 4.50172e-01
1.76800e+00 4.53417e-01
1.77200e+00 4.59287e-01
1.77600e+00 4.65107e-01
1.78000e+00 4.66941e-01
1.78400e+00 4.67048e-01
1.78800e+00 4.67049e-01
1.79200e+00 4.67049e-01
1.79600e+00 4.67049e-01
1.80000e+00 4.67049e-01
1.80400e+00 4.67049e-01
1.80800e+00 4.67049e-01
1.81200e+00 4.67049e-01
1.81600e+00 4.67049e-01
1.82000e+00 4.67049e-01
1.82400e+00 4.67051e-01
1.82800e+00 4.67053e-01
1.83200e+00 4.67060e-01
1.83600e+00 4.67075e-01
1.84000e+00 4.67108e-01
1.84400e+00 4.67176e-01
1.84800e+00 4.67308e-01
1.85200e+00 4.67536e-01
1.85600e+00 4.67896e-01
1.86000e+00 4.68426e-01
1.86400e+00 4.69216e-01
1.86800e+00 4.70521e-01
1.87200e+00 4.73004e-01
1.87600e+00 4.77998e-01
1.88000e+00 4.86061e-01
1.88400e+00 4.92391e-01
1.88800e+00 4.93759e-01
1.89200e+00 4.93806e-01
1.89600e+00 4.93806e-01
1.90000e+00 4.93806e-01
1.90400e+00 4.93806e-01
1.90800e+00 4.93806e-01
1.91200e+00 4.93806e-01
1.91600e+00 4.93806e-01
1.92000e+00 4.93807e-01
1.92400e+00 4.93808e-01
1.92800e+00 4.93815e-01
1.93200e+00 4.93844e-01
1.93600e+00 4.93961e-01
1.94000e+00 4.94418e-01
1.94400e+00 4.95884e-01
1.94800e+00 4.98458e-01
1.95200e+00 4.99757e-01
1.95600e+00 4.99807e-01
1.96000e+00 4.99525e-01
1.96400e+00 4.97625e-01
1.96800e+00 4.91113e-01
1.97200e+00 4.82177e-01
1.97600e+00 4.79121e-01
1.98000e+00 4.78986e-01
1.98400e+00 4.79037e-01
1.98800e+00 4.79310e-01
1.99200e+00 4.82703e-01
1.99600e+00 4.83042e-01
