0.00000e+00 5.81940e-01
4.00000e-03 5.81940e-01
8.00000e-03 5.81940e-01
1.20000e-02 5.81934e-01
1.60000e-02 5.81788e-01
2.00000e-02 5.78912e-01
2.40000e-02 5.48850e-01
2.80000e-02 4.68720e-01
3.20000e-02 4.31400e-01
3.60000e-02 4.26807e-01
4.00000e-02 4.23969e-01
4.40000e-02 4.18755e-01
4.80000e-02 4.14814e-01
5.20000e-02 4.14514e-01
5.60000e-02 4.15185e-01
6.00000e-02 4.18401e-01
6.40000e-02 4.26256e-01
6.80000e-02 4.39660e-01
7.20000e-02 4.58162e-01
7.60000e-02 4.81593e-01
8.00000e-02 5.11914e-01
8.40000e-02 5.50602e-01
8.80000e-02 5.82606e-01
9.20000e-02 5.90723e-01
9.60000e-02 5.90829e-01
1.00000e-01 5.88402e-01
1.04000e-01 5.65509e-01
1.08000e-01 5.05703e-01
1.12000e-01 4.76382e-01
1.16000e-01 4.74439e-01
1.20000e-01 4.74431e-01
1.24000e-01 4.74440e-01
1.28000e-01 4.74487e-01
1.32000e-01 4.74662e-01
1.36000e-01 4.75187e-01
1.40000e-01 4.76558e-01
1.44000e-01 4.79721e-01
1.48000e-01 4.86377e-01
1.52000e-01 4.98927e-01
1.56000e-01 5.16084e-01
1.60000e-01 5.26567e-01
1.64000e-01 5.28244e-01
1.68000e-01 5.28321e-01
1.72000e-01 5.28349e-01
1.76000e-01 5.28420e-01
1.80000e-01 5.28693e-01
1.84000e-01 5.29664e-01
1.88000e-01 5.32334e-01
1.92000e-01 5.36481e-01
1.96000e-01 5.38870e-01
2.00000e-01 5.39307e-01
2.04000e-01 5.39417e-01
2.08000e-01 5.39577e-01
2.12000e-01 5.40101e-01
2.16000e-01 5.41951e-01
2.20000e-01 5.47216e-01
2.24000e-01 5.55714e-01
2.28000e-01 5.60407e-01
2.32000e-01 5.61009e-01
2.36000e-01 5.61077e-01
2.40000e-01 5.61181e-01
2.44000e-01 5.61676e-01
2.48000e-01 5.63447e-01
2.52000e-01 5.65267e-01
2.56000e-01 5.65391e-01
2.60000e-01 5.64238e-01
2.64000e-01 5.54980e-01
2.68000e-01 5.28205e-01
2.72000e-01 5.09205e-01
2.76000e-01 5.07079e-01
2.80000e-01 5.07125e-01
2.84000e-01 5.07639e-01
2.88000e-01 5.09504e-01
2.92000e-01 5.13981e-01
2.96000e-01 5.22925e-01
3.00000e-01 5.39286e-01
3.04000e-01 5.62551e-01
3.08000e-01 5.77928e-01
3.12000e-01 5.80474e-01
3.16000e-01 5.80532e-01
3.20000e-01 5.80532e-01
3.24000e-01 5.80531e-01
3.28000e-01 5.80522e-01
3.32000e-01 5.80381e-01
3.36000e-01 5.78461e-01
3.40000e-01 5.60499e-01
3.44000e-01 5.02614e-01
3.48000e-01 4.65976e-01
3.52000e-01 4.62967e-01
3.56000e-01 4.63140e-01
3.60000e-01 4.63386e-01
3.64000e-01 4.63245e-01
3.68000e-01 4.61981e-01
3.72000e-01 4.58577e-01
3.76000e-01 4.55868e-01
3.80000e-01 4.55463e-01
3.84000e-01 4.55472e-01
3.88000e-01 4.55588e-01
3.92000e-01 4.56034e-01
3.96000e-01 4.57155e-01
4.00000e-01 4.59290e-01
4.04000e-01 4.62606e-01
4.08000e-01 4.67137e-01
4.12000e-01 4.73239e-01
4.16000e-01 4.82288e-01
4.20000e-01 4.96681e-01
4.24000e-01 5.13967e-01
4.28000e-01 5.21860e-01
4.32000e-01 5.22345e-01
4.36000e-01 5.21574e-01
4.40000e-01 5.14163e-01
4.44000e-01 4.85649e-01
4.48000e-01 4.55858e-01
4.52000e-01 4.50571e-01
4.56000e-01 4.50739e-01
4.60000e-01 4.52474e-01
4.64000e-01 4.56904e-01
4.68000e-01 4.60645e-01
4.72000e-01 4.61406e-01
4.76000e-01 4.61451e-01
4.80000e-01 4.61470e-01
4.84000e-01 4.61516e-01
4.88000e-01 4.61657e-01
4.92000e-01 4.62032e-01
4.96000e-01 4.62905e-01
5.00000e-01 4.64700e-01
5.04000e-01 4.67883e-01
5.08000e-01 4.72113e-01
5.12000e-01 4.75389e-01
5.16000e-01 4.76646e-01
5.20000e-01 4.77016e-01
5.24000e-01 4.77249e-01
5.28000e-01 4.77570e-01
5.32000e-01 4.78149e-01
5.36000e-01 4.79176e-01
5.40000e-01 4.80838e-01
5.44000e-01 4.83338e-01
5.48000e-01 4.87074e-01
5.52000e-01 4.93064e-01
5.56000e-01 5.03426e-01
5.60000e-01 5.19249e-01
5.64000e-01 5.32021e-01
5.68000e-01 5.34805e-01
5.72000e-01 5.34838e-01
5.76000e-01 5.34334e-01
5.80000e-01 5.29241e-01
5.84000e-01 5.02697e-01
5.88000e-01 4.60364e-01
5.92000e-01 4.47363e-01
5.96000e-01 4.47071e-01
6.00000e-01 4.47902e-01
6.04000e-01 4.51901e-01
6.08000e-01 4.61858e-01
6.12000e-01 4.72171e-01
6.16000e-01 4.74173e-01
6.20000e-01 4.73513e-01
6.24000e-01 4.67544e-01
6.28000e-01 4.49065e-01
6.32000e-01 4.32891e-01
6.36000e-01 4.30378e-01
6.40000e-01 4.30473e-01
6.44000e-01 4.31378e-01
6.48000e-01 4.34261e-01
6.52000e-01 4.40057e-01
6.56000e-01 4.48612e-01
6.60000e-01 4.57826e-01
6.64000e-01 4.64246e-01
6.68000e-01 4.66995e-01
6.72000e-01 4.68035e-01
6.76000e-01 4.68691e-01
6.80000e-01 4.69428e-01
6.84000e-01 4.70495e-01
6.88000e-01 4.72081e-01
6.92000e-01 4.74283e-01
6.96000e-01 4.77057e-01
7.00000e-01 4.80220e-01
7.04000e-01 4.83529e-01
7.08000e-01 4.86824e-01
7.12000e-01 4.90102e-01
7.16000e-01 4.93428e-01
7.20000e-01 4.96671e-01
7.24000e-01 4.99345e-01
7.28000e-01 5.01084e-01
7.32000e-01 5.02197e-01
7.36000e-01 5.03344e-01
7.40000e-01 5.05636e-01
7.44000e-01 5.11405e-01
7.48000e-01 5.19292e-01
7.52000e-01 5.21338e-01
7.56000e-01 5.20502e-01
7.60000e-01 5.11620e-01
7.64000e-01 4.82536e-01
7.68000e-01 4.59321e-01
7.72000e-01 4.56406e-01
7.76000e-01 4.56556e-01
7.80000e-01 4.57742e-01
7.84000e-01 4.61110e-01
7.88000e-01 4.66740e-01
7.92000e-01 4.73416e-01
7.96000e-01 4.80416e-01
8.00000e-01 4.88686e-01
8.04000e-01 4.99910e-01
8.08000e-01 5.11838e-01
8.12000e-01 5.17091e-01
8.16000e-01 5.17613e-01
8.20000e-01 5.17619e-01
8.24000e-01 5.17619e-01
8.28000e-01 5.17619e-01
8.32000e-01 5.17619e-01
8.36000e-01 5.17618e-01
8.40000e-01 5.17610e-01
8.44000e-01 5.17562e-01
8.48000e-01 5.17222e-01
8.52000e-01 5.14930e-01
8.56000e-01 5.03287e-01
8.60000e-01 4.76327e-01
8.64000e-01 4.59668e-01
8.68000e-01 4.57894e-01
8.72000e-01 4.57892e-01
8.76000e-01 4.57996e-01
8.80000e-01 4.58424e-01
8.84000e-01 4.59523e-01
8.88000e-01 4.61668e-01
8.92000e-01 4.65063e-01
8.96000e-01 4.69530e-01
9.00000e-01 4.74471e-01
9.04000e-01 4.79199e-01
9.08000e-01 4.83445e-01
9.12000e-01 4.87533e-01
9.16000e-01 4.92314e-01
9.20000e-01 4.99353e-01
9.24000e-01 5.10948e-01
9.28000e-01 5.25890e-01
9.32000e-01 5.34245e-01
9.36000e-01 5.35355e-01
9.40000e-01 5.35374e-01
9.44000e-01 5.35374e-01
9.48000e-01 5.35374e-01
9.52000e-01 5.35374e-01
9.56000e-01 5.35374e-01
9.60000e-01 5.35374e-01
9.64000e-01 5.35374e-01
9.68000e-01 5.35374e-01
9.72000e-01 5.35374e-01
9.76000e-01 5.35374e-01
9.80000e-01 5.35375e-01
9.84000e-01 5.35379e-01
9.88000e-01 5.35401e-01
9.92000e-01 5.35502e-01
9.96000e-01 5.35879e-01
1.00000e+00 5.36558e-01
1.00400e+00 5.36850e-01
1.00800e+00 5.36846e-01
1.01200e+00 5.36602e-01
1.01600e+00 5.34462e-01
1.02000e+00 5.22342e-01
1.02400e+00 4.92953e-01
1.02800e+00 4.74840e-01
1.03200e+00 4.73011e-01
1.03600e+00 4.73022e-01
1.04000e+00 4.73240e-01
1.04400e+00 4.74159e-01
1.04800e+00 4.76867e-01
1.05200e+00 4.83332e-01
1.05600e+00 4.94283e-01
1.06000e+00 5.02849e-01
1.06400e+00 5.04639e-01
1.06800e+00 5.04696e-01
1.07200e+00 5.04696e-01
1.07600e+00 5.04697e-01
1.08000e+00 5.04697e-01
1.08400e+00 5.04699e-01
1.08800e+00 5.04706e-01
1.09200e+00 5.04727e-01
1.09600e+00 5.04785e-01
1.10000e+00 5.04928e-01
1.10400e+00 5.05251e-01
1.10800e+00 5.05920e-01
1.11200e+00 5.07158e-01
1.11600e+00 5.09143e-01
1.12000e+00 5.11785e-01
1.12400e+00 5.14604e-01
1.12800e+00 5.17111e-01
1.13200e+00 5.19290e-01
1.13600e+00 5.21581e-01
1.14000e+00 5.24839e-01
1.14400e+00 5.30814e-01
1.14800e+00 5.42436e-01
1.15200e+00 5.58434e-01
1.15600e+00 5.66960e-01
1.16000e+00 5.67932e-01
1.16400e+00 5.67945e-01
1.16800e+00 5.67945e-01
1.17200e+00 5.67945e-01
1.17600e+00 5.67945e-01
1.18000e+00 5.67945e-01
1.18400e+00 5.67945e-01
1.18800e+00 5.67945e-01
1.19200e+00 5.67945e-01
1.19600e+00 5.67945e-01
1.20000e+00 5.67940e-01
1.20400e+00 5.67873e-01
1.20800e+00 5.66920e-01
1.21200e+00 5.56221e-01
1.21600e+00 5.04118e-01
1.22000e+00 4.48174e-01
1.22400e+00 4.38580e-01
1.22800e+00 4.38417e-01
1.23200e+00 4.38426e-01
1.23600e+00 4.38482e-01
1.24000e+00 4.38662e-01
1.24400e+00 4.39096e-01
1.24800e+00 4.39981e-01
1.25200e+00 4.41550e-01
1.25600e+00 4.43974e-01
1.26000e+00 4.47264e-01
1.26400e+00 4.51229e-01
1.26800e+00 4.55549e-01
1.27200e+00 4.59886e-01
1.27600e+00 4.63978e-01
1.28000e+00 4.67660e-01
1.28400e+00 4.70836e-01
1.28800e+00 4.73447e-01
1.29200e+00 4.75477e-01
1.29600e+00 4.77008e-01
1.30000e+00 4.78252e-01
1.30400e+00 4.79535e-01
1.30800e+00 4.81381e-01
1.31200e+00 4.84639e-01
1.31600e+00 4.89374e-01
1.32000e+00 4.92513e-01
1.32400e+00 4.93048e-01
1.32800e+00 4.93063e-01
1.33200e+00 4.93064e-01
1.33600e+00 4.93066e-01
1.34000e+00 4.93071e-01
1.34400e+00 4.93088e-01
1.34800e+00 4.93134e-01
1.35200e+00 4.93244e-01
1.35600e+00 4.93470e-01
1.36000e+00 4.93885e-01
1.36400e+00 4.94562e-01
1.36800e+00 4.95552e-01
1.37200e+00 4.96856e-01
1.37600e+00 4.98432e-01
1.38000e+00 5.00203e-01
1.38400e+00 5.02056e-01
1.38800e+00 5.03828e-01
1.39200e+00 5.05354e-01
1.39600e+00 5.06615e-01
1.40000e+00 5.07819e-01
1.40400e+00 5.09425e-01
1.40800e+00 5.12272e-01
1.41200e+00 5.16785e-01
1.41600e+00 5.20232e-01
1.42000e+00 5.20932e-01
1.42400e+00 5.20957e-01
1.42800e+00 5.20959e-01
1.43200e+00 5.20963e-01
1.43600e+00 5.20974e-01
1.44000e+00 5.21010e-01
1.44400e+00 5.21113e-01
1.44800e+00 5.21352e-01
1.45200e+00 5.21777e-01
1.45600e+00 5.22321e-01
1.46000e+00 5.22920e-01
1.46400e+00 5.23816e-01
1.46800e+00 5.26069e-01
1.47200e+00 5.32020e-01
1.47600e+00 5.38609e-01
1.48000e+00 5.39517e-01
1.48400e+00 5.37668e-01
1.48800e+00 5.22475e-01
1.49200e+00 4.86134e-01
1.49600e+00 4.67167e-01
1.50000e+00 4.65697e-01
1.50400e+00 4.65706e-01
1.50800e+00 4.65851e-01
1.51200e+00 4.66437e-01
1.51600e+00 4.68155e-01
1.52000e+00 4.72383e-01
1.52400e+00 4.80207e-01
1.52800e+00 4.87529e-01
1.53200e+00 4.89548e-01
1.53600e+00 4.89644e-01
1.54000e+00 4.89644e-01
1.54400e+00 4.89644e-01
1.54800e+00 4.89644e-01
1.55200e+00 4.89644e-01
1.55600e+00 4.89644e-01
1.56000e+00 4.89644e-01
1.56400e+00 4.89644e-01
1.56800e+00 4.89644e-01
1.57200e+00 4.89644e-01
1.57600e+00 4.89644e-01
1.58000e+00 4.89644e-01
1.58400e+00 4.89644e-01
1.58800e+00 4.89645e-01
1.59200e+00 4.89646e-01
1.59600e+00 4.89649e-01
1.60000e+00 4.89660e-01
1.60400e+00 4.89696e-01
1.60800e+00 4.89819e-01
1.61200e+00 4.90237e-01
1.61600e+00 4.91603e-01
1.62000e+00 4.95364e-01
1.62400e+00 5.01392e-01
1.62800e+00 5.04469e-01
1.63200e+00 5.04666e-01
1.63600e+00 5.04419e-01
1.64000e+00 5.02478e-01
1.64400e+00 4.95043e-01
1.64800e+00 4.83372e-01
1.65200e+00 4.78569e-01
1.65600e+00 4.78246e-01
1.66000e+00 4.78246e-01
1.66400e+00 4.78259e-01
1.66800e+00 4.78321e-01
1.67200e+00 4.78503e-01
1.67600e+00 4.78947e-01
1.68000e+00 4.79941e-01
1.68400e+00 4.82152e-01
1.68800e+00 4.87132e-01
1.69200e+00 4.97085e-01
1.69600e+00 5.08844e-01
1.70000e+00 5.13189e-01
1.70400e+00 5.13370e-01
1.70800e+00 5.13029e-01
1.71200e+00 5.10401e-01
1.71600e+00 5.00448e-01
1.72000e+00 4.84136e-01
1.72400e+00 4.74469e-01
1.72800e+00 4.70709e-01
1.73200e+00 4.66766e-01
1.73600e+00 4.58937e-01
1.74000e+00 4.49920e-01
1.74400e+00 4.47012e-01
1.74800e+00 4.46857e-01
1.75200e+00 4.46858e-01
1.75600e+00 4.46864e-01
1.76000e+00 4.46892e-01
1.76400e+00 4.46964e-01
1.76800e+00 4.47099e-01
1.77200e+00 4.47312e-01
1.77600e+00 4.47624e-01
1.78000e+00 4.48122e-01
1.78400e+00 4.49049e-01
1.78800e+00 4.51005e-01
1.79200e+00 4.55101e-01
1.79600e+00 4.61515e-01
1.80000e+00 4.66135e-01
1.80400e+00 4.67022e-01
1.80800e+00 4.67049e-01
1.81200e+00 4.67049e-01
1.81600e+00 4.67049e-01
1.82000e+00 4.67049e-01
1.82400e+00 4.67049e-01
1.82800e+00 4.67049e-01
1.83200e+00 4.67049e-01
1.83600e+00 4.67049e-01
1.84000e+00 4.67049e-01
1.84400e+00 4.67049e-01
1.84800e+00 4.67051e-01
1.85200e+00 4.67054e-01
1.85600e+00 4.67060e-01
1.86000e+00 4.67076e-01
1.86400e+00 4.67110e-01
1.86800e+00 4.67180e-01
1.87200e+00 4.67312e-01
1.87600e+00 4.67541e-01
1.88000e+00 4.67898e-01
1.88400e+00 4.68426e-01
1.88800e+00 4.69220e-01
1.89200e+00 4.70551e-01
1.89600e+00 4.73118e-01
1.90000e+00 4.78285e-01
1.90400e+00 4.86453e-01
1.90800e+00 4.92550e-01
1.91200e+00 4.93769e-01
1.91600e+00 4.93806e-01
1.92000e+00 4.93806e-01
1.92400e+00 4.93806e-01
1.92800e+00 4.93806e-01
1.93200e+00 4.93806e-01
1.93600e+00 4.93806e-01
1.94000e+00 4.93806e-01
1.94400e+00 4.93807e-01
1.94800e+00 4.93808e-01
1.95200e+00 4.93814e-01
1.95600e+00 4.93839e-01
1.96000e+00 4.93942e-01
1.96400e+00 4.94348e-01
1.96800e+00 4.95675e-01
1.97200e+00 4.98134e-01
1.97600e+00 4.99503e-01
1.98000e+00 4.99576e-01
1.98400e+00 4.99344e-01
1.98800e+00 4.97767e-01
1.99200e+00 4.89100e-01
1.99600e+00 4.88359e-01
