0.00000e+00 5.64515e-01
4.00000e-03 5.64515e-01
8.00000e-03 5.64515e-01
1.20000e-02 5.64515e-01
1.60000e-02 5.64525e-01
2.00000e-02 5.64634e-01
2.40000e-02 5.65467e-01
2.80000e-02 5.69439e-01
3.20000e-02 5.78573e-01
3.60000e-02 5.84898e-01
4.00000e-02 5.85673e-01
4.40000e-02 5.85668e-01
4.80000e-02 5.85490e-01
5.20000e-02 5.84074e-01
5.60000e-02 5.77653e-01
6.00000e-02 5.65197e-01
6.40000e-02 5.55105e-01
6.80000e-02 5.44799e-01
7.20000e-02 5.15358e-01
7.60000e-02 4.63113e-01
8.00000e-02 4.43452e-01
8.40000e-02 4.42935e-01
8.80000e-02 4.44522e-01
9.20000e-02 4.50453e-01
9.60000e-02 4.61965e-01
1.00000e-01 4.78980e-01
1.04000e-01 5.03596e-01
1.08000e-01 5.38817e-01
1.12000e-01 5.66233e-01
1.16000e-01 5.69550e-01
1.20000e-01 5.62702e-01
1.24000e-01 5.06770e-01
1.28000e-01 4.30739e-01
1.32000e-01 4.15895e-01
1.36000e-01 4.15710e-01
1.40000e-01 4.16085e-01
1.44000e-01 4.17555e-01
1.48000e-01 4.20853e-01
1.52000e-01 4.26483e-01
1.56000e-01 4.34464e-01
1.60000e-01 4.44291e-01
1.64000e-01 4.55163e-01
1.68000e-01 4.66333e-01
1.72000e-01 4.77359e-01
1.76000e-01 4.88266e-01
1.80000e-01 4.99775e-01
1.84000e-01 5.13837e-01
1.88000e-01 5.34357e-01
1.92000e-01 5.62830e-01
1.96000e-01 5.82156e-01
2.00000e-01 5.84562e-01
2.04000e-01 5.83221e-01
2.08000e-01 5.66626e-01
2.12000e-01 5.12416e-01
2.16000e-01 4.77761e-01
2.20000e-01 4.74586e-01
2.24000e-01 4.74575e-01
2.28000e-01 4.74655e-01
2.32000e-01 4.74982e-01
2.36000e-01 4.75835e-01
2.40000e-01 4.77637e-01
2.44000e-01 4.81098e-01
2.48000e-01 4.87567e-01
2.52000e-01 4.99245e-01
2.56000e-01 5.15637e-01
2.60000e-01 5.26458e-01
2.64000e-01 5.28331e-01
2.68000e-01 5.28385e-01
2.72000e-01 5.28389e-01
2.76000e-01 5.28395e-01
2.80000e-01 5.28421e-01
2.84000e-01 5.28530e-01
2.88000e-01 5.28948e-01
2.92000e-01 5.30359e-01
2.96000e-01 5.33829e-01
3.00000e-01 5.37975e-01
3.04000e-01 5.39480e-01
3.08000e-01 5.39631e-01
3.12000e-01 5.39672e-01
3.16000e-01 5.39752e-01
3.20000e-01 5.40047e-01
3.24000e-01 5.41148e-01
3.28000e-01 5.44650e-01
3.32000e-01 5.52179e-01
3.36000e-01 5.59243e-01
3.40000e-01 5.61137e-01
3.44000e-01 5.61373e-01
3.48000e-01 5.61566e-01
3.52000e-01 5.62122e-01
3.56000e-01 5.62913e-01
3.60000e-01 5.63035e-01
3.64000e-01 5.62697e-01
3.68000e-01 5.59185e-01
3.72000e-01 5.42559e-01
3.76000e-01 5.16766e-01
3.80000e-01 5.08370e-01
3.84000e-01 5.08058e-01
3.88000e-01 5.08163e-01
3.92000e-01 5.08803e-01
3.96000e-01 5.10727e-01
4.00000e-01 5.14912e-01
4.04000e-01 5.22824e-01
4.08000e-01 5.37146e-01
4.12000e-01 5.59015e-01
4.16000e-01 5.76489e-01
4.20000e-01 5.80393e-01
4.24000e-01 5.80525e-01
4.28000e-01 5.80523e-01
4.32000e-01 5.80488e-01
4.36000e-01 5.79992e-01
4.40000e-01 5.74254e-01
4.44000e-01 5.39109e-01
4.48000e-01 4.81247e-01
4.52000e-01 4.62796e-01
4.56000e-01 4.60971e-01
4.60000e-01 4.59884e-01
4.64000e-01 4.57948e-01
4.68000e-01 4.56092e-01
4.72000e-01 4.55674e-01
4.76000e-01 4.55670e-01
4.80000e-01 4.55720e-01
4.84000e-01 4.55947e-01
4.88000e-01 4.56593e-01
4.92000e-01 4.57964e-01
4.96000e-01 4.60280e-01
5.00000e-01 4.63516e-01
5.04000e-01 4.67536e-01
5.08000e-01 4.72572e-01
5.12000e-01 4.79831e-01
5.16000e-01 4.91807e-01
5.20000e-01 5.08230e-01
5.24000e-01 5.17718e-01
5.28000e-01 5.18586e-01
5.32000e-01 5.17854e-01
5.36000e-01 5.10796e-01
5.40000e-01 4.84936e-01
5.44000e-01 4.59106e-01
5.48000e-01 4.54697e-01
5.52000e-01 4.54840e-01
5.56000e-01 4.56234e-01
5.60000e-01 4.59313e-01
5.64000e-01 4.61259e-01
5.68000e-01 4.61528e-01
5.72000e-01 4.61551e-01
5.76000e-01 4.61573e-01
5.80000e-01 4.61636e-01
5.84000e-01 4.61822e-01
5.88000e-01 4.62304e-01
5.92000e-01 4.63438e-01
5.96000e-01 4.65899e-01
6.00000e-01 4.70327e-01
6.04000e-01 4.75122e-01
6.08000e-01 4.77123e-01
6.12000e-01 4.77387e-01
6.16000e-01 4.77437e-01
6.20000e-01 4.77492e-01
6.24000e-01 4.77621e-01
6.28000e-01 4.77929e-01
6.32000e-01 4.78569e-01
6.36000e-01 4.79703e-01
6.40000e-01 4.81441e-01
6.44000e-01 4.83867e-01
6.48000e-01 4.87248e-01
6.52000e-01 4.92487e-01
6.56000e-01 5.01752e-01
6.60000e-01 5.16912e-01
6.64000e-01 5.29955e-01
6.68000e-01 5.32600e-01
6.72000e-01 5.32383e-01
6.76000e-01 5.28652e-01
6.80000e-01 5.06525e-01
6.84000e-01 4.66700e-01
6.88000e-01 4.53143e-01
6.92000e-01 4.52995e-01
6.96000e-01 4.55221e-01
7.00000e-01 4.62195e-01
7.04000e-01 4.67691e-01
7.08000e-01 4.68029e-01
7.12000e-01 4.66371e-01
7.16000e-01 4.57230e-01
7.20000e-01 4.40297e-01
7.24000e-01 4.32589e-01
7.28000e-01 4.32141e-01
7.32000e-01 4.32347e-01
7.36000e-01 4.33480e-01
7.40000e-01 4.36576e-01
7.44000e-01 4.42639e-01
7.48000e-01 4.52025e-01
7.52000e-01 4.62180e-01
7.56000e-01 4.67657e-01
7.60000e-01 4.68788e-01
7.64000e-01 4.68976e-01
7.68000e-01 4.69099e-01
7.72000e-01 4.69306e-01
7.76000e-01 4.69733e-01
7.80000e-01 4.70552e-01
7.84000e-01 4.71938e-01
7.88000e-01 4.73998e-01
7.92000e-01 4.76690e-01
7.96000e-01 4.79794e-01
8.00000e-01 4.83005e-01
8.04000e-01 4.86129e-01
8.08000e-01 4.89217e-01
8.12000e-01 4.92468e-01
8.16000e-01 4.95887e-01
8.20000e-01 4.98871e-01
8.24000e-01 5.00718e-01
8.28000e-01 5.01686e-01
8.32000e-01 5.02501e-01
8.36000e-01 5.04016e-01
8.40000e-01 5.07865e-01
8.44000e-01 5.13307e-01
8.48000e-01 5.14836e-01
8.52000e-01 5.14370e-01
8.56000e-01 5.09065e-01
8.60000e-01 4.88038e-01
8.64000e-01 4.63982e-01
8.68000e-01 4.58761e-01
8.72000e-01 4.58728e-01
8.76000e-01 4.59271e-01
8.80000e-01 4.61291e-01
8.84000e-01 4.65437e-01
8.88000e-01 4.71269e-01
8.92000e-01 4.77968e-01
8.96000e-01 4.85826e-01
9.00000e-01 4.96341e-01
9.04000e-01 5.08911e-01
9.08000e-01 5.16402e-01
9.12000e-01 5.17591e-01
9.16000e-01 5.17619e-01
9.20000e-01 5.17619e-01
9.24000e-01 5.17619e-01
9.28000e-01 5.17619e-01
9.32000e-01 5.17618e-01
9.36000e-01 5.17613e-01
9.40000e-01 5.17572e-01
9.44000e-01 5.17270e-01
9.48000e-01 5.15197e-01
9.52000e-01 5.04368e-01
9.56000e-01 4.77913e-01
9.60000e-01 4.60303e-01
9.64000e-01 4.58244e-01
9.68000e-01 4.58239e-01
9.72000e-01 4.58358e-01
9.76000e-01 4.58845e-01
9.80000e-01 4.60071e-01
9.84000e-01 4.62398e-01
9.88000e-01 4.65975e-01
9.92000e-01 4.70567e-01
9.96000e-01 4.75534e-01
1.00000e+00 4.80093e-01
1.00400e+00 4.83817e-01
1.00800e+00 4.86849e-01
1.01200e+00 4.89692e-01
1.01600e+00 4.93067e-01
1.02000e+00 4.98167e-01
1.02400e+00 5.07098e-01
1.02800e+00 5.21006e-01
1.03200e+00 5.32516e-01
1.03600e+00 5.35267e-01
1.04000e+00 5.35374e-01
1.04400e+00 5.35374e-01
1.04800e+00 5.35374e-01
1.05200e+00 5.35374e-01
1.05600e+00 5.35374e-01
1.06000e+00 5.35374e-01
1.06400e+00 5.35374e-01
1.06800e+00 5.35374e-01
1.07200e+00 5.35374e-01
1.07600e+00 5.35374e-01
1.08000e+00 5.35374e-01
1.08400e+00 5.35375e-01
1.08800e+00 5.35378e-01
1.09200e+00 5.35399e-01
1.09600e+00 5.35509e-01
1.10000e+00 5.35881e-01
1.10400e+00 5.36240e-01
1.10800e+00 5.36258e-01
1.11200e+00 5.35992e-01
1.11600e+00 5.33486e-01
1.12000e+00 5.19868e-01
1.12400e+00 4.90368e-01
1.12800e+00 4.74911e-01
1.13200e+00 4.73690e-01
1.13600e+00 4.73743e-01
1.14000e+00 4.74201e-01
1.14400e+00 4.75940e-01
1.14800e+00 4.80673e-01
1.15200e+00 4.90230e-01
1.15600e+00 5.00735e-01
1.16000e+00 5.04450e-01
1.16400e+00 5.04695e-01
1.16800e+00 5.04697e-01
1.17200e+00 5.04697e-01
1.17600e+00 5.04697e-01
1.18000e+00 5.04697e-01
1.18400e+00 5.04698e-01
1.18800e+00 5.04701e-01
1.19200e+00 5.04710e-01
1.19600e+00 5.04735e-01
1.20000e+00 5.04796e-01
1.20400e+00 5.04943e-01
1.20800e+00 5.05266e-01
1.21200e+00 5.05925e-01
1.21600e+00 5.07157e-01
1.22000e+00 5.09210e-01
1.22400e+00 5.12100e-01
1.22800e+00 5.15299e-01
1.23200e+00 5.17996e-01
1.23600e+00 5.19930e-01
1.24000e+00 5.21482e-01
1.24400e+00 5.23225e-01
1.24800e+00 5.25995e-01
1.25200e+00 5.31514e-01
1.25600e+00 5.42740e-01
1.26000e+00 5.58505e-01
1.26400e+00 5.66968e-01
1.26800e+00 5.67932e-01
1.27200e+00 5.67945e-01
1.27600e+00 5.67945e-01
1.28000e+00 5.67945e-01
1.28400e+00 5.67945e-01
1.28800e+00 5.67945e-01
1.29200e+00 5.67945e-01
1.29600e+00 5.67944e-01
1.30000e+00 5.67929e-01
1.30400e+00 5.67716e-01
1.30800e+00 5.64868e-01
1.31200e+00 5.40229e-01
1.31600e+00 4.74138e-01
1.32000e+00 4.40912e-01
1.32400e+00 4.38672e-01
1.32800e+00 4.38687e-01
1.33200e+00 4.38861e-01
1.33600e+00 4.39416e-01
1.34000e+00 4.40561e-01
1.34400e+00 4.42435e-01
1.34800e+00 4.45084e-01
1.35200e+00 4.48438e-01
1.35600e+00 4.52306e-01
1.36000e+00 4.56413e-01
1.36400e+00 4.60481e-01
1.36800e+00 4.64316e-01
1.37200e+00 4.67822e-01
1.37600e+00 4.70939e-01
1.38000e+00 4.73555e-01
1.38400e+00 4.75531e-01
1.38800e+00 4.76871e-01
1.39200e+00 4.77787e-01
1.39600e+00 4.78576e-01
1.40000e+00 4.79586e-01
1.40400e+00 4.81409e-01
1.40800e+00 4.85021e-01
1.41200e+00 4.90023e-01
1.41600e+00 4.92731e-01
1.42000e+00 4.93061e-01
1.42400e+00 4.93067e-01
1.42800e+00 4.93067e-01
1.43200e+00 4.93067e-01
1.43600e+00 4.93068e-01
1.44000e+00 4.93073e-01
1.44400e+00 4.93086e-01
1.44800e+00 4.93120e-01
1.45200e+00 4.93201e-01
1.45600e+00 4.93375e-01
1.46000e+00 4.93713e-01
1.46400e+00 4.94300e-01
1.46800e+00 4.95216e-01
1.47200e+00 4.96507e-01
1.47600e+00 4.98174e-01
1.48000e+00 5.00165e-01
1.48400e+00 5.02296e-01
1.48800e+00 5.04210e-01
1.49200e+00 5.05610e-01
1.49600e+00 5.06573e-01
1.50000e+00 5.07435e-01
1.50400e+00 5.08678e-01
1.50800e+00 5.11186e-01
1.51200e+00 5.15762e-01
1.51600e+00 5.19900e-01
1.52000e+00 5.20923e-01
1.52400e+00 5.20963e-01
1.52800e+00 5.20964e-01
1.53200e+00 5.20964e-01
1.53600e+00 5.20966e-01
1.54000e+00 5.20971e-01
1.54400e+00 5.20988e-01
1.54800e+00 5.21039e-01
1.55200e+00 5.21151e-01
1.55600e+00 5.21348e-01
1.56000e+00 5.21668e-01
1.56400e+00 5.22348e-01
1.56800e+00 5.24341e-01
1.57200e+00 5.28994e-01
1.57600e+00 5.32370e-01
1.58000e+00 5.32460e-01
1.58400e+00 5.30043e-01
1.58800e+00 5.14401e-01
1.59200e+00 4.82052e-01
1.59600e+00 4.67229e-01
1.60000e+00 4.66285e-01
1.60400e+00 4.66356e-01
1.60800e+00 4.66893e-01
1.61200e+00 4.68838e-01
1.61600e+00 4.73848e-01
1.62000e+00 4.82303e-01
1.62400e+00 4.88469e-01
1.62800e+00 4.89613e-01
1.63200e+00 4.89644e-01
1.63600e+00 4.89644e-01
1.64000e+00 4.89644e-01
1.64400e+00 4.89644e-01
1.64800e+00 4.89644e-01
1.65200e+00 4.89644e-01
1.65600e+00 4.89644e-01
1.66000e+00 4.89644e-01
1.66400e+00 4.89644e-01
1.66800e+00 4.89644e-01
1.67200e+00 4.89644e-01
1.67600e+00 4.89644e-01
1.68000e+00 4.89644e-01
1.68400e+00 4.89644e-01
1.68800e+00 4.89645e-01
1.69200e+00 4.89646e-01
1.69600e+00 4.89652e-01
1.70000e+00 4.89670e-01
1.70400e+00 4.89734e-01
1.70800e+00 4.89956e-01
1.71200e+00 4.90710e-01
1.71600e+00 4.93036e-01
1.72000e+00 4.98072e-01
1.72400e+00 5.02620e-01
1.72800e+00 5.03475e-01
1.73200e+00 5.03412e-01
1.73600e+00 5.02596e-01
1.74000e+00 4.98433e-01
1.74400e+00 4.88090e-01
1.74800e+00 4.79715e-01
1.75200e+00 4.78305e-01
1.75600e+00 4.78278e-01
1.76000e+00 4.78282e-01
1.76400e+00 4.78307e-01
1.76800e+00 4.78399e-01
1.77200e+00 4.78650e-01
1.77600e+00 4.79257e-01
1.78000e+00 4.80660e-01
1.78400e+00 4.83898e-01
1.78800e+00 4.91009e-01
1.79200e+00 5.02591e-01
1.79600e+00 5.10920e-01
1.80000e+00 5.12316e-01
1.80400e+00 5.12313e-01
1.80800e+00 5.12023e-01
1.81200e+00 5.10266e-01
1.81600e+00 5.02532e-01
1.82000e+00 4.80279e-01
1.82400e+00 4.54625e-01
1.82800e+00 4.47213e-01
1.83200e+00 4.46868e-01
1.83600e+00 4.46866e-01
1.84000e+00 4.46867e-01
1.84400e+00 4.46869e-01
1.84800e+00 4.46878e-01
1.85200e+00 4.46906e-01
1.85600e+00 4.46971e-01
1.86000e+00 4.47097e-01
1.86400e+00 4.47314e-01
1.86800e+00 4.47670e-01
1.87200e+00 4.48291e-01
1.87600e+00 4.49508e-01
1.88000e+00 4.52083e-01
1.88400e+00 4.57123e-01
1.88800e+00 4.63552e-01
1.89200e+00 4.66699e-01
1.89600e+00 4.67044e-01
1.90000e+00 4.67049e-01
1.90400e+00 4.67049e-01
1.90800e+00 4.67049e-01
1.91200e+00 4.67049e-01
1.91600e+00 4.67049e-01
1.92000e+00 4.67049e-01
1.92400e+00 4.67049e-01
1.92800e+00 4.67049e-01
1.93200e+00 4.67049e-01
1.93600e+00 4.67049e-01
1.94000e+00 4.67050e-01
1.94400e+00 4.67051e-01
1.94800e+00 4.67055e-01
1.95200e+00 4.67063e-01
1.95600e+00 4.67080e-01
1.96000e+00 4.67118e-01
1.96400e+00 4.67193e-01
1.96800e+00 4.67329e-01
1.97200e+00 4.67558e-01
1.97600e+00 4.67909e-01
1.98000e+00 4.68431e-01
1.98400e+00 4.69267e-01
1.98800e+00 4.70578e-01
1.99200e+00 4.76389e-01
1.99600e+00 4.76873e-01
