0.00000e+00 4.92127e-01
4.00000e-03 4.92127e-01
8.00000e-03 4.92128e-01
1.20000e-02 4.92153e-01
1.60000e-02 4.92426e-01
2.00000e-02 4.94276e-01
2.40000e-02 5.02282e-01
2.80000e-02 5.23878e-01
3.20000e-02 5.52375e-01
3.60000e-02 5.63663e-01
4.00000e-02 5.64527e-01
4.40000e-02 5.64611e-01
4.80000e-02 5.64770e-01
5.20000e-02 5.65546e-01
5.60000e-02 5.68808e-01
6.00000e-02 5.76898e-01
6.40000e-02 5.84198e-01
6.80000e-02 5.85577e-01
7.20000e-02 5.85591e-01
7.60000e-02 5.85460e-01
8.00000e-02 5.84524e-01
8.40000e-02 5.81071e-01
8.80000e-02 5.73439e-01
9.20000e-02 5.56563e-01
9.60000e-02 5.12090e-01
1.00000e-01 4.58372e-01
1.04000e-01 4.44737e-01
1.08000e-01 4.44602e-01
1.12000e-01 4.46062e-01
1.16000e-01 4.51212e-01
1.20000e-01 4.61095e-01
1.24000e-01 4.75400e-01
1.28000e-01 4.95826e-01
1.32000e-01 5.26998e-01
1.36000e-01 5.56816e-01
1.40000e-01 5.62209e-01
1.44000e-01 5.56576e-01
1.48000e-01 5.06633e-01
1.52000e-01 4.32507e-01
1.56000e-01 4.16521e-01
1.60000e-01 4.16332e-01
1.64000e-01 4.16969e-01
1.68000e-01 4.19198e-01
1.72000e-01 4.23601e-01
1.76000e-01 4.30183e-01
1.80000e-01 4.38525e-01
1.84000e-01 4.48021e-01
1.88000e-01 4.58048e-01
1.92000e-01 4.68092e-01
1.96000e-01 4.77838e-01
2.00000e-01 4.87240e-01
2.04000e-01 4.96660e-01
2.08000e-01 5.07211e-01
2.12000e-01 5.21506e-01
2.16000e-01 5.43905e-01
2.20000e-01 5.70832e-01
2.24000e-01 5.81842e-01
2.28000e-01 5.82071e-01
2.32000e-01 5.77058e-01
2.36000e-01 5.42912e-01
2.40000e-01 4.89482e-01
2.44000e-01 4.75079e-01
2.48000e-01 4.74656e-01
2.52000e-01 4.74695e-01
2.56000e-01 4.74939e-01
2.60000e-01 4.75666e-01
2.64000e-01 4.77258e-01
2.68000e-01 4.80287e-01
2.72000e-01 4.85835e-01
2.76000e-01 4.95910e-01
2.80000e-01 5.11531e-01
2.84000e-01 5.24809e-01
2.88000e-01 5.28233e-01
2.92000e-01 5.28388e-01
2.96000e-01 5.28391e-01
3.00000e-01 5.28394e-01
3.04000e-01 5.28404e-01
3.08000e-01 5.28448e-01
3.12000e-01 5.28622e-01
3.16000e-01 5.29271e-01
3.20000e-01 5.31311e-01
3.24000e-01 5.35461e-01
3.28000e-01 5.38888e-01
3.32000e-01 5.39627e-01
3.36000e-01 5.39686e-01
3.40000e-01 5.39719e-01
3.44000e-01 5.39812e-01
3.48000e-01 5.40171e-01
3.52000e-01 5.41481e-01
3.56000e-01 5.45471e-01
3.60000e-01 5.53317e-01
3.64000e-01 5.59739e-01
3.68000e-01 5.61290e-01
3.72000e-01 5.61561e-01
3.76000e-01 5.61860e-01
3.80000e-01 5.62441e-01
3.84000e-01 5.62736e-01
3.88000e-01 5.62683e-01
3.92000e-01 5.61720e-01
3.96000e-01 5.54731e-01
4.00000e-01 5.32013e-01
4.04000e-01 5.11565e-01
4.08000e-01 5.08279e-01
4.12000e-01 5.08258e-01
4.16000e-01 5.08467e-01
4.20000e-01 5.09382e-01
4.24000e-01 5.11775e-01
4.28000e-01 5.16624e-01
4.32000e-01 5.25550e-01
4.36000e-01 5.41421e-01
4.40000e-01 5.63718e-01
4.44000e-01 5.78162e-01
4.48000e-01 5.80469e-01
4.52000e-01 5.80515e-01
4.56000e-01 5.80506e-01
4.60000e-01 5.80338e-01
4.64000e-01 5.78168e-01
4.68000e-01 5.59469e-01
4.72000e-01 5.02501e-01
4.76000e-01 4.64884e-01
4.80000e-01 4.59399e-01
4.84000e-01 4.58110e-01
4.88000e-01 4.56794e-01
4.92000e-01 4.55854e-01
4.96000e-01 4.55704e-01
5.00000e-01 4.55710e-01
5.04000e-01 4.55775e-01
5.08000e-01 4.56039e-01
5.12000e-01 4.56744e-01
5.16000e-01 4.58183e-01
5.20000e-01 4.60543e-01
5.24000e-01 4.63761e-01
5.28000e-01 4.67674e-01
5.32000e-01 4.72511e-01
5.36000e-01 4.79463e-01
5.40000e-01 4.91015e-01
5.44000e-01 5.07112e-01
5.48000e-01 5.16651e-01
5.52000e-01 5.17560e-01
5.56000e-01 5.16851e-01
5.60000e-01 5.10032e-01
5.64000e-01 4.85100e-01
5.68000e-01 4.59968e-01
5.72000e-01 4.55574e-01
5.76000e-01 4.55687e-01
5.80000e-01 4.56906e-01
5.84000e-01 4.59617e-01
5.88000e-01 4.61318e-01
5.92000e-01 4.61553e-01
5.96000e-01 4.61576e-01
6.00000e-01 4.61600e-01
6.04000e-01 4.61667e-01
6.08000e-01 4.61867e-01
6.12000e-01 4.62387e-01
6.16000e-01 4.63636e-01
6.20000e-01 4.66397e-01
6.24000e-01 4.71231e-01
6.28000e-01 4.75827e-01
6.32000e-01 4.77306e-01
6.36000e-01 4.77444e-01
6.40000e-01 4.77473e-01
6.44000e-01 4.77514e-01
6.48000e-01 4.77620e-01
6.52000e-01 4.77885e-01
6.56000e-01 4.78454e-01
6.60000e-01 4.79486e-01
6.64000e-01 4.81093e-01
6.68000e-01 4.83325e-01
6.72000e-01 4.86357e-01
6.76000e-01 4.90891e-01
6.80000e-01 4.98819e-01
6.84000e-01 5.12713e-01
6.88000e-01 5.27319e-01
6.92000e-01 5.31489e-01
6.96000e-01 5.31386e-01
7.00000e-01 5.28112e-01
7.04000e-01 5.07740e-01
7.08000e-01 4.69186e-01
7.12000e-01 4.55265e-01
7.16000e-01 4.55094e-01
7.20000e-01 4.57380e-01
7.24000e-01 4.63442e-01
7.28000e-01 4.66493e-01
7.32000e-01 4.66299e-01
7.36000e-01 4.63006e-01
7.40000e-01 4.50667e-01
7.44000e-01 4.36133e-01
7.48000e-01 4.32556e-01
7.52000e-01 4.32520e-01
7.56000e-01 4.32914e-01
7.60000e-01 4.34506e-01
7.64000e-01 4.38359e-01
7.68000e-01 4.45528e-01
7.72000e-01 4.55966e-01
7.76000e-01 4.65272e-01
7.80000e-01 4.68602e-01
7.84000e-01 4.69005e-01
7.88000e-01 4.69082e-01
7.92000e-01 4.69165e-01
7.96000e-01 4.69342e-01
8.00000e-01 4.69739e-01
8.04000e-01 4.70523e-01
8.08000e-01 4.71875e-01
8.12000e-01 4.73909e-01
8.16000e-01 4.76589e-01
8.20000e-01 4.79690e-01
8.24000e-01 4.82887e-01
8.28000e-01 4.85975e-01
8.32000e-01 4.89013e-01
8.36000e-01 4.92231e-01
8.40000e-01 4.95679e-01
8.44000e-01 4.98753e-01
8.48000e-01 5.00656e-01
8.52000e-01 5.01616e-01
8.56000e-01 5.02387e-01
8.60000e-01 5.03789e-01
8.64000e-01 5.07325e-01
8.68000e-01 5.12255e-01
8.72000e-01 5.13607e-01
8.76000e-01 5.13178e-01
8.80000e-01 5.08342e-01
8.84000e-01 4.88715e-01
8.88000e-01 4.64907e-01
8.92000e-01 4.59244e-01
8.96000e-01 4.59174e-01
9.00000e-01 4.59621e-01
9.04000e-01 4.61395e-01
9.08000e-01 4.65190e-01
9.12000e-01 4.70736e-01
9.16000e-01 4.77281e-01
9.20000e-01 4.85025e-01
9.24000e-01 4.95402e-01
9.28000e-01 5.08104e-01
9.32000e-01 5.16166e-01
9.36000e-01 5.17581e-01
9.40000e-01 5.17619e-01
9.44000e-01 5.17619e-01
9.48000e-01 5.17619e-01
9.52000e-01 5.17619e-01
9.56000e-01 5.17618e-01
9.60000e-01 5.17613e-01
9.64000e-01 5.17573e-01
9.68000e-01 5.17280e-01
9.72000e-01 5.15261e-01
9.76000e-01 5.04649e-01
9.80000e-01 4.78356e-01
9.84000e-01 4.60487e-01
9.88000e-01 4.58341e-01
9.92000e-01 4.58334e-01
9.96000e-01 4.58455e-01
1.00000e+00 4.58951e-01
1.00400e+00 4.60202e-01
1.00800e+00 4.62567e-01
1.01200e+00 4.66191e-01
1.01600e+00 4.70832e-01
1.02000e+00 4.75838e-01
1.02400e+00 4.80400e-01
1.02800e+00 4.84049e-01
1.03200e+00 4.86908e-01
1.03600e+00 4.89457e-01
1.04000e+00 4.92320e-01
1.04400e+00 4.96441e-01
1.04800e+00 5.03574e-01
1.05200e+00 5.15840e-01
1.05600e+00 5.29522e-01
1.06000e+00 5.34943e-01
1.06400e+00 5.35370e-01
1.06800e+00 5.35374e-01
1.07200e+00 5.35374e-01
1.07600e+00 5.35374e-01
1.08000e+00 5.35374e-01
1.08400e+00 5.35374e-01
1.08800e+00 5.35374e-01
1.09200e+00 5.35374e-01
1.09600e+00 5.35374e-01
1.10000e+00 5.35374e-01
1.10400e+00 5.35374e-01
1.10800e+00 5.35374e-01
1.11200e+00 5.35376e-01
1.11600e+00 5.35386e-01
1.12000e+00 5.35445e-01
1.12400e+00 5.35691e-01
1.12800e+00 5.36046e-01
1.13200e+00 5.36101e-01
1.13600e+00 5.35955e-01
1.14000e+00 5.34377e-01
1.14400e+00 5.24566e-01
1.14800e+00 4.97115e-01
1.15200e+00 4.76560e-01
1.15600e+00 4.73924e-01
1.16000e+00 4.73939e-01
1.16400e+00 4.74296e-01
1.16800e+00 4.75798e-01
1.17200e+00 4.80092e-01
1.17600e+00 4.89169e-01
1.18000e+00 4.99993e-01
1.18400e+00 5.04350e-01
1.18800e+00 5.04694e-01
1.19200e+00 5.04697e-01
1.19600e+00 5.04697e-01
1.20000e+00 5.04697e-01
1.20400e+00 5.04697e-01
1.20800e+00 5.04698e-01
1.21200e+00 5.04700e-01
1.21600e+00 5.04705e-01
1.22000e+00 5.04721e-01
1.22400e+00 5.04761e-01
1.22800e+00 5.04858e-01
1.23200e+00 5.05078e-01
1.23600e+00 5.05542e-01
1.24000e+00 5.06451e-01
1.24400e+00 5.08072e-01
1.24800e+00 5.10612e-01
1.25200e+00 5.13866e-01
1.25600e+00 5.17020e-01
1.26000e+00 5.19341e-01
1.26400e+00 5.20926e-01
1.26800e+00 5.22302e-01
1.27200e+00 5.24067e-01
1.27600e+00 5.27180e-01
1.28000e+00 5.33691e-01
1.28400e+00 5.46487e-01
1.28800e+00 5.61625e-01
1.29200e+00 5.67519e-01
1.29600e+00 5.67942e-01
1.30000e+00 5.67945e-01
1.30400e+00 5.67945e-01
1.30800e+00 5.67945e-01
1.31200e+00 5.67945e-01
1.31600e+00 5.67945e-01
1.32000e+00 5.67944e-01
1.32400e+00 5.67934e-01
1.32800e+00 5.67788e-01
1.33200e+00 5.65792e-01
1.33600e+00 5.46675e-01
1.34000e+00 4.83519e-01
1.34400e+00 4.42595e-01
1.34800e+00 4.38826e-01
1.35200e+00 4.38830e-01
1.35600e+00 4.39034e-01
1.36000e+00 4.39706e-01
1.36400e+00 4.41079e-01
1.36800e+00 4.43242e-01
1.37200e+00 4.46155e-01
1.37600e+00 4.49678e-01
1.38000e+00 4.53593e-01
1.38400e+00 4.57640e-01
1.38800e+00 4.61582e-01
1.39200e+00 4.65274e-01
1.39600e+00 4.68655e-01
1.40000e+00 4.71663e-01
1.40400e+00 4.74155e-01
1.40800e+00 4.75969e-01
1.41200e+00 4.77143e-01
1.41600e+00 4.77931e-01
1.42000e+00 4.78634e-01
1.42400e+00 4.79590e-01
1.42800e+00 4.81404e-01
1.43200e+00 4.85070e-01
1.43600e+00 4.90109e-01
1.44000e+00 4.92755e-01
1.44400e+00 4.93062e-01
1.44800e+00 4.93067e-01
1.45200e+00 4.93067e-01
1.45600e+00 4.93067e-01
1.46000e+00 4.93068e-01
1.46400e+00 4.93071e-01
1.46800e+00 4.93081e-01
1.47200e+00 4.93106e-01
1.47600e+00 4.93168e-01
1.48000e+00 4.93304e-01
1.48400e+00 4.93576e-01
1.48800e+00 4.94068e-01
1.49200e+00 4.94869e-01
1.49600e+00 4.96044e-01
1.50000e+00 4.97627e-01
1.50400e+00 4.99603e-01
1.50800e+00 5.01824e-01
1.51200e+00 5.03905e-01
1.51600e+00 5.05436e-01
1.52000e+00 5.06417e-01
1.52400e+00 5.07187e-01
1.52800e+00 5.08178e-01
1.53200e+00 5.10124e-01
1.53600e+00 5.14102e-01
1.54000e+00 5.18931e-01
1.54400e+00 5.20824e-01
1.54800e+00 5.20963e-01
1.55200e+00 5.20964e-01
1.55600e+00 5.20964e-01
1.56000e+00 5.20965e-01
1.56400e+00 5.20967e-01
1.56800e+00 5.20976e-01
1.57200e+00 5.21001e-01
1.57600e+00 5.21062e-01
1.58000e+00 5.21179e-01
1.58400e+00 5.21388e-01
1.58800e+00 5.21862e-01
1.59200e+00 5.23322e-01
1.59600e+00 5.27186e-01
1.60000e+00 5.30846e-01
1.60400e+00 5.31165e-01
1.60800e+00 5.29684e-01
1.61200e+00 5.18175e-01
1.61600e+00 4.87783e-01
1.62000e+00 4.68456e-01
1.62400e+00 4.66529e-01
1.62800e+00 4.66578e-01
1.63200e+00 4.67082e-01
1.63600e+00 4.69036e-01
1.64000e+00 4.74173e-01
1.64400e+00 4.82704e-01
1.64800e+00 4.88611e-01
1.65200e+00 4.89620e-01
1.65600e+00 4.89644e-01
1.66000e+00 4.89644e-01
1.66400e+00 4.89644e-01
1.66800e+00 4.89644e-01
1.67200e+00 4.89644e-01
1.67600e+00 4.89644e-01
1.68000e+00 4.89644e-01
1.68400e+00 4.89644e-01
1.68800e+00 4.89644e-01
1.69200e+00 4.89644e-01
1.69600e+00 4.89644e-01
1.70000e+00 4.89644e-01
1.70400e+00 4.89644e-01
1.70800e+00 4.89644e-01
1.71200e+00 4.89645e-01
1.71600e+00 4.89646e-01
1.72000e+00 4.89651e-01
1.72400e+00 4.89666e-01
1.72800e+00 4.89721e-01
1.73200e+00 4.89910e-01
1.73600e+00 4.90561e-01
1.74000e+00 4.92609e-01
1.74400e+00 4.97307e-01
1.74800e+00 5.02085e-01
1.75200e+00 5.03185e-01
1.75600e+00 5.03150e-01
1.76000e+00 5.02499e-01
1.76400e+00 4.98956e-01
1.76800e+00 4.89280e-01
1.77200e+00 4.80201e-01
1.77600e+00 4.78334e-01
1.78000e+00 4.78285e-01
1.78400e+00 4.78288e-01
1.78800e+00 4.78308e-01
1.79200e+00 4.78385e-01
1.79600e+00 4.78603e-01
1.80000e+00 4.79138e-01
1.80400e+00 4.80386e-01
1.80800e+00 4.83277e-01
1.81200e+00 4.89711e-01
1.81600e+00 5.00855e-01
1.82000e+00 5.10138e-01
1.82400e+00 5.12150e-01
1.82800e+00 5.12184e-01
1.83200e+00 5.12015e-01
1.83600e+00 5.10596e-01
1.84000e+00 5.02509e-01
1.84400e+00 4.77210e-01
1.84800e+00 4.52121e-01
1.85200e+00 4.47001e-01
1.85600e+00 4.46867e-01
1.86000e+00 4.46867e-01
1.86400e+00 4.46868e-01
1.86800e+00 4.46872e-01
1.87200e+00 4.46885e-01
1.87600e+00 4.46921e-01
1.88000e+00 4.46998e-01
1.88400e+00 4.47143e-01
1.88800e+00 4.47391e-01
1.89200e+00 4.47811e-01
1.89600e+00 4.48581e-01
1.90000e+00 4.50146e-01
1.90400e+00 4.53453e-01
1.90800e+00 4.59341e-01
1.91200e+00 4.65128e-01
1.91600e+00 4.66942e-01
1.92000e+00 4.67048e-01
1.92400e+00 4.67049e-01
1.92800e+00 4.67049e-01
1.93200e+00 4.67049e-01
1.93600e+00 4.67049e-01
1.94000e+00 4.67049e-01
1.94400e+00 4.67049e-01
1.94800e+00 4.67049e-01
1.95200e+00 4.67049e-01
1.95600e+00 4.67049e-01
1.96000e+00 4.67049e-01
1.96400e+00 4.67050e-01
1.96800e+00 4.67051e-01
1.97200e+00 4.67055e-01
1.97600e+00 4.67063e-01
1.98000e+00 4.67081e-01
1.98400e+00 4.67122e-01
1.98800e+00 4.67187e-01
1.99200e+00 4.67484e-01
1.99600e+00 4.67508e-01
