0.00000e+00 4.64447e-01
4.00000e-03 4.64447e-01
8.00000e-03 4.64448e-01
1.20000e-02 4.64478e-01
1.60000e-02 4.64768e-01
2.00000e-02 4.66522e-01
2.40000e-02 4.72883e-01
2.80000e-02 4.84119e-01
3.20000e-02 4.90917e-01
3.60000e-02 4.92311e-01
4.00000e-02 4.92927e-01
4.40000e-02 4.94307e-01
4.80000e-02 4.98787e-01
5.20000e-02 5.10840e-01
5.60000e-02 5.34074e-01
6.00000e-02 5.57171e-01
6.40000e-02 5.64164e-01
6.80000e-02 5.64634e-01
7.20000e-02 5.64710e-01
7.60000e-02 5.64861e-01
8.00000e-02 5.65526e-01
8.40000e-02 5.68236e-01
8.80000e-02 5.75502e-01
9.20000e-02 5.83437e-01
9.60000e-02 5.85461e-01
1.00000e-01 5.85515e-01
1.04000e-01 5.85468e-01
1.08000e-01 5.85150e-01
1.12000e-01 5.83556e-01
1.16000e-01 5.72998e-01
1.20000e-01 5.22655e-01
1.24000e-01 4.59099e-01
1.28000e-01 4.45908e-01
1.32000e-01 4.45870e-01
1.36000e-01 4.47274e-01
1.40000e-01 4.51904e-01
1.44000e-01 4.60562e-01
1.48000e-01 4.72947e-01
1.52000e-01 4.90733e-01
1.56000e-01 5.18890e-01
1.60000e-01 5.48128e-01
1.64000e-01 5.54166e-01
1.68000e-01 5.49103e-01
1.72000e-01 5.03576e-01
1.76000e-01 4.33388e-01
1.80000e-01 4.17406e-01
1.84000e-01 4.17252e-01
1.88000e-01 4.18185e-01
1.92000e-01 4.21194e-01
1.96000e-01 4.26612e-01
2.00000e-01 4.33916e-01
2.04000e-01 4.42367e-01
2.08000e-01 4.51391e-01
2.12000e-01 4.60584e-01
2.16000e-01 4.69648e-01
2.20000e-01 4.78375e-01
2.24000e-01 4.86686e-01
2.28000e-01 4.94731e-01
2.32000e-01 5.03124e-01
2.36000e-01 5.13425e-01
2.40000e-01 5.29080e-01
2.44000e-01 5.53742e-01
2.48000e-01 5.75495e-01
2.52000e-01 5.79645e-01
2.56000e-01 5.78597e-01
2.60000e-01 5.64168e-01
2.64000e-01 5.13693e-01
2.68000e-01 4.78400e-01
2.72000e-01 4.74789e-01
2.76000e-01 4.74782e-01
2.80000e-01 4.74935e-01
2.84000e-01 4.75515e-01
2.88000e-01 4.76898e-01
2.92000e-01 4.79568e-01
2.96000e-01 4.84379e-01
3.00000e-01 4.93049e-01
3.04000e-01 5.07393e-01
3.08000e-01 5.22420e-01
3.12000e-01 5.27978e-01
3.16000e-01 5.28388e-01
3.20000e-01 5.28393e-01
3.24000e-01 5.28395e-01
3.28000e-01 5.28399e-01
3.32000e-01 5.28416e-01
3.36000e-01 5.28487e-01
3.40000e-01 5.28766e-01
3.44000e-01 5.29765e-01
3.48000e-01 5.32593e-01
3.52000e-01 5.37044e-01
3.56000e-01 5.39407e-01
3.60000e-01 5.39697e-01
3.64000e-01 5.39726e-01
3.68000e-01 5.39758e-01
3.72000e-01 5.39869e-01
3.76000e-01 5.40303e-01
3.80000e-01 5.41845e-01
3.84000e-01 5.46301e-01
3.88000e-01 5.54290e-01
3.92000e-01 5.60117e-01
3.96000e-01 5.61517e-01
4.00000e-01 5.61883e-01
4.04000e-01 5.62257e-01
4.08000e-01 5.62532e-01
4.12000e-01 5.62543e-01
4.16000e-01 5.62311e-01
4.20000e-01 5.60041e-01
4.24000e-01 5.47710e-01
4.28000e-01 5.21974e-01
4.32000e-01 5.09318e-01
4.36000e-01 5.08416e-01
4.40000e-01 5.08459e-01
4.44000e-01 5.08815e-01
4.48000e-01 5.10054e-01
4.52000e-01 5.12947e-01
4.56000e-01 5.18492e-01
4.60000e-01 5.28519e-01
4.64000e-01 5.45954e-01
4.68000e-01 5.67983e-01
4.72000e-01 5.79240e-01
4.76000e-01 5.80485e-01
4.80000e-01 5.80495e-01
4.84000e-01 5.80445e-01
4.88000e-01 5.79690e-01
4.92000e-01 5.71467e-01
4.96000e-01 5.28736e-01
5.00000e-01 4.72456e-01
5.04000e-01 4.57748e-01
5.08000e-01 4.56361e-01
5.12000e-01 4.55911e-01
5.16000e-01 4.55741e-01
5.20000e-01 4.55730e-01
5.24000e-01 4.55743e-01
5.28000e-01 4.55831e-01
5.32000e-01 4.56136e-01
5.36000e-01 4.56901e-01
5.40000e-01 4.58409e-01
5.44000e-01 4.60814e-01
5.48000e-01 4.64014e-01
5.52000e-01 4.67825e-01
5.56000e-01 4.72482e-01
5.60000e-01 4.79169e-01
5.64000e-01 4.90357e-01
5.68000e-01 5.06122e-01
5.72000e-01 5.15608e-01
5.76000e-01 5.16536e-01
5.80000e-01 5.15853e-01
5.84000e-01 5.09303e-01
5.88000e-01 4.85331e-01
5.92000e-01 4.60803e-01
5.96000e-01 4.56368e-01
6.00000e-01 4.56449e-01
6.04000e-01 4.57491e-01
6.08000e-01 4.59856e-01
6.12000e-01 4.61363e-01
6.16000e-01 4.61578e-01
6.20000e-01 4.61601e-01
6.24000e-01 4.61627e-01
6.28000e-01 4.61699e-01
6.32000e-01 4.61915e-01
6.36000e-01 4.62484e-01
6.40000e-01 4.63885e-01
6.44000e-01 4.67009e-01
6.48000e-01 4.72203e-01
6.52000e-01 4.76397e-01
6.56000e-01 4.77410e-01
6.60000e-01 4.77479e-01
6.64000e-01 4.77497e-01
6.68000e-01 4.77529e-01
6.72000e-01 4.77617e-01
6.76000e-01 4.77847e-01
6.80000e-01 4.78353e-01
6.84000e-01 4.79292e-01
6.88000e-01 4.80778e-01
6.92000e-01 4.82846e-01
6.96000e-01 4.85595e-01
7.00000e-01 4.89572e-01
7.04000e-01 4.96408e-01
7.08000e-01 5.08934e-01
7.12000e-01 5.24312e-01
7.16000e-01 5.30108e-01
7.20000e-01 5.30160e-01
7.24000e-01 5.27385e-01
7.28000e-01 5.09041e-01
7.32000e-01 4.72060e-01
7.36000e-01 4.57517e-01
7.40000e-01 4.57252e-01
7.44000e-01 4.59276e-01
7.48000e-01 4.63714e-01
7.52000e-01 4.64960e-01
7.56000e-01 4.64237e-01
7.60000e-01 4.58656e-01
7.64000e-01 4.44301e-01
7.68000e-01 4.34065e-01
7.72000e-01 4.32825e-01
7.76000e-01 4.32908e-01
7.80000e-01 4.33565e-01
7.84000e-01 4.35707e-01
7.88000e-01 4.40479e-01
7.92000e-01 4.48984e-01
7.96000e-01 4.60099e-01
8.00000e-01 4.67438e-01
8.04000e-01 4.68984e-01
8.08000e-01 4.69100e-01
8.12000e-01 4.69138e-01
8.16000e-01 4.69202e-01
8.20000e-01 4.69362e-01
8.24000e-01 4.69737e-01
8.28000e-01 4.70492e-01
8.32000e-01 4.71811e-01
8.36000e-01 4.73818e-01
8.40000e-01 4.76487e-01
8.44000e-01 4.79587e-01
8.48000e-01 4.82775e-01
8.52000e-01 4.85830e-01
8.56000e-01 4.88817e-01
8.60000e-01 4.91996e-01
8.64000e-01 4.95465e-01
8.68000e-01 4.98626e-01
8.72000e-01 5.00596e-01
8.76000e-01 5.01561e-01
8.80000e-01 5.02299e-01
8.84000e-01 5.03611e-01
8.88000e-01 5.06880e-01
8.92000e-01 5.11333e-01
8.96000e-01 5.12506e-01
9.00000e-01 5.12103e-01
9.04000e-01 5.07638e-01
9.08000e-01 4.89206e-01
9.12000e-01 4.65727e-01
9.16000e-01 4.59691e-01
9.20000e-01 4.59585e-01
9.24000e-01 4.59954e-01
9.28000e-01 4.61513e-01
9.32000e-01 4.64979e-01
9.36000e-01 4.70227e-01
9.40000e-01 4.76591e-01
9.44000e-01 4.84202e-01
9.48000e-01 4.94436e-01
9.52000e-01 5.07249e-01
9.56000e-01 5.15895e-01
9.60000e-01 5.17567e-01
9.64000e-01 5.17619e-01
9.68000e-01 5.17619e-01
9.72000e-01 5.17619e-01
9.76000e-01 5.17619e-01
9.80000e-01 5.17618e-01
9.84000e-01 5.17613e-01
9.88000e-01 5.17574e-01
9.92000e-01 5.17289e-01
9.96000e-01 5.15325e-01
1.00000e+00 5.04936e-01
1.00400e+00 4.78816e-01
1.00800e+00 4.60680e-01
1.01200e+00 4.58440e-01
1.01600e+00 4.58432e-01
1.02000e+00 4.58554e-01
1.02400e+00 4.59058e-01
1.02800e+00 4.60329e-01
1.03200e+00 4.62729e-01
1.03600e+00 4.66399e-01
1.04000e+00 4.71094e-01
1.04400e+00 4.76152e-01
1.04800e+00 4.80731e-01
1.05200e+00 4.84321e-01
1.05600e+00 4.87030e-01
1.06000e+00 4.89326e-01
1.06400e+00 4.91773e-01
1.06800e+00 4.95126e-01
1.07200e+00 5.00768e-01
1.07600e+00 5.10974e-01
1.08000e+00 5.25245e-01
1.08400e+00 5.34033e-01
1.08800e+00 5.35347e-01
1.09200e+00 5.35374e-01
1.09600e+00 5.35374e-01
1.10000e+00 5.35374e-01
1.10400e+00 5.35374e-01
1.10800e+00 5.35374e-01
1.11200e+00 5.35374e-01
1.11600e+00 5.35374e-01
1.12000e+00 5.35374e-01
1.12400e+00 5.35374e-01
1.12800e+00 5.35374e-01
1.13200e+00 5.35374e-01
1.13600e+00 5.35375e-01
1.14000e+00 5.35380e-01
1.14400e+00 5.35411e-01
1.14800e+00 5.35566e-01
1.15200e+00 5.35870e-01
1.15600e+00 5.35956e-01
1.16000e+00 5.35876e-01
1.16400e+00 5.34897e-01
1.16800e+00 5.28092e-01
1.17200e+00 5.04230e-01
1.17600e+00 4.79231e-01
1.18000e+00 4.74231e-01
1.18400e+00 4.74168e-01
1.18800e+00 4.74429e-01
1.19200e+00 4.75705e-01
1.19600e+00 4.79558e-01
1.20000e+00 4.88102e-01
1.20400e+00 4.99148e-01
1.20800e+00 5.04212e-01
1.21200e+00 5.04692e-01
1.21600e+00 5.04697e-01
1.22000e+00 5.04697e-01
1.22400e+00 5.04697e-01
1.22800e+00 5.04697e-01
1.23200e+00 5.04697e-01
1.23600e+00 5.04699e-01
1.24000e+00 5.04702e-01
1.24400e+00 5.04712e-01
1.24800e+00 5.04738e-01
1.25200e+00 5.04801e-01
1.25600e+00 5.04950e-01
1.26000e+00 5.05271e-01
1.26400e+00 5.05925e-01
1.26800e+00 5.07152e-01
1.27200e+00 5.09240e-01
1.27600e+00 5.12283e-01
1.28000e+00 5.15756e-01
1.28400e+00 5.18633e-01
1.28800e+00 5.20496e-01
1.29200e+00 5.21772e-01
1.29600e+00 5.23030e-01
1.30000e+00 5.24884e-01
1.30400e+00 5.28462e-01
1.30800e+00 5.36165e-01
1.31200e+00 5.50371e-01
1.31600e+00 5.64033e-01
1.32000e+00 5.67780e-01
1.32400e+00 5.67945e-01
1.32800e+00 5.67945e-01
1.33200e+00 5.67945e-01
1.33600e+00 5.67945e-01
1.34000e+00 5.67945e-01
1.34400e+00 5.67945e-01
1.34800e+00 5.67938e-01
1.35200e+00 5.67838e-01
1.35600e+00 5.66448e-01
1.36000e+00 5.51945e-01
1.36400e+00 4.93595e-01
1.36800e+00 4.45087e-01
1.37200e+00 4.39047e-01
1.37600e+00 4.39021e-01
1.38000e+00 4.39248e-01
1.38400e+00 4.40041e-01
1.38800e+00 4.41653e-01
1.39200e+00 4.44117e-01
1.39600e+00 4.47285e-01
1.40000e+00 4.50947e-01
1.40400e+00 4.54869e-01
1.40800e+00 4.58821e-01
1.41200e+00 4.62622e-01
1.41600e+00 4.66175e-01
1.42000e+00 4.69445e-01
1.42400e+00 4.72360e-01
1.42800e+00 4.74728e-01
1.43200e+00 4.76376e-01
1.43600e+00 4.77388e-01
1.44000e+00 4.78059e-01
1.44400e+00 4.78684e-01
1.44800e+00 4.79590e-01
1.45200e+00 4.81391e-01
1.45600e+00 4.85098e-01
1.46000e+00 4.90169e-01
1.46400e+00 4.92772e-01
1.46800e+00 4.93063e-01
1.47200e+00 4.93067e-01
1.47600e+00 4.93067e-01
1.48000e+00 4.93067e-01
1.48400e+00 4.93068e-01
1.48800e+00 4.93070e-01
1.49200e+00 4.93077e-01
1.49600e+00 4.93096e-01
1.50000e+00 4.93142e-01
1.50400e+00 4.93248e-01
1.50800e+00 4.93465e-01
1.51200e+00 4.93872e-01
1.51600e+00 4.94559e-01
1.52000e+00 4.95609e-01
1.52400e+00 4.97082e-01
1.52800e+00 4.99008e-01
1.53200e+00 5.01294e-01
1.53600e+00 5.03560e-01
1.54000e+00 5.05269e-01
1.54400e+00 5.06306e-01
1.54800e+00 5.07014e-01
1.55200e+00 5.07809e-01
1.55600e+00 5.09284e-01
1.56000e+00 5.12521e-01
1.56400e+00 5.17546e-01
1.56800e+00 5.20559e-01
1.57200e+00 5.20958e-01
1.57600e+00 5.20965e-01
1.58000e+00 5.20965e-01
1.58400e+00 5.20965e-01
1.58800e+00 5.20966e-01
1.59200e+00 5.20970e-01
1.59600e+00 5.20982e-01
1.60000e+00 5.21013e-01
1.60400e+00 5.21078e-01
1.60800e+00 5.21205e-01
1.61200e+00 5.21519e-01
1.61600e+00 5.22551e-01
1.62000e+00 5.25638e-01
1.62400e+00 5.29364e-01
1.62800e+00 5.29952e-01
1.63200e+00 5.29044e-01
1.63600e+00 5.20730e-01
1.64000e+00 4.93527e-01
1.64400e+00 4.70275e-01
1.64800e+00 4.66839e-01
1.65200e+00 4.66851e-01
1.65600e+00 4.67312e-01
1.66000e+00 4.69249e-01
1.66400e+00 4.74468e-01
1.66800e+00 4.83039e-01
1.67200e+00 4.88720e-01
1.67600e+00 4.89624e-01
1.68000e+00 4.89644e-01
1.68400e+00 4.89644e-01
1.68800e+00 4.89644e-01
1.69200e+00 4.89644e-01
1.69600e+00 4.89644e-01
1.70000e+00 4.89644e-01
1.70400e+00 4.89644e-01
1.70800e+00 4.89644e-01
1.71200e+00 4.89644e-01
1.71600e+00 4.89644e-01
1.72000e+00 4.89644e-01
1.72400e+00 4.89644e-01
1.72800e+00 4.89644e-01
1.73200e+00 4.89644e-01
1.73600e+00 4.89645e-01
1.74000e+00 4.89646e-01
1.74400e+00 4.89650e-01
1.74800e+00 4.89663e-01
1.75200e+00 4.89709e-01
1.75600e+00 4.89872e-01
1.76000e+00 4.90434e-01
1.76400e+00 4.92234e-01
1.76800e+00 4.96583e-01
1.77200e+00 5.01524e-01
1.77600e+00 5.02895e-01
1.78000e+00 5.02888e-01
1.78400e+00 5.02372e-01
1.78800e+00 4.99368e-01
1.79200e+00 4.90423e-01
1.79600e+00 4.80775e-01
1.80000e+00 4.78374e-01
1.80400e+00 4.78292e-01
1.80800e+00 4.78294e-01
1.81200e+00 4.78310e-01
1.81600e+00 4.78375e-01
1.82000e+00 4.78563e-01
1.82400e+00 4.79034e-01
1.82800e+00 4.80143e-01
1.83200e+00 4.82718e-01
1.83600e+00 4.88511e-01
1.84000e+00 4.99111e-01
1.84400e+00 5.09228e-01
1.84800e+00 5.11972e-01
1.85200e+00 5.12053e-01
1.85600e+00 5.11896e-01
1.86000e+00 5.10380e-01
1.86400e+00 5.01294e-01
1.86800e+00 4.74294e-01
1.87200e+00 4.50872e-01
1.87600e+00 4.46945e-01
1.88000e+00 4.46868e-01
1.88400e+00 4.46868e-01
1.88800e+00 4.46869e-01
1.89200e+00 4.46875e-01
1.89600e+00 4.46894e-01
1.90000e+00 4.46939e-01
1.90400e+00 4.47030e-01
1.90800e+00 4.47197e-01
1.91200e+00 4.47483e-01
1.91600e+00 4.47988e-01
1.92000e+00 4.48955e-01
1.92400e+00 4.50980e-01
1.92800e+00 4.55152e-01
1.93200e+00 4.61589e-01
1.93600e+00 4.66160e-01
1.94000e+00 4.67024e-01
1.94400e+00 4.67049e-01
1.94800e+00 4.67049e-01
1.95200e+00 4.67049e-01
1.95600e+00 4.67049e-01
1.96000e+00 4.67049e-01
1.96400e+00 4.67049e-01
1.96800e+00 4.67049e-01
1.97200e+00 4.67049e-01
1.97600e+00 4.67049e-01
1.98000e+00 4.67049e-01
1.98400e+00 4.67049e-01
1.98800e+00 4.67050e-01
1.99200e+00 4.67055e-01
1.99600e+00 4.67056e-01
