0.00000e+00 5.54959e-01
4.00000e-03 5.54959e-01
8.00000e-03 5.54959e-01
1.20000e-02 5.54952e-01
1.60000e-02 5.54821e-01
2.00000e-02 5.53028e-01
2.40000e-02 5.38297e-01
2.80000e-02 4.94830e-01
3.20000e-02 4.67388e-01
3.60000e-02 4.65046e-01
4.00000e-02 4.65319e-01
4.40000e-02 4.67242e-01
4.80000e-02 4.73168e-01
5.20000e-02 4.83065e-01
5.60000e-02 4.90322e-01
6.00000e-02 4.92508e-01
6.40000e-02 4.93304e-01
6.80000e-02 4.94370e-01
7.20000e-02 4.97080e-01
7.60000e-02 5.04030e-01
8.00000e-02 5.19200e-01
8.40000e-02 5.43150e-01
8.80000e-02 5.60947e-01
9.20000e-02 5.64551e-01
9.60000e-02 5.64730e-01
1.00000e-01 5.64781e-01
1.04000e-01 5.64907e-01
1.08000e-01 5.65462e-01
1.12000e-01 5.67729e-01
1.16000e-01 5.74222e-01
1.20000e-01 5.82570e-01
1.24000e-01 5.85345e-01
1.28000e-01 5.85473e-01
1.32000e-01 5.85454e-01
1.36000e-01 5.85085e-01
1.40000e-01 5.80037e-01
1.44000e-01 5.41842e-01
1.48000e-01 4.69767e-01
1.52000e-01 4.47635e-01
1.56000e-01 4.47180e-01
1.60000e-01 4.48297e-01
1.64000e-01 4.52400e-01
1.68000e-01 4.60146e-01
1.72000e-01 4.71237e-01
1.76000e-01 4.87444e-01
1.80000e-01 5.13708e-01
1.84000e-01 5.40887e-01
1.88000e-01 5.46208e-01
1.92000e-01 5.41136e-01
1.96000e-01 4.98096e-01
2.00000e-01 4.33175e-01
2.04000e-01 4.18522e-01
2.08000e-01 4.18445e-01
2.12000e-01 4.19701e-01
2.16000e-01 4.23456e-01
2.20000e-01 4.29751e-01
2.24000e-01 4.37567e-01
2.28000e-01 4.45945e-01
2.32000e-01 4.54417e-01
2.36000e-01 4.62807e-01
2.40000e-01 4.71006e-01
2.44000e-01 4.78897e-01
2.48000e-01 4.86383e-01
2.52000e-01 4.93485e-01
2.56000e-01 5.00513e-01
2.60000e-01 5.08378e-01
2.64000e-01 5.19276e-01
2.68000e-01 5.37502e-01
2.72000e-01 5.62871e-01
2.76000e-01 5.76106e-01
2.80000e-01 5.76712e-01
2.84000e-01 5.72376e-01
2.88000e-01 5.41373e-01
2.92000e-01 4.90216e-01
2.96000e-01 4.75386e-01
3.00000e-01 4.74919e-01
3.04000e-01 4.74991e-01
3.08000e-01 4.75407e-01
3.12000e-01 4.76563e-01
3.16000e-01 4.78908e-01
3.20000e-01 4.83121e-01
3.24000e-01 4.90608e-01
3.28000e-01 5.03455e-01
3.32000e-01 5.19335e-01
3.36000e-01 5.27432e-01
3.40000e-01 5.28379e-01
3.44000e-01 5.28395e-01
3.48000e-01 5.28396e-01
3.52000e-01 5.28397e-01
3.56000e-01 5.28404e-01
3.60000e-01 5.28433e-01
3.64000e-01 5.28549e-01
3.68000e-01 5.28994e-01
3.72000e-01 5.30502e-01
3.76000e-01 5.34172e-01
3.80000e-01 5.38322e-01
3.84000e-01 5.39643e-01
3.88000e-01 5.39738e-01
3.92000e-01 5.39756e-01
3.96000e-01 5.39791e-01
4.00000e-01 5.39926e-01
4.04000e-01 5.40446e-01
4.08000e-01 5.42225e-01
4.12000e-01 5.47050e-01
4.16000e-01 5.54984e-01
4.20000e-01 5.60516e-01
4.24000e-01 5.62041e-01
4.28000e-01 5.62400e-01
4.32000e-01 5.62478e-01
4.36000e-01 5.62478e-01
4.40000e-01 5.62416e-01
4.44000e-01 5.61755e-01
4.48000e-01 5.56972e-01
4.52000e-01 5.38156e-01
4.56000e-01 5.14637e-01
4.60000e-01 5.08726e-01
4.64000e-01 5.08577e-01
4.68000e-01 5.08674e-01
4.72000e-01 5.09224e-01
4.76000e-01 5.10829e-01
4.80000e-01 5.14247e-01
4.84000e-01 5.20526e-01
4.88000e-01 5.31756e-01
4.92000e-01 5.50687e-01
4.96000e-01 5.71652e-01
5.00000e-01 5.79860e-01
5.04000e-01 5.80458e-01
5.08000e-01 5.80450e-01
5.12000e-01 5.80202e-01
5.16000e-01 5.76916e-01
5.20000e-01 5.50881e-01
5.24000e-01 4.87443e-01
5.28000e-01 4.57700e-01
5.32000e-01 4.55746e-01
5.36000e-01 4.55736e-01
5.40000e-01 4.55736e-01
5.44000e-01 4.55742e-01
5.48000e-01 4.55771e-01
5.52000e-01 4.55889e-01
5.56000e-01 4.56241e-01
5.60000e-01 4.57069e-01
5.64000e-01 4.58645e-01
5.68000e-01 4.61093e-01
5.72000e-01 4.64272e-01
5.76000e-01 4.67987e-01
5.80000e-01 4.72481e-01
5.84000e-01 4.78940e-01
5.88000e-01 4.89815e-01
5.92000e-01 5.05250e-01
5.96000e-01 5.14602e-01
6.00000e-01 5.15528e-01
6.04000e-01 5.14872e-01
6.08000e-01 5.08606e-01
6.12000e-01 4.85596e-01
6.16000e-01 4.61597e-01
6.20000e-01 4.57077e-01
6.24000e-01 4.57126e-01
6.28000e-01 4.57999e-01
6.32000e-01 4.60048e-01
6.36000e-01 4.61399e-01
6.40000e-01 4.61603e-01
6.44000e-01 4.61627e-01
6.48000e-01 4.61655e-01
6.52000e-01 4.61734e-01
6.56000e-01 4.61969e-01
6.60000e-01 4.62603e-01
6.64000e-01 4.64196e-01
6.68000e-01 4.67737e-01
6.72000e-01 4.73183e-01
6.76000e-01 4.76819e-01
6.80000e-01 4.77467e-01
6.84000e-01 4.77501e-01
6.88000e-01 4.77513e-01
6.92000e-01 4.77539e-01
6.96000e-01 4.77614e-01
7.00000e-01 4.77814e-01
7.04000e-01 4.78264e-01
7.08000e-01 4.79118e-01
7.12000e-01 4.80494e-01
7.16000e-01 4.82416e-01
7.20000e-01 4.84933e-01
7.24000e-01 4.88468e-01
7.28000e-01 4.94425e-01
7.32000e-01 5.05647e-01
7.36000e-01 5.21160e-01
7.40000e-01 5.28489e-01
7.44000e-01 5.28746e-01
7.48000e-01 5.26486e-01
7.52000e-01 5.10386e-01
7.56000e-01 4.75266e-01
7.60000e-01 4.59758e-01
7.64000e-01 4.59280e-01
7.68000e-01 4.60705e-01
7.72000e-01 4.63146e-01
7.76000e-01 4.63349e-01
7.80000e-01 4.61710e-01
7.84000e-01 4.53350e-01
7.88000e-01 4.39210e-01
7.92000e-01 4.33424e-01
7.96000e-01 4.33143e-01
8.00000e-01 4.33329e-01
8.04000e-01 4.34333e-01
8.08000e-01 4.37153e-01
8.12000e-01 4.43075e-01
8.16000e-01 4.53032e-01
8.20000e-01 4.63833e-01
8.24000e-01 4.68571e-01
8.28000e-01 4.69111e-01
8.32000e-01 4.69146e-01
8.36000e-01 4.69170e-01
8.40000e-01 4.69225e-01
8.44000e-01 4.69375e-01
8.48000e-01 4.69732e-01
8.52000e-01 4.70460e-01
8.56000e-01 4.71746e-01
8.60000e-01 4.73726e-01
8.64000e-01 4.76383e-01
8.68000e-01 4.79484e-01
8.72000e-01 4.82667e-01
8.76000e-01 4.85693e-01
8.80000e-01 4.88630e-01
8.84000e-01 4.91765e-01
8.88000e-01 4.95242e-01
8.92000e-01 4.98487e-01
8.96000e-01 5.00534e-01
9.00000e-01 5.01514e-01
9.04000e-01 5.02232e-01
9.08000e-01 5.03474e-01
9.12000e-01 5.06514e-01
9.16000e-01 5.10524e-01
9.20000e-01 5.11518e-01
9.24000e-01 5.11133e-01
9.28000e-01 5.06961e-01
9.32000e-01 4.89545e-01
9.36000e-01 4.66447e-01
9.40000e-01 4.60101e-01
9.44000e-01 4.59960e-01
9.48000e-01 4.60268e-01
9.52000e-01 4.61640e-01
9.56000e-01 4.64801e-01
9.60000e-01 4.69749e-01
9.64000e-01 4.75909e-01
9.68000e-01 4.83368e-01
9.72000e-01 4.93441e-01
9.76000e-01 5.06339e-01
9.80000e-01 5.15580e-01
9.84000e-01 5.17549e-01
9.88000e-01 5.17619e-01
9.92000e-01 5.17619e-01
9.96000e-01 5.17619e-01
1.00000e+00 5.17619e-01
1.00400e+00 5.17618e-01
1.00800e+00 5.17613e-01
1.01200e+00 5.17576e-01
1.01600e+00 5.17299e-01
1.02000e+00 5.15389e-01
1.02400e+00 5.05228e-01
1.02800e+00 4.79294e-01
1.03200e+00 4.60883e-01
1.03600e+00 4.58543e-01
1.04000e+00 4.58532e-01
1.04400e+00 4.58655e-01
1.04800e+00 4.59165e-01
1.05200e+00 4.60454e-01
1.05600e+00 4.62885e-01
1.06000e+00 4.66600e-01
1.06400e+00 4.71352e-01
1.06800e+00 4.76473e-01
1.07200e+00 4.81085e-01
1.07600e+00 4.84630e-01
1.08000e+00 4.87205e-01
1.08400e+00 4.89281e-01
1.08800e+00 4.91384e-01
1.09200e+00 4.94131e-01
1.09600e+00 4.98588e-01
1.10000e+00 5.06770e-01
1.10400e+00 5.20139e-01
1.10800e+00 5.32060e-01
1.11200e+00 5.35232e-01
1.11600e+00 5.35373e-01
1.12000e+00 5.35374e-01
1.12400e+00 5.35374e-01
1.12800e+00 5.35374e-01
1.13200e+00 5.35374e-01
1.13600e+00 5.35374e-01
1.14000e+00 5.35374e-01
1.14400e+00 5.35374e-01
1.14800e+00 5.35374e-01
1.15200e+00 5.35374e-01
1.15600e+00 5.35374e-01
1.16000e+00 5.35374e-01
1.16400e+00 5.35377e-01
1.16800e+00 5.35394e-01
1.17200e+00 5.35489e-01
1.17600e+00 5.35726e-01
1.18000e+00 5.35828e-01
1.18400e+00 5.35786e-01
1.18800e+00 5.35184e-01
1.19200e+00 5.30600e-01
1.19600e+00 5.11097e-01
1.20000e+00 4.83143e-01
1.20400e+00 4.74695e-01
1.20800e+00 4.74424e-01
1.21200e+00 4.74606e-01
1.21600e+00 4.75663e-01
1.22000e+00 4.79080e-01
1.22400e+00 4.87041e-01
1.22800e+00 4.98195e-01
1.23200e+00 5.04025e-01
1.23600e+00 5.04688e-01
1.24000e+00 5.04697e-01
1.24400e+00 5.04697e-01
1.24800e+00 5.04697e-01
1.25200e+00 5.04697e-01
1.25600e+00 5.04697e-01
1.26000e+00 5.04698e-01
1.26400e+00 5.04700e-01
1.26800e+00 5.04706e-01
1.27200e+00 5.04723e-01
1.27600e+00 5.04764e-01
1.28000e+00 5.04863e-01
1.28400e+00 5.05084e-01
1.28800e+00 5.05544e-01
1.29200e+00 5.06445e-01
1.29600e+00 5.08072e-01
1.30000e+00 5.10700e-01
1.30400e+00 5.14204e-01
1.30800e+00 5.17655e-01
1.31200e+00 5.20046e-01
1.31600e+00 5.21447e-01
1.32000e+00 5.22480e-01
1.32400e+00 5.23680e-01
1.32800e+00 5.25699e-01
1.33200e+00 5.29884e-01
1.33600e+00 5.38968e-01
1.34000e+00 5.54205e-01
1.34400e+00 5.65724e-01
1.34800e+00 5.67889e-01
1.35200e+00 5.67945e-01
1.35600e+00 5.67945e-01
1.36000e+00 5.67945e-01
1.36400e+00 5.67945e-01
1.36800e+00 5.67945e-01
1.37200e+00 5.67940e-01
1.37600e+00 5.67872e-01
1.38000e+00 5.66910e-01
1.38400e+00 5.56129e-01
1.38800e+00 5.03982e-01
1.39200e+00 4.48602e-01
1.39600e+00 4.39365e-01
1.40000e+00 4.39270e-01
1.40400e+00 4.39511e-01
1.40800e+00 4.40418e-01
1.41200e+00 4.42278e-01
1.41600e+00 4.45048e-01
1.42000e+00 4.48463e-01
1.42400e+00 4.52234e-01
1.42800e+00 4.56124e-01
1.43200e+00 4.59952e-01
1.43600e+00 4.63600e-01
1.44000e+00 4.67020e-01
1.44400e+00 4.70198e-01
1.44800e+00 4.73032e-01
1.45200e+00 4.75278e-01
1.45600e+00 4.76754e-01
1.46000e+00 4.77609e-01
1.46400e+00 4.78172e-01
1.46800e+00 4.78727e-01
1.47200e+00 4.79585e-01
1.47600e+00 4.81368e-01
1.48000e+00 4.85105e-01
1.48400e+00 4.90205e-01
1.48800e+00 4.92783e-01
1.49200e+00 4.93063e-01
1.49600e+00 4.93067e-01
1.50000e+00 4.93067e-01
1.50400e+00 4.93067e-01
1.50800e+00 4.93068e-01
1.51200e+00 4.93069e-01
1.51600e+00 4.93074e-01
1.52000e+00 4.93088e-01
1.52400e+00 4.93123e-01
1.52800e+00 4.93205e-01
1.53200e+00 4.93376e-01
1.53600e+00 4.93708e-01
1.54000e+00 4.94289e-01
1.54400e+00 4.95209e-01
1.54800e+00 4.96553e-01
1.55200e+00 4.98391e-01
1.55600e+00 5.00702e-01
1.56000e+00 5.03154e-01
1.56400e+00 5.05093e-01
1.56800e+00 5.06231e-01
1.57200e+00 5.06905e-01
1.57600e+00 5.07551e-01
1.58000e+00 5.08652e-01
1.58400e+00 5.11147e-01
1.58800e+00 5.15852e-01
1.59200e+00 5.19982e-01
1.59600e+00 5.20931e-01
1.60000e+00 5.20965e-01
1.60400e+00 5.20965e-01
1.60800e+00 5.20965e-01
1.61200e+00 5.20965e-01
1.61600e+00 5.20967e-01
1.62000e+00 5.20973e-01
1.62400e+00 5.20988e-01
1.62800e+00 5.21022e-01
1.63200e+00 5.21095e-01
1.63600e+00 5.21293e-01
1.64000e+00 5.21999e-01
1.64400e+00 5.24364e-01
1.64800e+00 5.27938e-01
1.65200e+00 5.28821e-01
1.65600e+00 5.28264e-01
1.66000e+00 5.22320e-01
1.66400e+00 4.98905e-01
1.66800e+00 4.72737e-01
1.67200e+00 4.67237e-01
1.67600e+00 4.67180e-01
1.68000e+00 4.67586e-01
1.68400e+00 4.69483e-01
1.68800e+00 4.74729e-01
1.69200e+00 4.83300e-01
1.69600e+00 4.88800e-01
1.70000e+00 4.89627e-01
1.70400e+00 4.89644e-01
1.70800e+00 4.89644e-01
1.71200e+00 4.89644e-01
1.71600e+00 4.89644e-01
1.72000e+00 4.89644e-01
1.72400e+00 4.89644e-01
1.72800e+00 4.89644e-01
1.73200e+00 4.89644e-01
1.73600e+00 4.89644e-01
1.74000e+00 4.89644e-01
1.74400e+00 4.89644e-01
1.74800e+00 4.89644e-01
1.75200e+00 4.89644e-01
1.75600e+00 4.89644e-01
1.76000e+00 4.89645e-01
1.76400e+00 4.89646e-01
1.76800e+00 4.89649e-01
1.77200e+00 4.89660e-01
1.77600e+00 4.89700e-01
1.78000e+00 4.89839e-01
1.78400e+00 4.90325e-01
1.78800e+00 4.91906e-01
1.79200e+00 4.95905e-01
1.79600e+00 5.00940e-01
1.80000e+00 5.02603e-01
1.80400e+00 5.02626e-01
1.80800e+00 5.02221e-01
1.81200e+00 4.99684e-01
1.81600e+00 4.91500e-01
1.82000e+00 4.81434e-01
1.82400e+00 4.78431e-01
1.82800e+00 4.78299e-01
1.83200e+00 4.78300e-01
1.83600e+00 4.78313e-01
1.84000e+00 4.78367e-01
1.84400e+00 4.78530e-01
1.84800e+00 4.78944e-01
1.85200e+00 4.79928e-01
1.85600e+00 4.82217e-01
1.86000e+00 4.87420e-01
1.86400e+00 4.97415e-01
1.86800e+00 5.08185e-01
1.87200e+00 5.11739e-01
1.87600e+00 5.11888e-01
1.88000e+00 5.11715e-01
1.88400e+00 5.09977e-01
1.88800e+00 4.99715e-01
1.89200e+00 4.71529e-01
1.89600e+00 4.49977e-01
1.90000e+00 4.46917e-01
1.90400e+00 4.46868e-01
1.90800e+00 4.46869e-01
1.91200e+00 4.46871e-01
1.91600e+00 4.46880e-01
1.92000e+00 4.46904e-01
1.92400e+00 4.46959e-01
1.92800e+00 4.47067e-01
1.93200e+00 4.47259e-01
1.93600e+00 4.47596e-01
1.94000e+00 4.48212e-01
1.94400e+00 4.49445e-01
1.94800e+00 4.52063e-01
1.95200e+00 4.57167e-01
1.95600e+00 4.63610e-01
1.96000e+00 4.66712e-01
1.96400e+00 4.67044e-01
1.96800e+00 4.67049e-01
1.97200e+00 4.67049e-01
1.97600e+00 4.67049e-01
1.98000e+00 4.67049e-01
1.98400e+00 4.67049e-01
1.98800e+00 4.67049e-01
1.99200e+00 4.67049e-01
1.99600e+00 4.67049e-01
