0.00000e+00 4.97643e-01
4.00000e-03 4.97643e-01
8.00000e-03 4.97644e-01
1.20000e-02 4.97661e-01
1.60000e-02 4.97861e-01
2.00000e-02 4.99280e-01
2.40000e-02 5.05772e-01
2.80000e-02 5.23832e-01
3.20000e-02 5.46684e-01
3.60000e-02 5.54306e-01
4.00000e-02 5.54533e-01
4.40000e-02 5.53594e-01
4.80000e-02 5.44222e-01
5.20000e-02 5.07336e-01
5.60000e-02 4.71529e-01
6.00000e-02 4.65964e-01
6.40000e-02 4.66106e-01
6.80000e-02 4.67682e-01
7.20000e-02 4.72901e-01
7.60000e-02 4.82168e-01
8.00000e-02 4.89964e-01
8.40000e-02 4.92749e-01
8.80000e-02 4.93627e-01
9.20000e-02 4.94460e-01
9.60000e-02 4.96205e-01
1.00000e-01 5.00420e-01
1.04000e-01 5.09805e-01
1.08000e-01 5.27792e-01
1.12000e-01 5.51093e-01
1.16000e-01 5.63245e-01
1.20000e-01 5.64730e-01
1.24000e-01 5.64790e-01
1.28000e-01 5.64822e-01
1.32000e-01 5.64924e-01
1.36000e-01 5.65383e-01
1.40000e-01 5.67274e-01
1.44000e-01 5.73039e-01
1.48000e-01 5.81632e-01
1.52000e-01 5.85194e-01
1.56000e-01 5.85394e-01
1.60000e-01 5.85267e-01
1.64000e-01 5.82848e-01
1.68000e-01 5.58540e-01
1.72000e-01 4.87275e-01
1.76000e-01 4.50652e-01
1.80000e-01 4.48637e-01
1.84000e-01 4.49374e-01
1.88000e-01 4.52736e-01
1.92000e-01 4.59639e-01
1.96000e-01 4.69909e-01
2.00000e-01 4.85427e-01
2.04000e-01 5.10737e-01
2.08000e-01 5.34958e-01
2.12000e-01 5.38770e-01
2.16000e-01 5.33159e-01
2.20000e-01 4.90894e-01
2.24000e-01 4.32118e-01
2.28000e-01 4.19816e-01
2.32000e-01 4.19857e-01
2.36000e-01 4.21454e-01
2.40000e-01 4.25894e-01
2.44000e-01 4.32914e-01
2.48000e-01 4.41062e-01
2.52000e-01 4.49240e-01
2.56000e-01 4.57124e-01
2.60000e-01 4.64754e-01
2.64000e-01 4.72182e-01
2.68000e-01 4.79367e-01
2.72000e-01 4.86208e-01
2.76000e-01 4.92639e-01
2.80000e-01 4.98774e-01
2.84000e-01 5.05135e-01
2.88000e-01 5.13064e-01
2.92000e-01 5.25651e-01
2.96000e-01 5.47161e-01
3.00000e-01 5.68871e-01
3.04000e-01 5.73913e-01
3.08000e-01 5.72988e-01
3.12000e-01 5.59706e-01
3.16000e-01 5.12686e-01
3.20000e-01 4.78740e-01
3.24000e-01 4.75117e-01
3.28000e-01 4.75121e-01
3.32000e-01 4.75375e-01
3.36000e-01 4.76276e-01
3.40000e-01 4.78293e-01
3.44000e-01 4.81997e-01
3.48000e-01 4.88507e-01
3.52000e-01 4.99850e-01
3.56000e-01 5.15727e-01
3.60000e-01 5.26432e-01
3.64000e-01 5.28344e-01
3.68000e-01 5.28396e-01
3.72000e-01 5.28396e-01
3.76000e-01 5.28397e-01
3.80000e-01 5.28400e-01
3.84000e-01 5.28411e-01
3.88000e-01 5.28459e-01
3.92000e-01 5.28648e-01
3.96000e-01 5.29351e-01
4.00000e-01 5.31555e-01
4.04000e-01 5.35888e-01
4.08000e-01 5.39150e-01
4.12000e-01 5.39734e-01
4.16000e-01 5.39765e-01
4.20000e-01 5.39779e-01
4.24000e-01 5.39821e-01
4.28000e-01 5.39985e-01
4.32000e-01 5.40592e-01
4.36000e-01 5.42540e-01
4.40000e-01 5.47591e-01
4.44000e-01 5.55988e-01
4.48000e-01 5.61583e-01
4.52000e-01 5.62457e-01
4.56000e-01 5.62475e-01
4.60000e-01 5.62473e-01
4.64000e-01 5.62453e-01
4.68000e-01 5.62260e-01
4.72000e-01 5.60712e-01
4.76000e-01 5.51651e-01
4.80000e-01 5.27589e-01
4.84000e-01 5.10713e-01
4.88000e-01 5.08725e-01
4.92000e-01 5.08728e-01
4.96000e-01 5.08921e-01
5.00000e-01 5.09708e-01
5.04000e-01 5.11714e-01
5.08000e-01 5.15675e-01
5.12000e-01 5.22737e-01
5.16000e-01 5.35285e-01
5.20000e-01 5.55531e-01
5.24000e-01 5.74619e-01
5.28000e-01 5.80148e-01
5.32000e-01 5.80385e-01
5.36000e-01 5.80312e-01
5.40000e-01 5.78982e-01
5.44000e-01 5.64876e-01
5.48000e-01 5.08584e-01
5.52000e-01 4.61758e-01
5.56000e-01 4.55808e-01
5.60000e-01 4.55738e-01
5.64000e-01 4.55740e-01
5.68000e-01 4.55751e-01
5.72000e-01 4.55798e-01
5.76000e-01 4.55950e-01
5.80000e-01 4.56354e-01
5.84000e-01 4.57250e-01
5.88000e-01 4.58893e-01
5.92000e-01 4.61379e-01
5.96000e-01 4.64535e-01
6.00000e-01 4.68158e-01
6.04000e-01 4.72504e-01
6.08000e-01 4.78766e-01
6.12000e-01 4.89376e-01
6.16000e-01 5.04487e-01
6.20000e-01 5.13640e-01
6.24000e-01 5.14546e-01
6.28000e-01 5.13917e-01
6.32000e-01 5.07936e-01
6.36000e-01 4.85872e-01
6.40000e-01 4.62337e-01
6.44000e-01 4.57706e-01
6.48000e-01 4.57724e-01
6.52000e-01 4.58441e-01
6.56000e-01 4.60205e-01
6.60000e-01 4.61428e-01
6.64000e-01 4.61629e-01
6.68000e-01 4.61655e-01
6.72000e-01 4.61685e-01
6.76000e-01 4.61771e-01
6.80000e-01 4.62032e-01
6.84000e-01 4.62750e-01
6.88000e-01 4.64580e-01
6.92000e-01 4.68570e-01
6.96000e-01 4.74113e-01
7.00000e-01 4.77109e-01
7.04000e-01 4.77499e-01
7.08000e-01 4.77516e-01
7.12000e-01 4.77524e-01
7.16000e-01 4.77546e-01
7.20000e-01 4.77611e-01
7.24000e-01 4.77786e-01
7.28000e-01 4.78187e-01
7.32000e-01 4.78963e-01
7.36000e-01 4.80236e-01
7.40000e-01 4.82028e-01
7.44000e-01 4.84349e-01
7.48000e-01 4.87529e-01
7.52000e-01 4.92784e-01
7.56000e-01 5.02841e-01
7.60000e-01 5.18051e-01
7.64000e-01 5.26687e-01
7.68000e-01 5.27221e-01
7.72000e-01 5.25442e-01
7.76000e-01 5.11725e-01
7.80000e-01 4.78786e-01
7.84000e-01 4.61803e-01
7.88000e-01 4.60892e-01
7.92000e-01 4.61497e-01
7.96000e-01 4.62128e-01
8.00000e-01 4.61797e-01
8.04000e-01 4.58501e-01
8.08000e-01 4.47540e-01
8.12000e-01 4.35968e-01
8.16000e-01 4.33457e-01
8.20000e-01 4.33451e-01
8.24000e-01 4.33816e-01
8.28000e-01 4.35268e-01
8.32000e-01 4.38940e-01
8.36000e-01 4.46272e-01
8.40000e-01 4.57416e-01
8.44000e-01 4.66575e-01
8.48000e-01 4.69010e-01
8.52000e-01 4.69155e-01
8.56000e-01 4.69170e-01
8.60000e-01 4.69188e-01
8.64000e-01 4.69240e-01
8.68000e-01 4.69383e-01
8.72000e-01 4.69726e-01
8.76000e-01 4.70430e-01
8.80000e-01 4.71685e-01
8.84000e-01 4.73635e-01
8.88000e-01 4.76278e-01
8.92000e-01 4.79381e-01
8.96000e-01 4.82563e-01
9.00000e-01 4.85564e-01
9.04000e-01 4.88453e-01
9.08000e-01 4.91538e-01
9.12000e-01 4.95012e-01
9.16000e-01 4.98332e-01
9.20000e-01 5.00465e-01
9.24000e-01 5.01473e-01
9.28000e-01 5.02182e-01
9.32000e-01 5.03373e-01
9.36000e-01 5.06217e-01
9.40000e-01 5.09812e-01
9.44000e-01 5.10635e-01
9.48000e-01 5.10261e-01
9.52000e-01 5.06319e-01
9.56000e-01 4.89762e-01
9.60000e-01 4.67069e-01
9.64000e-01 4.60479e-01
9.68000e-01 4.60305e-01
9.72000e-01 4.60563e-01
9.76000e-01 4.61772e-01
9.80000e-01 4.64654e-01
9.84000e-01 4.69306e-01
9.88000e-01 4.75246e-01
9.92000e-01 4.82530e-01
9.96000e-01 4.92423e-01
1.00000e+00 5.05368e-01
1.00400e+00 5.15213e-01
1.00800e+00 5.17525e-01
1.01200e+00 5.17619e-01
1.01600e+00 5.17619e-01
1.02000e+00 5.17619e-01
1.02400e+00 5.17619e-01
1.02800e+00 5.17618e-01
1.03200e+00 5.17613e-01
1.03600e+00 5.17577e-01
1.04000e+00 5.17309e-01
1.04400e+00 5.15454e-01
1.04800e+00 5.05526e-01
1.05200e+00 4.79790e-01
1.05600e+00 4.61096e-01
1.06000e+00 4.58647e-01
1.06400e+00 4.58635e-01
1.06800e+00 4.58757e-01
1.07200e+00 4.59273e-01
1.07600e+00 4.60575e-01
1.08000e+00 4.63034e-01
1.08400e+00 4.66791e-01
1.08800e+00 4.71604e-01
1.09200e+00 4.76800e-01
1.09600e+00 4.81460e-01
1.10000e+00 4.84973e-01
1.10400e+00 4.87424e-01
1.10800e+00 4.89303e-01
1.11200e+00 4.91117e-01
1.11600e+00 4.93383e-01
1.12000e+00 4.96917e-01
1.12400e+00 5.03345e-01
1.12800e+00 5.14888e-01
1.13200e+00 5.28701e-01
1.13600e+00 5.34809e-01
1.14000e+00 5.35368e-01
1.14400e+00 5.35374e-01
1.14800e+00 5.35374e-01
1.15200e+00 5.35374e-01
1.15600e+00 5.35374e-01
1.16000e+00 5.35374e-01
1.16400e+00 5.35374e-01
1.16800e+00 5.35374e-01
1.17200e+00 5.35374e-01
1.17600e+00 5.35374e-01
1.18000e+00 5.35374e-01
1.18400e+00 5.35374e-01
1.18800e+00 5.35376e-01
1.19200e+00 5.35385e-01
1.19600e+00 5.35443e-01
1.20000e+00 5.35618e-01
1.20400e+00 5.35721e-01
1.20800e+00 5.35701e-01
1.21200e+00 5.35332e-01
1.21600e+00 5.32312e-01
1.22000e+00 5.17213e-01
1.22400e+00 4.88321e-01
1.22800e+00 4.75477e-01
1.23200e+00 4.74704e-01
1.23600e+00 4.74826e-01
1.24000e+00 4.75679e-01
1.24400e+00 4.78665e-01
1.24800e+00 4.86002e-01
1.25200e+00 4.97135e-01
1.25600e+00 5.03772e-01
1.26000e+00 5.04681e-01
1.26400e+00 5.04697e-01
1.26800e+00 5.04697e-01
1.27200e+00 5.04697e-01
1.27600e+00 5.04697e-01
1.28000e+00 5.04697e-01
1.28400e+00 5.04698e-01
1.28800e+00 5.04699e-01
1.29200e+00 5.04703e-01
1.29600e+00 5.04713e-01
1.30000e+00 5.04740e-01
1.30400e+00 5.04806e-01
1.30800e+00 5.04955e-01
1.31200e+00 5.05275e-01
1.31600e+00 5.05921e-01
1.32000e+00 5.07141e-01
1.32400e+00 5.09264e-01
1.32800e+00 5.12488e-01
1.33200e+00 5.16305e-01
1.33600e+00 5.19417e-01
1.34000e+00 5.21196e-01
1.34400e+00 5.22202e-01
1.34800e+00 5.23068e-01
1.35200e+00 5.24271e-01
1.35600e+00 5.26540e-01
1.36000e+00 5.31496e-01
1.36400e+00 5.42104e-01
1.36800e+00 5.57774e-01
1.37200e+00 5.66798e-01
1.37600e+00 5.67928e-01
1.38000e+00 5.67945e-01
1.38400e+00 5.67945e-01
1.38800e+00 5.67945e-01
1.39200e+00 5.67945e-01
1.39600e+00 5.67942e-01
1.40000e+00 5.67895e-01
1.40400e+00 5.67233e-01
1.40800e+00 5.59364e-01
1.41200e+00 5.14266e-01
1.41600e+00 4.53336e-01
1.42000e+00 4.39829e-01
1.42400e+00 4.39584e-01
1.42800e+00 4.39829e-01
1.43200e+00 4.40838e-01
1.43600e+00 4.42943e-01
1.44000e+00 4.46025e-01
1.44400e+00 4.49678e-01
1.44800e+00 4.53528e-01
1.45200e+00 4.57351e-01
1.45600e+00 4.61028e-01
1.46000e+00 4.64513e-01
1.46400e+00 4.67812e-01
1.46800e+00 4.70919e-01
1.47200e+00 4.73688e-01
1.47600e+00 4.75805e-01
1.48000e+00 4.77101e-01
1.48400e+00 4.77805e-01
1.48800e+00 4.78271e-01
1.49200e+00 4.78762e-01
1.49600e+00 4.79575e-01
1.50000e+00 4.81337e-01
1.50400e+00 4.85091e-01
1.50800e+00 4.90221e-01
1.51200e+00 4.92789e-01
1.51600e+00 4.93064e-01
1.52000e+00 4.93067e-01
1.52400e+00 4.93067e-01
1.52800e+00 4.93067e-01
1.53200e+00 4.93068e-01
1.53600e+00 4.93069e-01
1.54000e+00 4.93073e-01
1.54400e+00 4.93083e-01
1.54800e+00 4.93109e-01
1.55200e+00 4.93171e-01
1.55600e+00 4.93306e-01
1.56000e+00 4.93574e-01
1.56400e+00 4.94057e-01
1.56800e+00 4.94851e-01
1.57200e+00 4.96053e-01
1.57600e+00 4.97767e-01
1.58000e+00 5.00052e-01
1.58400e+00 5.02668e-01
1.58800e+00 5.04887e-01
1.59200e+00 5.06181e-01
1.59600e+00 5.06852e-01
1.60000e+00 5.07385e-01
1.60400e+00 5.08199e-01
1.60800e+00 5.10042e-01
1.61200e+00 5.14053e-01
1.61600e+00 5.18958e-01
1.62000e+00 5.20833e-01
1.62400e+00 5.20964e-01
1.62800e+00 5.20965e-01
1.63200e+00 5.20965e-01
1.63600e+00 5.20965e-01
1.64000e+00 5.20966e-01
1.64400e+00 5.20969e-01
1.64800e+00 5.20976e-01
1.65200e+00 5.20993e-01
1.65600e+00 5.21033e-01
1.66000e+00 5.21154e-01
1.66400e+00 5.21623e-01
1.66800e+00 5.23374e-01
1.67200e+00 5.26609e-01
1.67600e+00 5.27754e-01
1.68000e+00 5.27423e-01
1.68400e+00 5.23199e-01
1.68800e+00 5.03655e-01
1.69200e+00 4.75815e-01
1.69600e+00 4.67768e-01
1.70000e+00 4.67565e-01
1.70400e+00 4.67914e-01
1.70800e+00 4.69737e-01
1.71200e+00 4.74950e-01
1.71600e+00 4.83485e-01
1.72000e+00 4.88852e-01
1.72400e+00 4.89629e-01
1.72800e+00 4.89644e-01
1.73200e+00 4.89644e-01
1.73600e+00 4.89644e-01
1.74000e+00 4.89644e-01
1.74400e+00 4.89644e-01
1.74800e+00 4.89644e-01
1.75200e+00 4.89644e-01
1.75600e+00 4.89644e-01
1.76000e+00 4.89644e-01
1.76400e+00 4.89644e-01
1.76800e+00 4.89644e-01
1.77200e+00 4.89644e-01
1.77600e+00 4.89644e-01
1.78000e+00 4.89644e-01
1.78400e+00 4.89645e-01
1.78800e+00 4.89645e-01
1.79200e+00 4.89648e-01
1.79600e+00 4.89658e-01
1.80000e+00 4.89692e-01
1.80400e+00 4.89812e-01
1.80800e+00 4.90232e-01
1.81200e+00 4.91619e-01
1.81600e+00 4.95276e-01
1.82000e+00 5.00339e-01
1.82400e+00 5.02306e-01
1.82800e+00 5.02366e-01
1.83200e+00 5.02051e-01
1.83600e+00 4.99915e-01
1.84000e+00 4.92497e-01
1.84400e+00 4.82170e-01
1.84800e+00 4.78510e-01
1.85200e+00 4.78306e-01
1.85600e+00 4.78306e-01
1.86000e+00 4.78316e-01
1.86400e+00 4.78361e-01
1.86800e+00 4.78502e-01
1.87200e+00 4.78866e-01
1.87600e+00 4.79738e-01
1.88000e+00 4.81772e-01
1.88400e+00 4.86442e-01
1.88800e+00 4.95803e-01
1.89200e+00 5.07026e-01
1.89600e+00 5.11428e-01
1.90000e+00 5.11670e-01
1.90400e+00 5.11476e-01
1.90800e+00 5.09465e-01
1.91200e+00 4.97941e-01
1.91600e+00 4.68876e-01
1.92000e+00 4.49269e-01
1.92400e+00 4.46900e-01
1.92800e+00 4.46870e-01
1.93200e+00 4.46870e-01
1.93600e+00 4.46874e-01
1.94000e+00 4.46886e-01
1.94400e+00 4.46916e-01
1.94800e+00 4.46983e-01
1.95200e+00 4.47109e-01
1.95600e+00 4.47333e-01
1.96000e+00 4.47735e-01
1.96400e+00 4.48501e-01
1.96800e+00 4.50086e-01
1.97200e+00 4.53447e-01
1.97600e+00 4.59402e-01
1.98000e+00 4.65175e-01
1.98400e+00 4.66947e-01
1.98800e+00 4.67048e-01
1.99200e+00 4.67049e-01
1.99600e+00 4.67049e-01
