0.00000e+00 4.45022e-01
4.00000e-03 4.45022e-01
8.00000e-03 4.45028e-01
1.20000e-02 4.45118e-01
1.60000e-02 4.45891e-01
2.00000e-02 4.49900e-01
2.40000e-02 4.62577e-01
2.80000e-02 4.83417e-01
3.20000e-02 4.95672e-01
3.60000e-02 4.97753e-01
4.00000e-02 4.98306e-01
4.40000e-02 4.99346e-01
4.80000e-02 5.02907e-01
5.20000e-02 5.13346e-01
5.60000e-02 5.33808e-01
6.00000e-02 5.50759e-01
6.40000e-02 5.53642e-01
6.80000e-02 5.53306e-01
7.20000e-02 5.48056e-01
7.60000e-02 5.19713e-01
8.00000e-02 4.78112e-01
8.40000e-02 4.67155e-01
8.80000e-02 4.67039e-01
9.20000e-02 4.68161e-01
9.60000e-02 4.72541e-01
1.00000e-01 4.81192e-01
1.04000e-01 4.89580e-01
1.08000e-01 4.93000e-01
1.12000e-01 4.93942e-01
1.16000e-01 4.94597e-01
1.20000e-01 4.95756e-01
1.24000e-01 4.98418e-01
1.28000e-01 5.04297e-01
1.32000e-01 5.16215e-01
1.36000e-01 5.36622e-01
1.40000e-01 5.57330e-01
1.44000e-01 5.64329e-01
1.48000e-01 5.64801e-01
1.52000e-01 5.64823e-01
1.56000e-01 5.64845e-01
1.60000e-01 5.64927e-01
1.64000e-01 5.65305e-01
1.68000e-01 5.66888e-01
1.72000e-01 5.72043e-01
1.76000e-01 5.80749e-01
1.80000e-01 5.84863e-01
1.84000e-01 5.85042e-01
1.88000e-01 5.84041e-01
1.92000e-01 5.70400e-01
1.96000e-01 5.09236e-01
2.00000e-01 4.56304e-01
2.04000e-01 4.50202e-01
2.08000e-01 4.50590e-01
2.12000e-01 4.53079e-01
2.16000e-01 4.59039e-01
2.20000e-01 4.68750e-01
2.24000e-01 4.84306e-01
2.28000e-01 5.09332e-01
2.32000e-01 5.29910e-01
2.36000e-01 5.32026e-01
2.40000e-01 5.25332e-01
2.44000e-01 4.82623e-01
2.48000e-01 4.30674e-01
2.52000e-01 4.21240e-01
2.56000e-01 4.21420e-01
2.60000e-01 4.23370e-01
2.64000e-01 4.28433e-01
2.68000e-01 4.36031e-01
2.72000e-01 4.44361e-01
2.76000e-01 4.52254e-01
2.80000e-01 4.59542e-01
2.84000e-01 4.66459e-01
2.88000e-01 4.73194e-01
2.92000e-01 4.79771e-01
2.96000e-01 4.86091e-01
3.00000e-01 4.92028e-01
3.04000e-01 4.97563e-01
3.08000e-01 5.02972e-01
3.12000e-01 5.09079e-01
3.16000e-01 5.17868e-01
3.20000e-01 5.33466e-01
3.24000e-01 5.56821e-01
3.28000e-01 5.70083e-01
3.32000e-01 5.70773e-01
3.36000e-01 5.66577e-01
3.40000e-01 5.37295e-01
3.44000e-01 4.89577e-01
3.48000e-01 4.75741e-01
3.52000e-01 4.75321e-01
3.56000e-01 4.75439e-01
3.60000e-01 4.76072e-01
3.64000e-01 4.77735e-01
3.68000e-01 4.80968e-01
3.72000e-01 4.86662e-01
3.76000e-01 4.96619e-01
3.80000e-01 5.11832e-01
3.84000e-01 5.24834e-01
3.88000e-01 5.28241e-01
3.92000e-01 5.28396e-01
3.96000e-01 5.28397e-01
4.00000e-01 5.28397e-01
4.04000e-01 5.28398e-01
4.08000e-01 5.28403e-01
4.12000e-01 5.28422e-01
4.16000e-01 5.28501e-01
4.20000e-01 5.28807e-01
4.24000e-01 5.29904e-01
4.28000e-01 5.32958e-01
4.32000e-01 5.37468e-01
4.36000e-01 5.39569e-01
4.40000e-01 5.39771e-01
4.44000e-01 5.39784e-01
4.48000e-01 5.39798e-01
4.52000e-01 5.39848e-01
4.56000e-01 5.40038e-01
4.60000e-01 5.40712e-01
4.64000e-01 5.42890e-01
4.68000e-01 5.48671e-01
4.72000e-01 5.57517e-01
4.76000e-01 5.62025e-01
4.80000e-01 5.62467e-01
4.84000e-01 5.62471e-01
4.88000e-01 5.62466e-01
4.92000e-01 5.62413e-01
4.96000e-01 5.61954e-01
5.00000e-01 5.58648e-01
5.04000e-01 5.43560e-01
5.08000e-01 5.18532e-01
5.12000e-01 5.09290e-01
5.16000e-01 5.08842e-01
5.20000e-01 5.08886e-01
5.24000e-01 5.09209e-01
5.28000e-01 5.10279e-01
5.32000e-01 5.12712e-01
5.36000e-01 5.17234e-01
5.40000e-01 5.25146e-01
5.44000e-01 5.39144e-01
5.48000e-01 5.60385e-01
5.52000e-01 5.76838e-01
5.56000e-01 5.80166e-01
5.60000e-01 5.80213e-01
5.64000e-01 5.79712e-01
5.68000e-01 5.72875e-01
5.72000e-01 5.31483e-01
5.76000e-01 4.71065e-01
5.80000e-01 4.56160e-01
5.84000e-01 4.55745e-01
5.88000e-01 4.55746e-01
5.92000e-01 4.55761e-01
5.96000e-01 4.55825e-01
6.00000e-01 4.56012e-01
6.04000e-01 4.56474e-01
6.08000e-01 4.57443e-01
6.12000e-01 4.59156e-01
6.16000e-01 4.61675e-01
6.20000e-01 4.64803e-01
6.24000e-01 4.68336e-01
6.28000e-01 4.72548e-01
6.32000e-01 4.78640e-01
6.36000e-01 4.89024e-01
6.40000e-01 5.03820e-01
6.44000e-01 5.12726e-01
6.48000e-01 5.13599e-01
6.52000e-01 5.12995e-01
6.56000e-01 5.07293e-01
6.60000e-01 4.86136e-01
6.64000e-01 4.63024e-01
6.68000e-01 4.58256e-01
6.72000e-01 4.58246e-01
6.76000e-01 4.58827e-01
6.80000e-01 4.60336e-01
6.84000e-01 4.61453e-01
6.88000e-01 4.61655e-01
6.92000e-01 4.61684e-01
6.96000e-01 4.61717e-01
7.00000e-01 4.61813e-01
7.04000e-01 4.62107e-01
7.08000e-01 4.62930e-01
7.12000e-01 4.65043e-01
7.16000e-01 4.69488e-01
7.20000e-01 4.74946e-01
7.24000e-01 4.77295e-01
7.28000e-01 4.77516e-01
7.32000e-01 4.77526e-01
7.36000e-01 4.77532e-01
7.40000e-01 4.77550e-01
7.44000e-01 4.77607e-01
7.48000e-01 4.77762e-01
7.52000e-01 4.78120e-01
7.56000e-01 4.78825e-01
7.60000e-01 4.80002e-01
7.64000e-01 4.81675e-01
7.68000e-01 4.83828e-01
7.72000e-01 4.86719e-01
7.76000e-01 4.91410e-01
7.80000e-01 5.00460e-01
7.84000e-01 5.15106e-01
7.88000e-01 5.24780e-01
7.92000e-01 5.25656e-01
7.96000e-01 5.24308e-01
8.00000e-01 5.13030e-01
8.04000e-01 4.82663e-01
8.08000e-01 4.63511e-01
8.12000e-01 4.61626e-01
8.16000e-01 4.61574e-01
8.20000e-01 4.61419e-01
8.24000e-01 4.60178e-01
8.28000e-01 4.54329e-01
8.32000e-01 4.41965e-01
8.36000e-01 4.34440e-01
8.40000e-01 4.33692e-01
8.44000e-01 4.33778e-01
8.48000e-01 4.34399e-01
8.52000e-01 4.36433e-01
8.56000e-01 4.41182e-01
8.60000e-01 4.50094e-01
8.64000e-01 4.61602e-01
8.68000e-01 4.68161e-01
8.72000e-01 4.69142e-01
8.76000e-01 4.69176e-01
8.80000e-01 4.69184e-01
8.84000e-01 4.69200e-01
8.88000e-01 4.69250e-01
8.92000e-01 4.69390e-01
8.96000e-01 4.69721e-01
9.00000e-01 4.70403e-01
9.04000e-01 4.71626e-01
9.08000e-01 4.73545e-01
9.12000e-01 4.76172e-01
9.16000e-01 4.79278e-01
9.20000e-01 4.82463e-01
9.24000e-01 4.85444e-01
9.28000e-01 4.88287e-01
9.32000e-01 4.91318e-01
9.36000e-01 4.94773e-01
9.40000e-01 4.98159e-01
9.44000e-01 5.00384e-01
9.48000e-01 5.01433e-01
9.52000e-01 5.02145e-01
9.56000e-01 5.03302e-01
9.60000e-01 5.05982e-01
9.64000e-01 5.09184e-01
9.68000e-01 5.09849e-01
9.72000e-01 5.09479e-01
9.76000e-01 5.05715e-01
9.80000e-01 4.89878e-01
9.84000e-01 4.67601e-01
9.88000e-01 4.60824e-01
9.92000e-01 4.60620e-01
9.96000e-01 4.60838e-01
1.00000e+00 4.61907e-01
1.00400e+00 4.64535e-01
1.00800e+00 4.68899e-01
1.01200e+00 4.74608e-01
1.01600e+00 4.81700e-01
1.02000e+00 4.91386e-01
1.02400e+00 5.04335e-01
1.02800e+00 5.14785e-01
1.03200e+00 5.17493e-01
1.03600e+00 5.17618e-01
1.04000e+00 5.17619e-01
1.04400e+00 5.17619e-01
1.04800e+00 5.17619e-01
1.05200e+00 5.17618e-01
1.05600e+00 5.17613e-01
1.06000e+00 5.17578e-01
1.06400e+00 5.17318e-01
1.06800e+00 5.15520e-01
1.07200e+00 5.05829e-01
1.07600e+00 4.80305e-01
1.08000e+00 4.61321e-01
1.08400e+00 4.58755e-01
1.08800e+00 4.58740e-01
1.09200e+00 4.58862e-01
1.09600e+00 4.59380e-01
1.10000e+00 4.60694e-01
1.10400e+00 4.63176e-01
1.10800e+00 4.66972e-01
1.11200e+00 4.71849e-01
1.11600e+00 4.77130e-01
1.12000e+00 4.81855e-01
1.12400e+00 4.85347e-01
1.12800e+00 4.87682e-01
1.13200e+00 4.89380e-01
1.13600e+00 4.90945e-01
1.14000e+00 4.92824e-01
1.14400e+00 4.95645e-01
1.14800e+00 5.00655e-01
1.15200e+00 5.10078e-01
1.15600e+00 5.24079e-01
1.16000e+00 5.33664e-01
1.16400e+00 5.35333e-01
1.16800e+00 5.35374e-01
1.17200e+00 5.35374e-01
1.17600e+00 5.35374e-01
1.18000e+00 5.35374e-01
1.18400e+00 5.35374e-01
1.18800e+00 5.35374e-01
1.19200e+00 5.35374e-01
1.19600e+00 5.35374e-01
1.20000e+00 5.35374e-01
1.20400e+00 5.35374e-01
1.20800e+00 5.35374e-01
1.21200e+00 5.35375e-01
1.21600e+00 5.35381e-01
1.22000e+00 5.35416e-01
1.22400e+00 5.35539e-01
1.22800e+00 5.35635e-01
1.23200e+00 5.35627e-01
1.23600e+00 5.35402e-01
1.24000e+00 5.33444e-01
1.24400e+00 5.22286e-01
1.24800e+00 4.94541e-01
1.25200e+00 4.76815e-01
1.25600e+00 4.75015e-01
1.26000e+00 4.75086e-01
1.26400e+00 4.75754e-01
1.26800e+00 4.78321e-01
1.27200e+00 4.85000e-01
1.27600e+00 4.95971e-01
1.28000e+00 5.03435e-01
1.28400e+00 5.04669e-01
1.28800e+00 5.04697e-01
1.29200e+00 5.04697e-01
1.29600e+00 5.04697e-01
1.30000e+00 5.04697e-01
1.30400e+00 5.04697e-01
1.30800e+00 5.04697e-01
1.31200e+00 5.04698e-01
1.31600e+00 5.04701e-01
1.32000e+00 5.04707e-01
1.32400e+00 5.04725e-01
1.32800e+00 5.04768e-01
1.33200e+00 5.04868e-01
1.33600e+00 5.05088e-01
1.34000e+00 5.05544e-01
1.34400e+00 5.06433e-01
1.34800e+00 5.08065e-01
1.35200e+00 5.10794e-01
1.35600e+00 5.14611e-01
1.36000e+00 5.18438e-01
1.36400e+00 5.20893e-01
1.36800e+00 5.22071e-01
1.37200e+00 5.22787e-01
1.37600e+00 5.23555e-01
1.38000e+00 5.24823e-01
1.38400e+00 5.27441e-01
1.38800e+00 5.33350e-01
1.39200e+00 5.45536e-01
1.39600e+00 5.60874e-01
1.40000e+00 5.67411e-01
1.40400e+00 5.67941e-01
1.40800e+00 5.67945e-01
1.41200e+00 5.67945e-01
1.41600e+00 5.67945e-01
1.42000e+00 5.67943e-01
1.42400e+00 5.67911e-01
1.42800e+00 5.67457e-01
1.43200e+00 5.61809e-01
1.43600e+00 5.24049e-01
1.44000e+00 4.59435e-01
1.44400e+00 4.40514e-01
1.44800e+00 4.39971e-01
1.45200e+00 4.40211e-01
1.45600e+00 4.41300e-01
1.46000e+00 4.43639e-01
1.46400e+00 4.47034e-01
1.46800e+00 4.50917e-01
1.47200e+00 4.54822e-01
1.47600e+00 4.58544e-01
1.48000e+00 4.62046e-01
1.48400e+00 4.65364e-01
1.48800e+00 4.68554e-01
1.49200e+00 4.71614e-01
1.49600e+00 4.74331e-01
1.50000e+00 4.76309e-01
1.50400e+00 4.77416e-01
1.50800e+00 4.77977e-01
1.51200e+00 4.78356e-01
1.51600e+00 4.78789e-01
1.52000e+00 4.79560e-01
1.52400e+00 4.81296e-01
1.52800e+00 4.85058e-01
1.53200e+00 4.90217e-01
1.53600e+00 4.92791e-01
1.54000e+00 4.93064e-01
1.54400e+00 4.93067e-01
1.54800e+00 4.93067e-01
1.55200e+00 4.93068e-01
1.55600e+00 4.93068e-01
1.56000e+00 4.93069e-01
1.56400e+00 4.93071e-01
1.56800e+00 4.93079e-01
1.57200e+00 4.93099e-01
1.57600e+00 4.93146e-01
1.58000e+00 4.93251e-01
1.58400e+00 4.93465e-01
1.58800e+00 4.93863e-01
1.59200e+00 4.94537e-01
1.59600e+00 4.95592e-01
1.60000e+00 4.97156e-01
1.60400e+00 4.99359e-01
1.60800e+00 5.02092e-01
1.61200e+00 5.04624e-01
1.61600e+00 5.06145e-01
1.62000e+00 5.06844e-01
1.62400e+00 5.07295e-01
1.62800e+00 5.07893e-01
1.63200e+00 5.09209e-01
1.63600e+00 5.12368e-01
1.64000e+00 5.17458e-01
1.64400e+00 5.20549e-01
1.64800e+00 5.20958e-01
1.65200e+00 5.20965e-01
1.65600e+00 5.20965e-01
1.66000e+00 5.20965e-01
1.66400e+00 5.20966e-01
1.66800e+00 5.20967e-01
1.67200e+00 5.20970e-01
1.67600e+00 5.20978e-01
1.68000e+00 5.21000e-01
1.68400e+00 5.21073e-01
1.68800e+00 5.21379e-01
1.69200e+00 5.22640e-01
1.69600e+00 5.25425e-01
1.70000e+00 5.26758e-01
1.70400e+00 5.26579e-01
1.70800e+00 5.23582e-01
1.71200e+00 5.07647e-01
1.71600e+00 4.79397e-01
1.72000e+00 4.68479e-01
1.72400e+00 4.68005e-01
1.72800e+00 4.68298e-01
1.73200e+00 4.70015e-01
1.73600e+00 4.75131e-01
1.74000e+00 4.83592e-01
1.74400e+00 4.88878e-01
1.74800e+00 4.89630e-01
1.75200e+00 4.89644e-01
1.75600e+00 4.89644e-01
1.76000e+00 4.89644e-01
1.76400e+00 4.89644e-01
1.76800e+00 4.89644e-01
1.77200e+00 4.89644e-01
1.77600e+00 4.89644e-01
1.78000e+00 4.89644e-01
1.78400e+00 4.89644e-01
1.78800e+00 4.89644e-01
1.79200e+00 4.89644e-01
1.79600e+00 4.89644e-01
1.80000e+00 4.89644e-01
1.80400e+00 4.89644e-01
1.80800e+00 4.89644e-01
1.81200e+00 4.89645e-01
1.81600e+00 4.89648e-01
1.82000e+00 4.89656e-01
1.82400e+00 4.89685e-01
1.82800e+00 4.89788e-01
1.83200e+00 4.90152e-01
1.83600e+00 4.91368e-01
1.84000e+00 4.94697e-01
1.84400e+00 4.99726e-01
1.84800e+00 5.02002e-01
1.85200e+00 5.02111e-01
1.85600e+00 5.01866e-01
1.86000e+00 5.00074e-01
1.86400e+00 4.93403e-01
1.86800e+00 4.82975e-01
1.87200e+00 4.78616e-01
1.87600e+00 4.78312e-01
1.88000e+00 4.78312e-01
1.88400e+00 4.78320e-01
1.88800e+00 4.78358e-01
1.89200e+00 4.78479e-01
1.89600e+00 4.78798e-01
1.90000e+00 4.79570e-01
1.90400e+00 4.81378e-01
1.90800e+00 4.85573e-01
1.91200e+00 4.94301e-01
1.91600e+00 5.05781e-01
1.92000e+00 5.11023e-01
1.92400e+00 5.11386e-01
1.92800e+00 5.11166e-01
1.93200e+00 5.08847e-01
1.93600e+00 4.96006e-01
1.94000e+00 4.66350e-01
1.94400e+00 4.48703e-01
1.94800e+00 4.46890e-01
1.95200e+00 4.46871e-01
1.95600e+00 4.46872e-01
1.96000e+00 4.46877e-01
1.96400e+00 4.46892e-01
1.96800e+00 4.46931e-01
1.97200e+00 4.47010e-01
1.97600e+00 4.47158e-01
1.98000e+00 4.47422e-01
1.98400e+00 4.47920e-01
1.98800e+00 4.48781e-01
1.99200e+00 4.52977e-01
1.99600e+00 4.53315e-01
