0.00000e+00 4.08360e-01
4.00000e-03 4.08360e-01
8.00000e-03 4.08361e-01
1.20000e-02 4.08363e-01
1.60000e-02 4.08381e-01
2.00000e-02 4.08448e-01
2.40000e-02 4.08571e-01
2.80000e-02 4.08706e-01
3.20000e-02 4.08895e-01
3.60000e-02 4.09377e-01
4.00000e-02 4.10718e-01
4.40000e-02 4.13338e-01
4.80000e-02 4.16215e-01
5.20000e-02 4.18118e-01
5.60000e-02 4.19548e-01
6.00000e-02 4.21600e-01
6.40000e-02 4.25667e-01
6.80000e-02 4.32635e-01
7.20000e-02 4.40259e-01
7.60000e-02 4.44869e-01
8.00000e-02 4.47009e-01
8.40000e-02 4.48739e-01
8.80000e-02 4.51524e-01
9.20000e-02 4.57192e-01
9.60000e-02 4.67931e-01
1.00000e-01 4.83262e-01
1.04000e-01 4.95076e-01
1.08000e-01 4.98624e-01
1.12000e-01 4.99273e-01
1.16000e-01 4.99677e-01
1.20000e-01 5.00475e-01
1.24000e-01 5.02680e-01
1.28000e-01 5.08732e-01
1.32000e-01 5.22901e-01
1.36000e-01 5.41626e-01
1.40000e-01 5.48106e-01
1.44000e-01 5.47884e-01
1.48000e-01 5.41692e-01
1.52000e-01 5.12055e-01
1.56000e-01 4.77194e-01
1.60000e-01 4.70422e-01
1.64000e-01 4.70548e-01
1.68000e-01 4.72330e-01
1.72000e-01 4.78130e-01
1.76000e-01 4.87351e-01
1.80000e-01 4.93367e-01
1.84000e-01 4.94806e-01
1.88000e-01 4.95159e-01
1.92000e-01 4.95505e-01
1.96000e-01 4.96229e-01
2.00000e-01 4.97881e-01
2.04000e-01 5.01302e-01
2.08000e-01 5.07857e-01
2.12000e-01 5.19983e-01
2.16000e-01 5.39725e-01
2.20000e-01 5.58671e-01
2.24000e-01 5.64518e-01
2.28000e-01 5.64845e-01
2.32000e-01 5.64850e-01
2.36000e-01 5.64853e-01
2.40000e-01 5.64862e-01
2.44000e-01 5.64915e-01
2.48000e-01 5.65219e-01
2.52000e-01 5.66929e-01
2.56000e-01 5.72834e-01
2.60000e-01 5.77675e-01
2.64000e-01 5.77268e-01
2.68000e-01 5.64304e-01
2.72000e-01 5.06760e-01
2.76000e-01 4.59885e-01
2.80000e-01 4.54939e-01
2.84000e-01 4.55397e-01
2.88000e-01 4.58309e-01
2.92000e-01 4.66649e-01
2.96000e-01 4.84386e-01
3.00000e-01 5.07870e-01
3.04000e-01 5.16310e-01
3.08000e-01 5.15436e-01
3.12000e-01 5.01537e-01
3.16000e-01 4.56822e-01
3.20000e-01 4.28080e-01
3.24000e-01 4.25803e-01
3.28000e-01 4.26435e-01
3.32000e-01 4.29559e-01
3.36000e-01 4.36155e-01
3.40000e-01 4.44771e-01
3.44000e-01 4.53011e-01
3.48000e-01 4.59774e-01
3.52000e-01 4.65359e-01
3.56000e-01 4.70424e-01
3.60000e-01 4.75431e-01
3.64000e-01 4.80559e-01
3.68000e-01 4.85750e-01
3.72000e-01 4.90796e-01
3.76000e-01 4.95450e-01
3.80000e-01 4.99588e-01
3.84000e-01 5.03364e-01
3.88000e-01 5.07340e-01
3.92000e-01 5.12798e-01
3.96000e-01 5.22700e-01
4.00000e-01 5.41012e-01
4.04000e-01 5.58682e-01
4.08000e-01 5.62017e-01
4.12000e-01 5.60718e-01
4.16000e-01 5.46260e-01
4.20000e-01 5.03964e-01
4.24000e-01 4.78353e-01
4.28000e-01 4.76155e-01
4.32000e-01 4.76221e-01
4.36000e-01 4.76773e-01
4.40000e-01 4.78495e-01
4.44000e-01 4.82138e-01
4.48000e-01 4.88799e-01
4.52000e-01 5.00349e-01
4.56000e-01 5.16196e-01
4.60000e-01 5.26571e-01
4.64000e-01 5.28352e-01
4.68000e-01 5.28397e-01
4.72000e-01 5.28398e-01
4.76000e-01 5.28398e-01
4.80000e-01 5.28398e-01
4.84000e-01 5.28399e-01
4.88000e-01 5.28405e-01
4.92000e-01 5.28427e-01
4.96000e-01 5.28516e-01
5.00000e-01 5.28864e-01
5.04000e-01 5.30097e-01
5.08000e-01 5.33416e-01
5.12000e-01 5.37892e-01
5.16000e-01 5.39675e-01
5.20000e-01 5.39807e-01
5.24000e-01 5.39812e-01
5.28000e-01 5.39818e-01
5.32000e-01 5.39838e-01
5.36000e-01 5.39919e-01
5.40000e-01 5.40231e-01
5.44000e-01 5.41360e-01
5.48000e-01 5.44968e-01
5.52000e-01 5.52978e-01
5.56000e-01 5.60606e-01
5.60000e-01 5.62394e-01
5.64000e-01 5.62449e-01
5.68000e-01 5.62443e-01
5.72000e-01 5.62366e-01
5.76000e-01 5.61705e-01
5.80000e-01 5.57173e-01
5.84000e-01 5.39219e-01
5.88000e-01 5.15732e-01
5.92000e-01 5.09363e-01
5.96000e-01 5.09164e-01
6.00000e-01 5.09212e-01
6.04000e-01 5.09518e-01
6.08000e-01 5.10477e-01
6.12000e-01 5.12584e-01
6.16000e-01 5.16365e-01
6.20000e-01 5.22778e-01
6.24000e-01 5.34272e-01
6.28000e-01 5.53920e-01
6.32000e-01 5.73169e-01
6.36000e-01 5.77998e-01
6.40000e-01 5.77776e-01
6.44000e-01 5.71622e-01
6.48000e-01 5.31587e-01
6.52000e-01 4.71433e-01
6.56000e-01 4.56238e-01
6.60000e-01 4.55813e-01
6.64000e-01 4.55827e-01
6.68000e-01 4.55917e-01
6.72000e-01 4.56203e-01
6.76000e-01 4.56854e-01
6.80000e-01 4.58074e-01
6.84000e-01 4.60014e-01
6.88000e-01 4.62626e-01
6.92000e-01 4.65645e-01
6.96000e-01 4.68909e-01
7.00000e-01 4.72775e-01
7.04000e-01 4.78483e-01
7.08000e-01 4.88382e-01
7.12000e-01 5.02295e-01
7.16000e-01 5.10280e-01
7.20000e-01 5.11004e-01
7.24000e-01 5.10464e-01
7.28000e-01 5.05491e-01
7.32000e-01 4.86739e-01
7.36000e-01 4.64718e-01
7.40000e-01 4.59512e-01
7.44000e-01 4.59430e-01
7.48000e-01 4.59715e-01
7.52000e-01 4.60633e-01
7.56000e-01 4.61506e-01
7.60000e-01 4.61741e-01
7.64000e-01 4.61789e-01
7.68000e-01 4.61840e-01
7.72000e-01 4.61986e-01
7.76000e-01 4.62437e-01
7.80000e-01 4.63731e-01
7.84000e-01 4.66936e-01
7.88000e-01 4.72455e-01
7.92000e-01 4.76666e-01
7.96000e-01 4.77510e-01
8.00000e-01 4.77539e-01
8.04000e-01 4.77542e-01
8.08000e-01 4.77545e-01
8.12000e-01 4.77558e-01
8.16000e-01 4.77598e-01
8.20000e-01 4.77707e-01
8.24000e-01 4.77966e-01
8.28000e-01 4.78496e-01
8.32000e-01 4.79422e-01
8.36000e-01 4.80782e-01
8.40000e-01 4.82539e-01
8.44000e-01 4.84820e-01
8.48000e-01 4.88359e-01
8.52000e-01 4.95157e-01
8.56000e-01 5.07575e-01
8.60000e-01 5.19068e-01
8.64000e-01 5.21309e-01
8.68000e-01 5.20881e-01
8.72000e-01 5.15918e-01
8.76000e-01 4.95767e-01
8.80000e-01 4.69989e-01
8.84000e-01 4.61235e-01
8.88000e-01 4.59099e-01
8.92000e-01 4.56316e-01
8.96000e-01 4.48999e-01
9.00000e-01 4.38576e-01
9.04000e-01 4.34554e-01
9.08000e-01 4.34358e-01
9.12000e-01 4.34476e-01
9.16000e-01 4.35158e-01
9.20000e-01 4.37255e-01
9.24000e-01 4.42144e-01
9.28000e-01 4.51344e-01
9.32000e-01 4.62726e-01
9.36000e-01 4.68483e-01
9.40000e-01 4.69181e-01
9.44000e-01 4.69196e-01
9.48000e-01 4.69198e-01
9.52000e-01 4.69203e-01
9.56000e-01 4.69219e-01
9.60000e-01 4.69270e-01
9.64000e-01 4.69402e-01
9.68000e-01 4.69709e-01
9.72000e-01 4.70334e-01
9.76000e-01 4.71468e-01
9.80000e-01 4.73289e-01
9.84000e-01 4.75853e-01
9.88000e-01 4.78961e-01
9.92000e-01 4.82173e-01
9.96000e-01 4.85130e-01
1.00000e+00 4.87858e-01
1.00400e+00 4.90710e-01
1.00800e+00 4.94025e-01
1.01200e+00 4.97500e-01
1.01600e+00 5.00016e-01
1.02000e+00 5.01274e-01
1.02400e+00 5.02083e-01
1.02800e+00 5.03261e-01
1.03200e+00 5.05588e-01
1.03600e+00 5.07722e-01
1.04000e+00 5.07992e-01
1.04400e+00 5.07609e-01
1.04800e+00 5.04142e-01
1.05200e+00 4.89797e-01
1.05600e+00 4.68707e-01
1.06000e+00 4.61685e-01
1.06400e+00 4.61415e-01
1.06800e+00 4.61554e-01
1.07200e+00 4.62309e-01
1.07600e+00 4.64315e-01
1.08000e+00 4.67898e-01
1.08400e+00 4.72894e-01
1.08800e+00 4.79326e-01
1.09200e+00 4.88245e-01
1.09600e+00 5.00879e-01
1.10000e+00 5.13037e-01
1.10400e+00 5.17312e-01
1.10800e+00 5.17616e-01
1.11200e+00 5.17619e-01
1.11600e+00 5.17619e-01
1.12000e+00 5.17619e-01
1.12400e+00 5.17618e-01
1.12800e+00 5.17614e-01
1.13200e+00 5.17582e-01
1.13600e+00 5.17348e-01
1.14000e+00 5.15719e-01
1.14400e+00 5.06766e-01
1.14800e+00 4.81968e-01
1.15200e+00 4.62065e-01
1.15600e+00 4.59092e-01
1.16000e+00 4.59066e-01
1.16400e+00 4.59184e-01
1.16800e+00 4.59702e-01
1.17200e+00 4.61029e-01
1.17600e+00 4.63553e-01
1.18000e+00 4.67444e-01
1.18400e+00 4.72522e-01
1.18800e+00 4.78142e-01
1.19200e+00 4.83173e-01
1.19600e+00 4.86652e-01
1.20000e+00 4.88639e-01
1.20400e+00 4.89835e-01
1.20800e+00 4.90801e-01
1.21200e+00 4.91873e-01
1.21600e+00 4.93364e-01
1.22000e+00 4.95789e-01
1.22400e+00 5.00252e-01
1.22800e+00 5.08889e-01
1.23200e+00 5.22534e-01
1.23600e+00 5.33094e-01
1.24000e+00 5.35303e-01
1.24400e+00 5.35374e-01
1.24800e+00 5.35374e-01
1.25200e+00 5.35374e-01
1.25600e+00 5.35374e-01
1.26000e+00 5.35374e-01
1.26400e+00 5.35374e-01
1.26800e+00 5.35374e-01
1.27200e+00 5.35374e-01
1.27600e+00 5.35374e-01
1.28000e+00 5.35374e-01
1.28400e+00 5.35374e-01
1.28800e+00 5.35375e-01
1.29200e+00 5.35384e-01
1.29600e+00 5.35423e-01
1.30000e+00 5.35476e-01
1.30400e+00 5.35481e-01
1.30800e+00 5.35432e-01
1.31200e+00 5.34930e-01
1.31600e+00 5.31270e-01
1.32000e+00 5.14600e-01
1.32400e+00 4.86815e-01
1.32800e+00 4.76537e-01
1.33200e+00 4.76103e-01
1.33600e+00 4.76340e-01
1.34000e+00 4.77777e-01
1.34400e+00 4.82395e-01
1.34800e+00 4.92005e-01
1.35200e+00 5.01703e-01
1.35600e+00 5.04554e-01
1.36000e+00 5.04696e-01
1.36400e+00 5.04697e-01
1.36800e+00 5.04697e-01
1.37200e+00 5.04697e-01
1.37600e+00 5.04697e-01
1.38000e+00 5.04697e-01
1.38400e+00 5.04697e-01
1.38800e+00 5.04698e-01
1.39200e+00 5.04700e-01
1.39600e+00 5.04704e-01
1.40000e+00 5.04716e-01
1.40400e+00 5.04745e-01
1.40800e+00 5.04813e-01
1.41200e+00 5.04964e-01
1.41600e+00 5.05277e-01
1.42000e+00 5.05900e-01
1.42400e+00 5.07099e-01
1.42800e+00 5.09330e-01
1.43200e+00 5.13116e-01
1.43600e+00 5.17973e-01
1.44000e+00 5.21505e-01
1.44400e+00 5.22765e-01
1.44800e+00 5.23146e-01
1.45200e+00 5.23411e-01
1.45600e+00 5.23812e-01
1.46000e+00 5.24639e-01
1.46400e+00 5.26517e-01
1.46800e+00 5.30940e-01
1.47200e+00 5.40829e-01
1.47600e+00 5.56420e-01
1.48000e+00 5.66449e-01
1.48400e+00 5.67918e-01
1.48800e+00 5.67944e-01
1.49200e+00 5.67944e-01
1.49600e+00 5.67934e-01
1.50000e+00 5.67794e-01
1.50400e+00 5.65881e-01
1.50800e+00 5.47539e-01
1.51200e+00 4.85957e-01
1.51600e+00 4.45274e-01
1.52000e+00 4.41632e-01
1.52400e+00 4.41800e-01
1.52800e+00 4.42938e-01
1.53200e+00 4.45804e-01
1.53600e+00 4.50100e-01
1.54000e+00 4.54661e-01
1.54400e+00 4.58613e-01
1.54800e+00 4.61872e-01
1.55200e+00 4.64743e-01
1.55600e+00 4.67559e-01
1.56000e+00 4.70551e-01
1.56400e+00 4.73655e-01
1.56800e+00 4.76241e-01
1.57200e+00 4.77637e-01
1.57600e+00 4.78139e-01
1.58000e+00 4.78349e-01
1.58400e+00 4.78531e-01
1.58800e+00 4.78823e-01
1.59200e+00 4.79478e-01
1.59600e+00 4.81122e-01
1.60000e+00 4.84854e-01
1.60400e+00 4.90101e-01
1.60800e+00 4.92775e-01
1.61200e+00 4.93064e-01
1.61600e+00 4.93068e-01
1.62000e+00 4.93068e-01
1.62400e+00 4.93068e-01
1.62800e+00 4.93068e-01
1.63200e+00 4.93068e-01
1.63600e+00 4.93069e-01
1.64000e+00 4.93072e-01
1.64400e+00 4.93080e-01
1.64800e+00 4.93101e-01
1.65200e+00 4.93149e-01
1.65600e+00 4.93254e-01
1.66000e+00 4.93464e-01
1.66400e+00 4.93847e-01
1.66800e+00 4.94498e-01
1.67200e+00 4.95552e-01
1.67600e+00 4.97246e-01
1.68000e+00 4.99882e-01
1.68400e+00 5.03260e-01
1.68800e+00 5.05927e-01
1.69200e+00 5.06996e-01
1.69600e+00 5.07328e-01
1.70000e+00 5.07560e-01
1.70400e+00 5.07971e-01
1.70800e+00 5.09071e-01
1.71200e+00 5.11990e-01
1.71600e+00 5.17071e-01
1.72000e+00 5.20453e-01
1.72400e+00 5.20956e-01
1.72800e+00 5.20965e-01
1.73200e+00 5.20965e-01
1.73600e+00 5.20965e-01
1.74000e+00 5.20965e-01
1.74400e+00 5.20966e-01
1.74800e+00 5.20967e-01
1.75200e+00 5.20970e-01
1.75600e+00 5.20986e-01
1.76000e+00 5.21073e-01
1.76400e+00 5.21517e-01
1.76800e+00 5.22957e-01
1.77200e+00 5.24280e-01
1.77600e+00 5.24328e-01
1.78000e+00 5.23243e-01
1.78400e+00 5.15277e-01
1.78800e+00 4.91446e-01
1.79200e+00 4.72203e-01
1.79600e+00 4.69640e-01
1.80000e+00 4.69776e-01
1.80400e+00 4.71037e-01
1.80800e+00 4.75458e-01
1.81200e+00 4.83446e-01
1.81600e+00 4.88807e-01
1.82000e+00 4.89628e-01
1.82400e+00 4.89644e-01
1.82800e+00 4.89644e-01
1.83200e+00 4.89644e-01
1.83600e+00 4.89644e-01
1.84000e+00 4.89644e-01
1.84400e+00 4.89644e-01
1.84800e+00 4.89644e-01
1.85200e+00 4.89644e-01
1.85600e+00 4.89644e-01
1.86000e+00 4.89644e-01
1.86400e+00 4.89644e-01
1.86800e+00 4.89644e-01
1.87200e+00 4.89644e-01
1.87600e+00 4.89644e-01
1.88000e+00 4.89644e-01
1.88400e+00 4.89645e-01
1.88800e+00 4.89646e-01
1.89200e+00 4.89651e-01
1.89600e+00 4.89670e-01
1.90000e+00 4.89737e-01
1.90400e+00 4.89974e-01
1.90800e+00 4.90794e-01
1.91200e+00 4.93247e-01
1.91600e+00 4.97883e-01
1.92000e+00 5.01019e-01
1.92400e+00 5.01372e-01
1.92800e+00 5.01259e-01
1.93200e+00 5.00217e-01
1.93600e+00 4.95552e-01
1.94000e+00 4.85651e-01
1.94400e+00 4.79169e-01
1.94800e+00 4.78339e-01
1.95200e+00 4.78328e-01
1.95600e+00 4.78332e-01
1.96000e+00 4.78353e-01
1.96400e+00 4.78430e-01
1.96800e+00 4.78645e-01
1.97200e+00 4.79179e-01
1.97600e+00 4.80463e-01
1.98000e+00 4.83556e-01
1.98400e+00 4.90525e-01
1.98800e+00 5.02532e-01
1.99200e+00 5.08745e-01
1.99600e+00 5.08887e-01
