0.00000e+00 5.28695e-01
4.00000e-03 5.28695e-01
8.00000e-03 5.28694e-01
1.20000e-02 5.28661e-01
1.60000e-02 5.28045e-01
2.00000e-02 5.20431e-01
2.40000e-02 4.77893e-01
2.80000e-02 4.21374e-01
3.20000e-02 4.08718e-01
3.60000e-02 4.08413e-01
4.00000e-02 4.08431e-01
4.40000e-02 4.08509e-01
4.80000e-02 4.08651e-01
5.20000e-02 4.08885e-01
5.60000e-02 4.09375e-01
6.00000e-02 4.10493e-01
6.40000e-02 4.12605e-01
6.80000e-02 4.15320e-01
7.20000e-02 4.17620e-01
7.60000e-02 4.19360e-01
8.00000e-02 4.21250e-01
8.40000e-02 4.24288e-01
8.80000e-02 4.29516e-01
9.20000e-02 4.36664e-01
9.60000e-02 4.42906e-01
1.00000e-01 4.46308e-01
1.04000e-01 4.48151e-01
1.08000e-01 4.49964e-01
1.12000e-01 4.52955e-01
1.16000e-01 4.58706e-01
1.20000e-01 4.69104e-01
1.24000e-01 4.83818e-01
1.28000e-01 4.95434e-01
1.32000e-01 4.98962e-01
1.36000e-01 4.99514e-01
1.40000e-01 4.99788e-01
1.44000e-01 5.00284e-01
1.48000e-01 5.01646e-01
1.52000e-01 5.05501e-01
1.56000e-01 5.15527e-01
1.60000e-01 5.33536e-01
1.64000e-01 5.44954e-01
1.68000e-01 5.45687e-01
1.72000e-01 5.42802e-01
1.76000e-01 5.22566e-01
1.80000e-01 4.85116e-01
1.84000e-01 4.71975e-01
1.88000e-01 4.71664e-01
1.92000e-01 4.72762e-01
1.96000e-01 4.77379e-01
2.00000e-01 4.86191e-01
2.04000e-01 4.93179e-01
2.08000e-01 4.95019e-01
2.12000e-01 4.95339e-01
2.16000e-01 4.95570e-01
2.20000e-01 4.96030e-01
2.24000e-01 4.97123e-01
2.28000e-01 4.99461e-01
2.32000e-01 5.03952e-01
2.36000e-01 5.12193e-01
2.40000e-01 5.26911e-01
2.44000e-01 5.47922e-01
2.48000e-01 5.62253e-01
2.52000e-01 5.64785e-01
2.56000e-01 5.64851e-01
2.60000e-01 5.64853e-01
2.64000e-01 5.64855e-01
2.68000e-01 5.64865e-01
2.72000e-01 5.64935e-01
2.76000e-01 5.65438e-01
2.80000e-01 5.68191e-01
2.84000e-01 5.73107e-01
2.88000e-01 5.73730e-01
2.92000e-01 5.68386e-01
2.96000e-01 5.28942e-01
3.00000e-01 4.70190e-01
3.04000e-01 4.56771e-01
3.08000e-01 4.56817e-01
3.12000e-01 4.58994e-01
3.16000e-01 4.66863e-01
3.20000e-01 4.85013e-01
3.24000e-01 5.06488e-01
3.28000e-01 5.11936e-01
3.32000e-01 5.10289e-01
3.36000e-01 4.93010e-01
3.40000e-01 4.49584e-01
3.44000e-01 4.28337e-01
3.48000e-01 4.27270e-01
3.52000e-01 4.28100e-01
3.56000e-01 4.31660e-01
3.60000e-01 4.38673e-01
3.64000e-01 4.47450e-01
3.68000e-01 4.55511e-01
3.72000e-01 4.61846e-01
3.76000e-01 4.66904e-01
3.80000e-01 4.71439e-01
3.84000e-01 4.75963e-01
3.88000e-01 4.80691e-01
3.92000e-01 4.85589e-01
3.96000e-01 4.90446e-01
4.00000e-01 4.94974e-01
4.04000e-01 4.98960e-01
4.08000e-01 5.02441e-01
4.12000e-01 5.05806e-01
4.16000e-01 5.09937e-01
4.20000e-01 5.16848e-01
4.24000e-01 5.30593e-01
4.28000e-01 5.50284e-01
4.32000e-01 5.58948e-01
4.36000e-01 5.58966e-01
4.40000e-01 5.53170e-01
4.44000e-01 5.22920e-01
4.48000e-01 4.84948e-01
4.52000e-01 4.76630e-01
4.56000e-01 4.76501e-01
4.60000e-01 4.76781e-01
4.64000e-01 4.78000e-01
4.68000e-01 4.80957e-01
4.72000e-01 4.86679e-01
4.76000e-01 4.96911e-01
4.80000e-01 5.12349e-01
4.84000e-01 5.25095e-01
4.88000e-01 5.28264e-01
4.92000e-01 5.28397e-01
4.96000e-01 5.28398e-01
5.00000e-01 5.28398e-01
5.04000e-01 5.28398e-01
5.08000e-01 5.28398e-01
5.12000e-01 5.28400e-01
5.16000e-01 5.28410e-01
5.20000e-01 5.28447e-01
5.24000e-01 5.28595e-01
5.28000e-01 5.29158e-01
5.32000e-01 5.31026e-01
5.36000e-01 5.35166e-01
5.40000e-01 5.38943e-01
5.44000e-01 5.39784e-01
5.48000e-01 5.39815e-01
5.52000e-01 5.39818e-01
5.56000e-01 5.39824e-01
5.60000e-01 5.39849e-01
5.64000e-01 5.39948e-01
5.68000e-01 5.40330e-01
5.72000e-01 5.41699e-01
5.76000e-01 5.45937e-01
5.80000e-01 5.54484e-01
5.84000e-01 5.61220e-01
5.88000e-01 5.62412e-01
5.92000e-01 5.62434e-01
5.96000e-01 5.62418e-01
6.00000e-01 5.62238e-01
6.04000e-01 5.60789e-01
6.08000e-01 5.52274e-01
6.12000e-01 5.28904e-01
6.16000e-01 5.11522e-01
6.20000e-01 5.09273e-01
6.24000e-01 5.09261e-01
6.28000e-01 5.09362e-01
6.32000e-01 5.09825e-01
6.36000e-01 5.11064e-01
6.40000e-01 5.13539e-01
6.44000e-01 5.17790e-01
6.48000e-01 5.25134e-01
6.52000e-01 5.38843e-01
6.56000e-01 5.60414e-01
6.60000e-01 5.74720e-01
6.64000e-01 5.76084e-01
6.68000e-01 5.73849e-01
6.72000e-01 5.50192e-01
6.76000e-01 4.87892e-01
6.80000e-01 4.57802e-01
6.84000e-01 4.55871e-01
6.88000e-01 4.55874e-01
6.92000e-01 4.55961e-01
6.96000e-01 4.56266e-01
7.00000e-01 4.56979e-01
7.04000e-01 4.58293e-01
7.08000e-01 4.60321e-01
7.12000e-01 4.62963e-01
7.16000e-01 4.65940e-01
7.20000e-01 4.69113e-01
7.24000e-01 4.72877e-01
7.28000e-01 4.78487e-01
7.32000e-01 4.88273e-01
7.36000e-01 5.01911e-01
7.40000e-01 5.09558e-01
7.44000e-01 5.10224e-01
7.48000e-01 5.09700e-01
7.52000e-01 5.04926e-01
7.56000e-01 4.86850e-01
7.60000e-01 4.65162e-01
7.64000e-01 4.59822e-01
7.68000e-01 4.59718e-01
7.72000e-01 4.59939e-01
7.76000e-01 4.60709e-01
7.80000e-01 4.61518e-01
7.84000e-01 4.61773e-01
7.88000e-01 4.61832e-01
7.92000e-01 4.61894e-01
7.96000e-01 4.62065e-01
8.00000e-01 4.62594e-01
8.04000e-01 4.64103e-01
8.08000e-01 4.67730e-01
8.12000e-01 4.73403e-01
8.16000e-01 4.76985e-01
8.20000e-01 4.77529e-01
8.24000e-01 4.77543e-01
8.28000e-01 4.77544e-01
8.32000e-01 4.77548e-01
8.36000e-01 4.77559e-01
8.40000e-01 4.77595e-01
8.44000e-01 4.77693e-01
8.48000e-01 4.77926e-01
8.52000e-01 4.78409e-01
8.56000e-01 4.79262e-01
8.60000e-01 4.80531e-01
8.64000e-01 4.82180e-01
8.68000e-01 4.84312e-01
8.72000e-01 4.87579e-01
8.76000e-01 4.93808e-01
8.80000e-01 5.05465e-01
8.84000e-01 5.17270e-01
8.88000e-01 5.20076e-01
8.92000e-01 5.19832e-01
8.96000e-01 5.16339e-01
9.00000e-01 5.00265e-01
9.04000e-01 4.74101e-01
9.08000e-01 4.60950e-01
9.12000e-01 4.56474e-01
9.16000e-01 4.51568e-01
9.20000e-01 4.42882e-01
9.24000e-01 4.35805e-01
9.28000e-01 4.34542e-01
9.32000e-01 4.34552e-01
9.36000e-01 4.34817e-01
9.40000e-01 4.35892e-01
9.44000e-01 4.38789e-01
9.48000e-01 4.45066e-01
9.52000e-01 4.55658e-01
9.56000e-01 4.65765e-01
9.60000e-01 4.68992e-01
9.64000e-01 4.69196e-01
9.68000e-01 4.69199e-01
9.72000e-01 4.69201e-01
9.76000e-01 4.69206e-01
9.80000e-01 4.69223e-01
9.84000e-01 4.69274e-01
9.88000e-01 4.69405e-01
9.92000e-01 4.69705e-01
9.96000e-01 4.70315e-01
1.00000e+00 4.71422e-01
1.00400e+00 4.73209e-01
1.00800e+00 4.75749e-01
1.01200e+00 4.78853e-01
1.01600e+00 4.82079e-01
1.02000e+00 4.85039e-01
1.02400e+00 4.87739e-01
1.02800e+00 4.90529e-01
1.03200e+00 4.93770e-01
1.03600e+00 4.97229e-01
1.04000e+00 4.99831e-01
1.04400e+00 5.01188e-01
1.04800e+00 5.02069e-01
1.05200e+00 5.03303e-01
1.05600e+00 5.05551e-01
1.06000e+00 5.07350e-01
1.06400e+00 5.07523e-01
1.06800e+00 5.07125e-01
1.07200e+00 5.03696e-01
1.07600e+00 4.89667e-01
1.08000e+00 4.68935e-01
1.08400e+00 4.61921e-01
1.08800e+00 4.61637e-01
1.09200e+00 4.61759e-01
1.09600e+00 4.62437e-01
1.10000e+00 4.64277e-01
1.10400e+00 4.67633e-01
1.10800e+00 4.72396e-01
1.11200e+00 4.78593e-01
1.11600e+00 4.87215e-01
1.12000e+00 4.99628e-01
1.12400e+00 5.12272e-01
1.12800e+00 5.17207e-01
1.13200e+00 5.17615e-01
1.13600e+00 5.17619e-01
1.14000e+00 5.17619e-01
1.14400e+00 5.17619e-01
1.14800e+00 5.17618e-01
1.15200e+00 5.17614e-01
1.15600e+00 5.17583e-01
1.16000e+00 5.17357e-01
1.16400e+00 5.15785e-01
1.16800e+00 5.07086e-01
1.17200e+00 4.82563e-01
1.17600e+00 4.62339e-01
1.18000e+00 4.59208e-01
1.18400e+00 4.59178e-01
1.18800e+00 4.59293e-01
1.19200e+00 4.59808e-01
1.19600e+00 4.61133e-01
1.20000e+00 4.63661e-01
1.20400e+00 4.67574e-01
1.20800e+00 4.72724e-01
1.21200e+00 4.78488e-01
1.21600e+00 4.83668e-01
1.22000e+00 4.87152e-01
1.22400e+00 4.89005e-01
1.22800e+00 4.90033e-01
1.23200e+00 4.90829e-01
1.23600e+00 4.91707e-01
1.24000e+00 4.92920e-01
1.24400e+00 4.94855e-01
1.24800e+00 4.98320e-01
1.25200e+00 5.05059e-01
1.25600e+00 5.17132e-01
1.26000e+00 5.30252e-01
1.26400e+00 5.35041e-01
1.26800e+00 5.35372e-01
1.27200e+00 5.35374e-01
1.27600e+00 5.35374e-01
1.28000e+00 5.35374e-01
1.28400e+00 5.35374e-01
1.28800e+00 5.35374e-01
1.29200e+00 5.35374e-01
1.29600e+00 5.35374e-01
1.30000e+00 5.35374e-01
1.30400e+00 5.35374e-01
1.30800e+00 5.35374e-01
1.31200e+00 5.35375e-01
1.31600e+00 5.35380e-01
1.32000e+00 5.35406e-01
1.32400e+00 5.35447e-01
1.32800e+00 5.35453e-01
1.33200e+00 5.35424e-01
1.33600e+00 5.35110e-01
1.34000e+00 5.32705e-01
1.34400e+00 5.20107e-01
1.34800e+00 4.92507e-01
1.35200e+00 4.77650e-01
1.35600e+00 4.76502e-01
1.36000e+00 4.76653e-01
1.36400e+00 4.77773e-01
1.36800e+00 4.81717e-01
1.37200e+00 4.90607e-01
1.37600e+00 5.00814e-01
1.38000e+00 5.04458e-01
1.38400e+00 5.04696e-01
1.38800e+00 5.04697e-01
1.39200e+00 5.04697e-01
1.39600e+00 5.04697e-01
1.40000e+00 5.04697e-01
1.40400e+00 5.04697e-01
1.40800e+00 5.04697e-01
1.41200e+00 5.04698e-01
1.41600e+00 5.04699e-01
1.42000e+00 5.04702e-01
1.42400e+00 5.04709e-01
1.42800e+00 5.04728e-01
1.43200e+00 5.04774e-01
1.43600e+00 5.04876e-01
1.44000e+00 5.05093e-01
1.44400e+00 5.05532e-01
1.44800e+00 5.06391e-01
1.45200e+00 5.08051e-01
1.45600e+00 5.11153e-01
1.46000e+00 5.16019e-01
1.46400e+00 5.20740e-01
1.46800e+00 5.22778e-01
1.47200e+00 5.23221e-01
1.47600e+00 5.23392e-01
1.48000e+00 5.23597e-01
1.48400e+00 5.24013e-01
1.48800e+00 5.24964e-01
1.49200e+00 5.27206e-01
1.49600e+00 5.32542e-01
1.50000e+00 5.44020e-01
1.50400e+00 5.59637e-01
1.50800e+00 5.67203e-01
1.51200e+00 5.67935e-01
1.51600e+00 5.67942e-01
1.52000e+00 5.67936e-01
1.52400e+00 5.67843e-01
1.52800e+00 5.66547e-01
1.53200e+00 5.52983e-01
1.53600e+00 4.96917e-01
1.54000e+00 4.48482e-01
1.54400e+00 4.42387e-01
1.54800e+00 4.42496e-01
1.55200e+00 4.43576e-01
1.55600e+00 4.46521e-01
1.56000e+00 4.51085e-01
1.56400e+00 4.55875e-01
1.56800e+00 4.59820e-01
1.57200e+00 4.62885e-01
1.57600e+00 4.65526e-01
1.58000e+00 4.68190e-01
1.58400e+00 4.71179e-01
1.58800e+00 4.74370e-01
1.59200e+00 4.76864e-01
1.59600e+00 4.77974e-01
1.60000e+00 4.78291e-01
1.60400e+00 4.78424e-01
1.60800e+00 4.78562e-01
1.61200e+00 4.78820e-01
1.61600e+00 4.79441e-01
1.62000e+00 4.81050e-01
1.62400e+00 4.84756e-01
1.62800e+00 4.90032e-01
1.63200e+00 4.92763e-01
1.63600e+00 4.93064e-01
1.64000e+00 4.93068e-01
1.64400e+00 4.93068e-01
1.64800e+00 4.93068e-01
1.65200e+00 4.93068e-01
1.65600e+00 4.93068e-01
1.66000e+00 4.93069e-01
1.66400e+00 4.93071e-01
1.66800e+00 4.93077e-01
1.67200e+00 4.93093e-01
1.67600e+00 4.93130e-01
1.68000e+00 4.93211e-01
1.68400e+00 4.93378e-01
1.68800e+00 4.93690e-01
1.69200e+00 4.94230e-01
1.69600e+00 4.95125e-01
1.70000e+00 4.96608e-01
1.70400e+00 4.99065e-01
1.70800e+00 5.02573e-01
1.71200e+00 5.05734e-01
1.71600e+00 5.07066e-01
1.72000e+00 5.07396e-01
1.72400e+00 5.07564e-01
1.72800e+00 5.07828e-01
1.73200e+00 5.08542e-01
1.73600e+00 5.10602e-01
1.74000e+00 5.15095e-01
1.74400e+00 5.19659e-01
1.74800e+00 5.20911e-01
1.75200e+00 5.20965e-01
1.75600e+00 5.20965e-01
1.76000e+00 5.20965e-01
1.76400e+00 5.20965e-01
1.76800e+00 5.20965e-01
1.77200e+00 5.20966e-01
1.77600e+00 5.20968e-01
1.78000e+00 5.20978e-01
1.78400e+00 5.21037e-01
1.78800e+00 5.21353e-01
1.79200e+00 5.22466e-01
1.79600e+00 5.23651e-01
1.80000e+00 5.23731e-01
1.80400e+00 5.22946e-01
1.80800e+00 5.16701e-01
1.81200e+00 4.95333e-01
1.81600e+00 4.74081e-01
1.82000e+00 4.70292e-01
1.82400e+00 4.70365e-01
1.82800e+00 4.71448e-01
1.83200e+00 4.75524e-01
1.83600e+00 4.83253e-01
1.84000e+00 4.88728e-01
1.84400e+00 4.89624e-01
1.84800e+00 4.89644e-01
1.85200e+00 4.89644e-01
1.85600e+00 4.89644e-01
1.86000e+00 4.89644e-01
1.86400e+00 4.89644e-01
1.86800e+00 4.89644e-01
1.87200e+00 4.89644e-01
1.87600e+00 4.89644e-01
1.88000e+00 4.89644e-01
1.88400e+00 4.89644e-01
1.88800e+00 4.89644e-01
1.89200e+00 4.89644e-01
1.89600e+00 4.89644e-01
1.90000e+00 4.89644e-01
1.90400e+00 4.89644e-01
1.90800e+00 4.89645e-01
1.91200e+00 4.89646e-01
1.91600e+00 4.89650e-01
1.92000e+00 4.89666e-01
1.92400e+00 4.89724e-01
1.92800e+00 4.89931e-01
1.93200e+00 4.90650e-01
1.93600e+00 4.92854e-01
1.94000e+00 4.97287e-01
1.94400e+00 5.00663e-01
1.94800e+00 5.01134e-01
1.95200e+00 5.01049e-01
1.95600e+00 5.00181e-01
1.96000e+00 4.96083e-01
1.96400e+00 4.86577e-01
1.96800e+00 4.79449e-01
1.97200e+00 4.78352e-01
1.97600e+00 4.78333e-01
1.98000e+00 4.78336e-01
1.98400e+00 4.78355e-01
1.98800e+00 4.78409e-01
1.99200e+00 4.79080e-01
1.99600e+00 4.79147e-01
