0.00000e+00 4.83524e-01
4.00000e-03 4.83524e-01
8.00000e-03 4.83525e-01
1.20000e-02 4.83549e-01
1.60000e-02 4.83800e-01
2.00000e-02 4.85473e-01
2.40000e-02 4.92559e-01
2.80000e-02 5.09667e-01
3.20000e-02 5.25154e-01
3.60000e-02 5.27590e-01
4.00000e-02 5.26551e-01
4.40000e-02 5.13275e-01
4.80000e-02 4.60248e-01
5.20000e-02 4.14754e-01
5.60000e-02 4.08535e-01
6.00000e-02 4.08460e-01
6.40000e-02 4.08485e-01
6.80000e-02 4.08588e-01
7.20000e-02 4.08823e-01
7.60000e-02 4.09303e-01
8.00000e-02 4.10282e-01
8.40000e-02 4.12059e-01
8.80000e-02 4.14537e-01
9.20000e-02 4.17004e-01
9.60000e-02 4.19008e-01
1.00000e-01 4.20890e-01
1.04000e-01 4.23377e-01
1.08000e-01 4.27357e-01
1.12000e-01 4.33340e-01
1.16000e-01 4.40098e-01
1.20000e-01 4.45016e-01
1.24000e-01 4.47578e-01
1.28000e-01 4.49209e-01
1.32000e-01 4.51067e-01
1.36000e-01 4.54188e-01
1.40000e-01 4.59975e-01
1.44000e-01 4.70148e-01
1.48000e-01 4.84494e-01
1.52000e-01 4.95900e-01
1.56000e-01 4.99270e-01
1.60000e-01 4.99707e-01
1.64000e-01 4.99883e-01
1.68000e-01 5.00188e-01
1.72000e-01 5.01035e-01
1.76000e-01 5.03503e-01
1.80000e-01 5.10361e-01
1.84000e-01 5.25455e-01
1.88000e-01 5.40524e-01
1.92000e-01 5.43254e-01
1.96000e-01 5.42035e-01
2.00000e-01 5.29743e-01
2.04000e-01 4.95160e-01
2.08000e-01 4.74371e-01
2.12000e-01 4.72855e-01
2.16000e-01 4.73468e-01
2.20000e-01 4.76916e-01
2.24000e-01 4.84923e-01
2.28000e-01 4.92739e-01
2.32000e-01 4.95167e-01
2.36000e-01 4.95495e-01
2.40000e-01 4.95652e-01
2.44000e-01 4.95940e-01
2.48000e-01 4.96654e-01
2.52000e-01 4.98258e-01
2.56000e-01 5.01404e-01
2.60000e-01 5.07099e-01
2.64000e-01 5.17295e-01
2.68000e-01 5.34645e-01
2.72000e-01 5.54946e-01
2.76000e-01 5.63998e-01
2.80000e-01 5.64843e-01
2.84000e-01 5.64853e-01
2.88000e-01 5.64854e-01
2.92000e-01 5.64857e-01
2.96000e-01 5.64875e-01
3.00000e-01 5.65032e-01
3.04000e-01 5.66164e-01
3.08000e-01 5.69442e-01
3.12000e-01 5.70559e-01
3.16000e-01 5.68407e-01
3.20000e-01 5.45022e-01
3.24000e-01 4.85733e-01
3.28000e-01 4.59613e-01
3.32000e-01 4.58665e-01
3.36000e-01 4.60227e-01
3.40000e-01 4.67605e-01
3.44000e-01 4.85638e-01
3.48000e-01 5.04378e-01
3.52000e-01 5.07581e-01
3.56000e-01 5.04979e-01
3.60000e-01 4.84128e-01
3.64000e-01 4.43713e-01
3.68000e-01 4.29035e-01
3.72000e-01 4.28665e-01
3.76000e-01 4.29746e-01
3.80000e-01 4.33751e-01
3.84000e-01 4.41140e-01
3.88000e-01 4.50015e-01
3.92000e-01 4.57843e-01
3.96000e-01 4.63737e-01
4.00000e-01 4.68289e-01
4.04000e-01 4.72331e-01
4.08000e-01 4.76409e-01
4.12000e-01 4.80766e-01
4.16000e-01 4.85394e-01
4.20000e-01 4.90091e-01
4.24000e-01 4.94539e-01
4.28000e-01 4.98450e-01
4.32000e-01 5.01756e-01
4.36000e-01 5.04722e-01
4.40000e-01 5.07992e-01
4.44000e-01 5.12934e-01
4.48000e-01 5.22681e-01
4.52000e-01 5.40407e-01
4.56000e-01 5.54726e-01
4.60000e-01 5.56488e-01
4.64000e-01 5.54598e-01
4.68000e-01 5.37727e-01
4.72000e-01 4.97562e-01
4.76000e-01 4.78066e-01
4.80000e-01 4.76829e-01
4.84000e-01 4.76947e-01
4.88000e-01 4.77721e-01
4.92000e-01 4.79997e-01
4.96000e-01 4.84797e-01
5.00000e-01 4.93731e-01
5.04000e-01 5.08277e-01
5.08000e-01 5.22935e-01
5.12000e-01 5.28049e-01
5.16000e-01 5.28395e-01
5.20000e-01 5.28398e-01
5.24000e-01 5.28398e-01
5.28000e-01 5.28398e-01
5.32000e-01 5.28398e-01
5.36000e-01 5.28399e-01
5.40000e-01 5.28403e-01
5.44000e-01 5.28418e-01
5.48000e-01 5.28480e-01
5.52000e-01 5.28724e-01
5.56000e-01 5.29624e-01
5.60000e-01 5.32314e-01
5.64000e-01 5.36890e-01
5.68000e-01 5.39509e-01
5.72000e-01 5.39814e-01
5.76000e-01 5.39821e-01
5.80000e-01 5.39823e-01
5.84000e-01 5.39830e-01
5.88000e-01 5.39861e-01
5.92000e-01 5.39984e-01
5.96000e-01 5.40451e-01
6.00000e-01 5.42111e-01
6.04000e-01 5.47044e-01
6.08000e-01 5.55942e-01
6.12000e-01 5.61658e-01
6.16000e-01 5.62406e-01
6.20000e-01 5.62412e-01
6.24000e-01 5.62371e-01
6.28000e-01 5.61959e-01
6.32000e-01 5.58917e-01
6.36000e-01 5.44675e-01
6.40000e-01 5.19798e-01
6.44000e-01 5.09889e-01
6.48000e-01 5.09338e-01
6.52000e-01 5.09360e-01
6.56000e-01 5.09543e-01
6.60000e-01 5.10196e-01
6.64000e-01 5.11731e-01
6.68000e-01 5.14566e-01
6.72000e-01 5.19390e-01
6.76000e-01 5.28249e-01
6.80000e-01 5.45246e-01
6.84000e-01 5.66343e-01
6.88000e-01 5.73295e-01
6.92000e-01 5.72781e-01
6.96000e-01 5.61200e-01
7.00000e-01 5.09211e-01
7.04000e-01 4.62426e-01
7.08000e-01 4.56012e-01
7.12000e-01 4.55948e-01
7.16000e-01 4.56019e-01
7.20000e-01 4.56331e-01
7.24000e-01 4.57097e-01
7.28000e-01 4.58508e-01
7.32000e-01 4.60632e-01
7.36000e-01 4.63311e-01
7.40000e-01 4.66244e-01
7.44000e-01 4.69326e-01
7.48000e-01 4.72991e-01
7.52000e-01 4.78513e-01
7.56000e-01 4.88203e-01
7.60000e-01 5.01575e-01
7.64000e-01 5.08877e-01
7.68000e-01 5.09483e-01
7.72000e-01 5.08973e-01
7.76000e-01 5.04375e-01
7.80000e-01 4.86912e-01
7.84000e-01 4.65545e-01
7.88000e-01 4.60088e-01
7.92000e-01 4.59962e-01
7.96000e-01 4.60134e-01
8.00000e-01 4.60777e-01
8.04000e-01 4.61526e-01
8.08000e-01 4.61805e-01
8.12000e-01 4.61880e-01
8.16000e-01 4.61957e-01
8.20000e-01 4.62159e-01
8.24000e-01 4.62781e-01
8.28000e-01 4.64536e-01
8.32000e-01 4.68593e-01
8.36000e-01 4.74275e-01
8.40000e-01 4.77206e-01
8.44000e-01 4.77539e-01
8.48000e-01 4.77545e-01
8.52000e-01 4.77547e-01
8.56000e-01 4.77549e-01
8.60000e-01 4.77560e-01
8.64000e-01 4.77592e-01
8.68000e-01 4.77680e-01
8.72000e-01 4.77891e-01
8.76000e-01 4.78331e-01
8.80000e-01 4.79116e-01
8.84000e-01 4.80300e-01
8.88000e-01 4.81849e-01
8.92000e-01 4.83849e-01
8.96000e-01 4.86878e-01
9.00000e-01 4.92602e-01
9.04000e-01 5.03514e-01
9.08000e-01 5.15522e-01
9.12000e-01 5.18970e-01
9.16000e-01 5.18878e-01
9.20000e-01 5.16587e-01
9.24000e-01 5.04692e-01
9.28000e-01 4.79799e-01
9.32000e-01 4.60825e-01
9.36000e-01 4.51882e-01
9.40000e-01 4.44478e-01
9.44000e-01 4.37429e-01
9.48000e-01 4.34824e-01
9.52000e-01 4.34683e-01
9.56000e-01 4.34763e-01
9.60000e-01 4.35256e-01
9.64000e-01 4.36850e-01
9.68000e-01 4.40741e-01
9.72000e-01 4.48572e-01
9.76000e-01 4.59923e-01
9.80000e-01 4.67693e-01
9.84000e-01 4.69155e-01
9.88000e-01 4.69200e-01
9.92000e-01 4.69202e-01
9.96000e-01 4.69203e-01
1.00000e+00 4.69209e-01
1.00400e+00 4.69226e-01
1.00800e+00 4.69277e-01
1.01200e+00 4.69408e-01
1.01600e+00 4.69702e-01
1.02000e+00 4.70297e-01
1.02400e+00 4.71378e-01
1.02800e+00 4.73133e-01
1.03200e+00 4.75645e-01
1.03600e+00 4.78745e-01
1.04000e+00 4.81985e-01
1.04400e+00 4.84953e-01
1.04800e+00 4.87632e-01
1.05200e+00 4.90362e-01
1.05600e+00 4.93517e-01
1.06000e+00 4.96932e-01
1.06400e+00 4.99602e-01
1.06800e+00 5.01074e-01
1.07200e+00 5.02054e-01
1.07600e+00 5.03378e-01
1.08000e+00 5.05557e-01
1.08400e+00 5.07027e-01
1.08800e+00 5.07123e-01
1.09200e+00 5.06704e-01
1.09600e+00 5.03288e-01
1.10000e+00 4.89498e-01
1.10400e+00 4.69102e-01
1.10800e+00 4.62134e-01
1.11200e+00 4.61842e-01
1.11600e+00 4.61949e-01
1.12000e+00 4.62561e-01
1.12400e+00 4.64252e-01
1.12800e+00 4.67397e-01
1.13200e+00 4.71937e-01
1.13600e+00 4.77896e-01
1.14000e+00 4.86207e-01
1.14400e+00 4.98344e-01
1.14800e+00 5.11405e-01
1.15200e+00 5.17068e-01
1.15600e+00 5.17612e-01
1.16000e+00 5.17619e-01
1.16400e+00 5.17619e-01
1.16800e+00 5.17619e-01
1.17200e+00 5.17618e-01
1.17600e+00 5.17614e-01
1.18000e+00 5.17585e-01
1.18400e+00 5.17367e-01
1.18800e+00 5.15852e-01
1.19200e+00 5.07411e-01
1.19600e+00 4.83178e-01
1.20000e+00 4.62628e-01
1.20400e+00 4.59327e-01
1.20800e+00 4.59291e-01
1.21200e+00 4.59404e-01
1.21600e+00 4.59913e-01
1.22000e+00 4.61233e-01
1.22400e+00 4.63760e-01
1.22800e+00 4.67689e-01
1.23200e+00 4.72912e-01
1.23600e+00 4.78846e-01
1.24000e+00 4.84202e-01
1.24400e+00 4.87687e-01
1.24800e+00 4.89385e-01
1.25200e+00 4.90240e-01
1.25600e+00 4.90876e-01
1.26000e+00 4.91583e-01
1.26400e+00 4.92570e-01
1.26800e+00 4.94126e-01
1.27200e+00 4.96841e-01
1.27600e+00 5.02041e-01
1.28000e+00 5.12007e-01
1.28400e+00 5.25980e-01
1.28800e+00 5.34216e-01
1.29200e+00 5.35353e-01
1.29600e+00 5.35374e-01
1.30000e+00 5.35374e-01
1.30400e+00 5.35374e-01
1.30800e+00 5.35374e-01
1.31200e+00 5.35374e-01
1.31600e+00 5.35374e-01
1.32000e+00 5.35374e-01
1.32400e+00 5.35374e-01
1.32800e+00 5.35374e-01
1.33200e+00 5.35374e-01
1.33600e+00 5.35374e-01
1.34000e+00 5.35378e-01
1.34400e+00 5.35395e-01
1.34800e+00 5.35426e-01
1.35200e+00 5.35432e-01
1.35600e+00 5.35415e-01
1.36000e+00 5.35219e-01
1.36400e+00 5.33665e-01
1.36800e+00 5.24561e-01
1.37200e+00 4.99039e-01
1.37600e+00 4.79456e-01
1.38000e+00 4.76938e-01
1.38400e+00 4.77016e-01
1.38800e+00 4.77860e-01
1.39200e+00 4.81159e-01
1.39600e+00 4.89229e-01
1.40000e+00 4.99745e-01
1.40400e+00 5.04305e-01
1.40800e+00 5.04694e-01
1.41200e+00 5.04697e-01
1.41600e+00 5.04697e-01
1.42000e+00 5.04697e-01
1.42400e+00 5.04697e-01
1.42800e+00 5.04697e-01
1.43200e+00 5.04697e-01
1.43600e+00 5.04697e-01
1.44000e+00 5.04698e-01
1.44400e+00 5.04700e-01
1.44800e+00 5.04705e-01
1.45200e+00 5.04717e-01
1.45600e+00 5.04748e-01
1.46000e+00 5.04817e-01
1.46400e+00 5.04966e-01
1.46800e+00 5.05272e-01
1.47200e+00 5.05880e-01
1.47600e+00 5.07079e-01
1.48000e+00 5.09463e-01
1.48400e+00 5.13829e-01
1.48800e+00 5.19392e-01
1.49200e+00 5.22627e-01
1.49600e+00 5.23302e-01
1.50000e+00 5.23429e-01
1.50400e+00 5.23529e-01
1.50800e+00 5.23725e-01
1.51200e+00 5.24193e-01
1.51600e+00 5.25318e-01
1.52000e+00 5.28021e-01
1.52400e+00 5.34450e-01
1.52800e+00 5.47494e-01
1.53200e+00 5.62348e-01
1.53600e+00 5.67611e-01
1.54000e+00 5.67933e-01
1.54400e+00 5.67931e-01
1.54800e+00 5.67873e-01
1.55200e+00 5.67009e-01
1.55600e+00 5.57270e-01
1.56000e+00 5.08302e-01
1.56400e+00 4.52978e-01
1.56800e+00 4.43278e-01
1.57200e+00 4.43284e-01
1.57600e+00 4.44268e-01
1.58000e+00 4.47231e-01
1.58400e+00 4.52027e-01
1.58800e+00 4.57051e-01
1.59200e+00 4.60983e-01
1.59600e+00 4.63845e-01
1.60000e+00 4.66256e-01
1.60400e+00 4.68790e-01
1.60800e+00 4.71826e-01
1.61200e+00 4.75130e-01
1.61600e+00 4.77442e-01
1.62000e+00 4.78225e-01
1.62400e+00 4.78396e-01
1.62800e+00 4.78476e-01
1.63200e+00 4.78582e-01
1.63600e+00 4.78811e-01
1.64000e+00 4.79402e-01
1.64400e+00 4.80974e-01
1.64800e+00 4.84647e-01
1.65200e+00 4.89951e-01
1.65600e+00 4.92747e-01
1.66000e+00 4.93063e-01
1.66400e+00 4.93068e-01
1.66800e+00 4.93068e-01
1.67200e+00 4.93068e-01
1.67600e+00 4.93068e-01
1.68000e+00 4.93068e-01
1.68400e+00 4.93068e-01
1.68800e+00 4.93070e-01
1.69200e+00 4.93075e-01
1.69600e+00 4.93086e-01
1.70000e+00 4.93115e-01
1.70400e+00 4.93178e-01
1.70800e+00 4.93310e-01
1.71200e+00 4.93562e-01
1.71600e+00 4.94006e-01
1.72000e+00 4.94756e-01
1.72400e+00 4.96032e-01
1.72800e+00 4.98262e-01
1.73200e+00 5.01787e-01
1.73600e+00 5.05433e-01
1.74000e+00 5.07118e-01
1.74400e+00 5.07470e-01
1.74800e+00 5.07592e-01
1.75200e+00 5.07758e-01
1.75600e+00 5.08206e-01
1.76000e+00 5.09584e-01
1.76400e+00 5.13138e-01
1.76800e+00 5.18289e-01
1.77200e+00 5.20738e-01
1.77600e+00 5.20963e-01
1.78000e+00 5.20965e-01
1.78400e+00 5.20965e-01
1.78800e+00 5.20965e-01
1.79200e+00 5.20965e-01
1.79600e+00 5.20966e-01
1.80000e+00 5.20967e-01
1.80400e+00 5.20974e-01
1.80800e+00 5.21014e-01
1.81200e+00 5.21241e-01
1.81600e+00 5.22097e-01
1.82000e+00 5.23121e-01
1.82400e+00 5.23219e-01
1.82800e+00 5.22644e-01
1.83200e+00 5.17756e-01
1.83600e+00 4.98956e-01
1.84000e+00 4.76291e-01
1.84400e+00 4.70999e-01
1.84800e+00 4.70991e-01
1.85200e+00 4.71895e-01
1.85600e+00 4.75588e-01
1.86000e+00 4.82998e-01
1.86400e+00 4.88616e-01
1.86800e+00 4.89619e-01
1.87200e+00 4.89644e-01
1.87600e+00 4.89644e-01
1.88000e+00 4.89644e-01
1.88400e+00 4.89644e-01
1.88800e+00 4.89644e-01
1.89200e+00 4.89644e-01
1.89600e+00 4.89644e-01
1.90000e+00 4.89644e-01
1.90400e+00 4.89644e-01
1.90800e+00 4.89644e-01
1.91200e+00 4.89644e-01
1.91600e+00 4.89644e-01
1.92000e+00 4.89644e-01
1.92400e+00 4.89644e-01
1.92800e+00 4.89644e-01
1.93200e+00 4.89645e-01
1.93600e+00 4.89646e-01
1.94000e+00 4.89650e-01
1.94400e+00 4.89663e-01
1.94800e+00 4.89713e-01
1.95200e+00 4.89893e-01
1.95600e+00 4.90524e-01
1.96000e+00 4.92501e-01
1.96400e+00 4.96710e-01
1.96800e+00 5.00293e-01
1.97200e+00 5.00899e-01
1.97600e+00 5.00837e-01
1.98000e+00 5.00116e-01
1.98400e+00 4.96531e-01
1.98800e+00 4.87500e-01
1.99200e+00 4.79528e-01
1.99600e+00 4.79253e-01
