0.00000e+00 5.85765e-01
4.00000e-03 5.85765e-01
8.00000e-03 5.85765e-01
1.20000e-02 5.85763e-01
1.60000e-02 5.85715e-01
2.00000e-02 5.84882e-01
2.40000e-02 5.75565e-01
2.80000e-02 5.33514e-01
3.20000e-02 4.90800e-01
3.60000e-02 4.84142e-01
4.00000e-02 4.84214e-01
4.40000e-02 4.85497e-01
4.80000e-02 4.90851e-01
5.20000e-02 5.04774e-01
5.60000e-02 5.21179e-01
6.00000e-02 5.24805e-01
6.40000e-02 5.23045e-01
6.80000e-02 5.02833e-01
7.20000e-02 4.44164e-01
7.60000e-02 4.11187e-01
8.00000e-02 4.08516e-01
8.40000e-02 4.08508e-01
8.80000e-02 4.08559e-01
9.20000e-02 4.08746e-01
9.60000e-02 4.09184e-01
1.00000e-01 4.10063e-01
1.04000e-01 4.11616e-01
1.08000e-01 4.13865e-01
1.12000e-01 4.16353e-01
1.16000e-01 4.18552e-01
1.20000e-01 4.20500e-01
1.24000e-01 4.22700e-01
1.28000e-01 4.25856e-01
1.32000e-01 4.30653e-01
1.36000e-01 4.36969e-01
1.40000e-01 4.42958e-01
1.44000e-01 4.46711e-01
1.48000e-01 4.48681e-01
1.52000e-01 4.50159e-01
1.56000e-01 4.52048e-01
1.60000e-01 4.55258e-01
1.64000e-01 4.61068e-01
1.68000e-01 4.71120e-01
1.72000e-01 4.85269e-01
1.76000e-01 4.96418e-01
1.80000e-01 4.99526e-01
1.84000e-01 4.99850e-01
1.88000e-01 4.99958e-01
1.92000e-01 5.00142e-01
1.96000e-01 5.00670e-01
2.00000e-01 5.02259e-01
2.04000e-01 5.06890e-01
2.08000e-01 5.18550e-01
2.12000e-01 5.34912e-01
2.16000e-01 5.40652e-01
2.20000e-01 5.40303e-01
2.24000e-01 5.33503e-01
2.28000e-01 5.05681e-01
2.32000e-01 4.78291e-01
2.36000e-01 4.74104e-01
2.40000e-01 4.74395e-01
2.44000e-01 4.76799e-01
2.48000e-01 4.83670e-01
2.52000e-01 4.92008e-01
2.56000e-01 4.95228e-01
2.60000e-01 4.95622e-01
2.64000e-01 4.95737e-01
2.68000e-01 4.95915e-01
2.72000e-01 4.96372e-01
2.76000e-01 4.97466e-01
2.80000e-01 4.99697e-01
2.84000e-01 5.03743e-01
2.88000e-01 5.10809e-01
2.92000e-01 5.23270e-01
2.96000e-01 5.42766e-01
3.00000e-01 5.60005e-01
3.04000e-01 5.64642e-01
3.08000e-01 5.64853e-01
3.12000e-01 5.64855e-01
3.16000e-01 5.64856e-01
3.20000e-01 5.64861e-01
3.24000e-01 5.64917e-01
3.28000e-01 5.65388e-01
3.32000e-01 5.67229e-01
3.36000e-01 5.68258e-01
3.40000e-01 5.67363e-01
3.44000e-01 5.54511e-01
3.48000e-01 5.03915e-01
3.52000e-01 4.64646e-01
3.56000e-01 4.60955e-01
3.60000e-01 4.62067e-01
3.64000e-01 4.68797e-01
3.68000e-01 4.86090e-01
3.72000e-01 5.01607e-01
3.76000e-01 5.03228e-01
3.80000e-01 4.99330e-01
3.84000e-01 4.75119e-01
3.88000e-01 4.39383e-01
3.92000e-01 4.30006e-01
3.96000e-01 4.29984e-01
4.00000e-01 4.31378e-01
4.04000e-01 4.35823e-01
4.08000e-01 4.43556e-01
4.12000e-01 4.52473e-01
4.16000e-01 4.60024e-01
4.20000e-01 4.65463e-01
4.24000e-01 4.69530e-01
4.28000e-01 4.73113e-01
4.32000e-01 4.76778e-01
4.36000e-01 4.80790e-01
4.40000e-01 4.85165e-01
4.44000e-01 4.89718e-01
4.48000e-01 4.94119e-01
4.52000e-01 4.98013e-01
4.56000e-01 5.01233e-01
4.60000e-01 5.03945e-01
4.64000e-01 5.06645e-01
4.68000e-01 5.10299e-01
4.72000e-01 5.17117e-01
4.76000e-01 5.31078e-01
4.80000e-01 5.48490e-01
4.84000e-01 5.53913e-01
4.88000e-01 5.53473e-01
4.92000e-01 5.45700e-01
4.96000e-01 5.13641e-01
5.00000e-01 4.82323e-01
5.04000e-01 4.77236e-01
5.08000e-01 4.77222e-01
5.12000e-01 4.77656e-01
5.16000e-01 4.79294e-01
5.20000e-01 4.83185e-01
5.24000e-01 4.90841e-01
5.28000e-01 5.04144e-01
5.32000e-01 5.20031e-01
5.36000e-01 5.27588e-01
5.40000e-01 5.28387e-01
5.44000e-01 5.28398e-01
5.48000e-01 5.28398e-01
5.52000e-01 5.28398e-01
5.56000e-01 5.28398e-01
5.60000e-01 5.28398e-01
5.64000e-01 5.28400e-01
5.68000e-01 5.28406e-01
5.72000e-01 5.28432e-01
5.76000e-01 5.28535e-01
5.80000e-01 5.28935e-01
5.84000e-01 5.30338e-01
5.88000e-01 5.33935e-01
5.92000e-01 5.38284e-01
5.96000e-01 5.39739e-01
6.00000e-01 5.39822e-01
6.04000e-01 5.39824e-01
6.08000e-01 5.39827e-01
6.12000e-01 5.39836e-01
6.16000e-01 5.39874e-01
6.20000e-01 5.40026e-01
6.24000e-01 5.40601e-01
6.28000e-01 5.42608e-01
6.32000e-01 5.48286e-01
6.36000e-01 5.57304e-01
6.40000e-01 5.61946e-01
6.44000e-01 5.62382e-01
6.48000e-01 5.62379e-01
6.52000e-01 5.62277e-01
6.56000e-01 5.61360e-01
6.60000e-01 5.55380e-01
6.64000e-01 5.34912e-01
6.68000e-01 5.13736e-01
6.72000e-01 5.09501e-01
6.76000e-01 5.09419e-01
6.80000e-01 5.09471e-01
6.84000e-01 5.09765e-01
6.88000e-01 5.10633e-01
6.92000e-01 5.12457e-01
6.96000e-01 5.15680e-01
7.00000e-01 5.21444e-01
7.04000e-01 5.33046e-01
7.08000e-01 5.53549e-01
7.12000e-01 5.68495e-01
7.16000e-01 5.69721e-01
7.20000e-01 5.65064e-01
7.24000e-01 5.29733e-01
7.28000e-01 4.72322e-01
7.32000e-01 4.56523e-01
7.36000e-01 4.56054e-01
7.40000e-01 4.56106e-01
7.44000e-01 4.56404e-01
7.48000e-01 4.57206e-01
7.52000e-01 4.58713e-01
7.56000e-01 4.60942e-01
7.60000e-01 4.63666e-01
7.64000e-01 4.66558e-01
7.68000e-01 4.69549e-01
7.72000e-01 4.73117e-01
7.76000e-01 4.78558e-01
7.80000e-01 4.88165e-01
7.84000e-01 5.01276e-01
7.88000e-01 5.08235e-01
7.92000e-01 5.08782e-01
7.96000e-01 5.08283e-01
8.00000e-01 5.03837e-01
8.04000e-01 4.86921e-01
8.08000e-01 4.65871e-01
8.12000e-01 4.60315e-01
8.16000e-01 4.60170e-01
8.20000e-01 4.60302e-01
8.24000e-01 4.60837e-01
8.28000e-01 4.61529e-01
8.32000e-01 4.61838e-01
8.36000e-01 4.61934e-01
8.40000e-01 4.62030e-01
8.44000e-01 4.62272e-01
8.48000e-01 4.63002e-01
8.52000e-01 4.65035e-01
8.56000e-01 4.69511e-01
8.60000e-01 4.75045e-01
8.64000e-01 4.77350e-01
8.68000e-01 4.77544e-01
8.72000e-01 4.77547e-01
8.76000e-01 4.77548e-01
8.80000e-01 4.77551e-01
8.84000e-01 4.77560e-01
8.88000e-01 4.77590e-01
8.92000e-01 4.77669e-01
8.96000e-01 4.77860e-01
9.00000e-01 4.78260e-01
9.04000e-01 4.78984e-01
9.08000e-01 4.80087e-01
9.12000e-01 4.81544e-01
9.16000e-01 4.83424e-01
9.20000e-01 4.86243e-01
9.24000e-01 4.91509e-01
9.28000e-01 5.01689e-01
9.32000e-01 5.13809e-01
9.36000e-01 5.17995e-01
9.40000e-01 5.18039e-01
9.44000e-01 5.16689e-01
9.48000e-01 5.08650e-01
9.52000e-01 4.86484e-01
9.56000e-01 4.60048e-01
9.60000e-01 4.43972e-01
9.64000e-01 4.36805e-01
9.68000e-01 4.34899e-01
9.72000e-01 4.34774e-01
9.76000e-01 4.34801e-01
9.80000e-01 4.35017e-01
9.84000e-01 4.35842e-01
9.88000e-01 4.38104e-01
9.92000e-01 4.43197e-01
9.96000e-01 4.52585e-01
1.00000e+00 4.63627e-01
1.00400e+00 4.68673e-01
1.00800e+00 4.69194e-01
1.01200e+00 4.69202e-01
1.01600e+00 4.69203e-01
1.02000e+00 4.69205e-01
1.02400e+00 4.69211e-01
1.02800e+00 4.69229e-01
1.03200e+00 4.69281e-01
1.03600e+00 4.69410e-01
1.04000e+00 4.69699e-01
1.04400e+00 4.70281e-01
1.04800e+00 4.71337e-01
1.05200e+00 4.73059e-01
1.05600e+00 4.75543e-01
1.06000e+00 4.78635e-01
1.06400e+00 4.81891e-01
1.06800e+00 4.84874e-01
1.07200e+00 4.87538e-01
1.07600e+00 4.90211e-01
1.08000e+00 4.93270e-01
1.08400e+00 4.96610e-01
1.08800e+00 4.99323e-01
1.09200e+00 5.00921e-01
1.09600e+00 5.02035e-01
1.10000e+00 5.03492e-01
1.10400e+00 5.05601e-01
1.10800e+00 5.06748e-01
1.11200e+00 5.06788e-01
1.11600e+00 5.06342e-01
1.12000e+00 5.02916e-01
1.12400e+00 4.89296e-01
1.12800e+00 4.69214e-01
1.13200e+00 4.62325e-01
1.13600e+00 4.62030e-01
1.14000e+00 4.62125e-01
1.14400e+00 4.62679e-01
1.14800e+00 4.64240e-01
1.15200e+00 4.67190e-01
1.15600e+00 4.71515e-01
1.16000e+00 4.77238e-01
1.16400e+00 4.85228e-01
1.16800e+00 4.97038e-01
1.17200e+00 5.10435e-01
1.17600e+00 5.16885e-01
1.18000e+00 5.17608e-01
1.18400e+00 5.17619e-01
1.18800e+00 5.17619e-01
1.19200e+00 5.17619e-01
1.19600e+00 5.17618e-01
1.20000e+00 5.17614e-01
1.20400e+00 5.17586e-01
1.20800e+00 5.17377e-01
1.21200e+00 5.15919e-01
1.21600e+00 5.07738e-01
1.22000e+00 4.83814e-01
1.22400e+00 4.62932e-01
1.22800e+00 4.59447e-01
1.23200e+00 4.59406e-01
1.23600e+00 4.59515e-01
1.24000e+00 4.60018e-01
1.24400e+00 4.61329e-01
1.24800e+00 4.63848e-01
1.25200e+00 4.67787e-01
1.25600e+00 4.73090e-01
1.26000e+00 4.79222e-01
1.26400e+00 4.84787e-01
1.26800e+00 4.88256e-01
1.27200e+00 4.89768e-01
1.27600e+00 4.90445e-01
1.28000e+00 4.90933e-01
1.28400e+00 4.91489e-01
1.28800e+00 4.92287e-01
1.29200e+00 4.93549e-01
1.29600e+00 4.95701e-01
1.30000e+00 4.99717e-01
1.30400e+00 5.07603e-01
1.30800e+00 5.20762e-01
1.31200e+00 5.32310e-01
1.31600e+00 5.35251e-01
1.32000e+00 5.35374e-01
1.32400e+00 5.35374e-01
1.32800e+00 5.35374e-01
1.33200e+00 5.35374e-01
1.33600e+00 5.35374e-01
1.34000e+00 5.35374e-01
1.34400e+00 5.35374e-01
1.34800e+00 5.35374e-01
1.35200e+00 5.35374e-01
1.35600e+00 5.35374e-01
1.36000e+00 5.35374e-01
1.36400e+00 5.35376e-01
1.36800e+00 5.35388e-01
1.37200e+00 5.35411e-01
1.37600e+00 5.35417e-01
1.38000e+00 5.35407e-01
1.38400e+00 5.35285e-01
1.38800e+00 5.34294e-01
1.39200e+00 5.27960e-01
1.39600e+00 5.05903e-01
1.40000e+00 4.82256e-01
1.40400e+00 4.77444e-01
1.40800e+00 4.77425e-01
1.41200e+00 4.78031e-01
1.41600e+00 4.80729e-01
1.42000e+00 4.87911e-01
1.42400e+00 4.98499e-01
1.42800e+00 5.04069e-01
1.43200e+00 5.04689e-01
1.43600e+00 5.04697e-01
1.44000e+00 5.04697e-01
1.44400e+00 5.04697e-01
1.44800e+00 5.04697e-01
1.45200e+00 5.04697e-01
1.45600e+00 5.04697e-01
1.46000e+00 5.04697e-01
1.46400e+00 5.04698e-01
1.46800e+00 5.04699e-01
1.47200e+00 5.04702e-01
1.47600e+00 5.04710e-01
1.48000e+00 5.04730e-01
1.48400e+00 5.04777e-01
1.48800e+00 5.04879e-01
1.49200e+00 5.05091e-01
1.49600e+00 5.05517e-01
1.50000e+00 5.06367e-01
1.50400e+00 5.08124e-01
1.50800e+00 5.11711e-01
1.51200e+00 5.17466e-01
1.51600e+00 5.22124e-01
1.52000e+00 5.23347e-01
1.52400e+00 5.23476e-01
1.52800e+00 5.23526e-01
1.53200e+00 5.23611e-01
1.53600e+00 5.23828e-01
1.54000e+00 5.24380e-01
1.54400e+00 5.25729e-01
1.54800e+00 5.29003e-01
1.55200e+00 5.36712e-01
1.55600e+00 5.51140e-01
1.56000e+00 5.64459e-01
1.56400e+00 5.67793e-01
1.56800e+00 5.67907e-01
1.57200e+00 5.67876e-01
1.57600e+00 5.67318e-01
1.58000e+00 5.60528e-01
1.58400e+00 5.19575e-01
1.58800e+00 4.59077e-01
1.59200e+00 4.44362e-01
1.59600e+00 4.44171e-01
1.60000e+00 4.45020e-01
1.60400e+00 4.47933e-01
1.60800e+00 4.52913e-01
1.61200e+00 4.58172e-01
1.61600e+00 4.62091e-01
1.62000e+00 4.64746e-01
1.62400e+00 4.66943e-01
1.62800e+00 4.69384e-01
1.63200e+00 4.72531e-01
1.63600e+00 4.75928e-01
1.64000e+00 4.77916e-01
1.64400e+00 4.78383e-01
1.64800e+00 4.78462e-01
1.65200e+00 4.78510e-01
1.65600e+00 4.78593e-01
1.66000e+00 4.78799e-01
1.66400e+00 4.79361e-01
1.66800e+00 4.80895e-01
1.67200e+00 4.84529e-01
1.67600e+00 4.89857e-01
1.68000e+00 4.92729e-01
1.68400e+00 4.93063e-01
1.68800e+00 4.93068e-01
1.69200e+00 4.93068e-01
1.69600e+00 4.93068e-01
1.70000e+00 4.93068e-01
1.70400e+00 4.93068e-01
1.70800e+00 4.93068e-01
1.71200e+00 4.93069e-01
1.71600e+00 4.93073e-01
1.72000e+00 4.93082e-01
1.72400e+00 4.93103e-01
1.72800e+00 4.93152e-01
1.73200e+00 4.93256e-01
1.73600e+00 4.93458e-01
1.74000e+00 4.93821e-01
1.74400e+00 4.94442e-01
1.74800e+00 4.95524e-01
1.75200e+00 4.97504e-01
1.75600e+00 5.00934e-01
1.76000e+00 5.05003e-01
1.76400e+00 5.07132e-01
1.76800e+00 5.07539e-01
1.77200e+00 5.07631e-01
1.77600e+00 5.07732e-01
1.78000e+00 5.08006e-01
1.78400e+00 5.08889e-01
1.78800e+00 5.11465e-01
1.79200e+00 5.16423e-01
1.79600e+00 5.20252e-01
1.80000e+00 5.20948e-01
1.80400e+00 5.20965e-01
1.80800e+00 5.20965e-01
1.81200e+00 5.20965e-01
1.81600e+00 5.20965e-01
1.82000e+00 5.20966e-01
1.82400e+00 5.20966e-01
1.82800e+00 5.20971e-01
1.83200e+00 5.20999e-01
1.83600e+00 5.21164e-01
1.84000e+00 5.21821e-01
1.84400e+00 5.22683e-01
1.84800e+00 5.22787e-01
1.85200e+00 5.22361e-01
1.85600e+00 5.18537e-01
1.86000e+00 5.02258e-01
1.86400e+00 4.78806e-01
1.86800e+00 4.71774e-01
1.87200e+00 4.71651e-01
1.87600e+00 4.72375e-01
1.88000e+00 4.75662e-01
1.88400e+00 4.82693e-01
1.88800e+00 4.88467e-01
1.89200e+00 4.89612e-01
1.89600e+00 4.89644e-01
1.90000e+00 4.89644e-01
1.90400e+00 4.89644e-01
1.90800e+00 4.89644e-01
1.91200e+00 4.89644e-01
1.91600e+00 4.89644e-01
1.92000e+00 4.89644e-01
1.92400e+00 4.89644e-01
1.92800e+00 4.89644e-01
1.93200e+00 4.89644e-01
1.93600e+00 4.89644e-01
1.94000e+00 4.89644e-01
1.94400e+00 4.89644e-01
1.94800e+00 4.89644e-01
1.95200e+00 4.89644e-01
1.95600e+00 4.89645e-01
1.96000e+00 4.89645e-01
1.96400e+00 4.89649e-01
1.96800e+00 4.89661e-01
1.97200e+00 4.89704e-01
1.97600e+00 4.89861e-01
1.98000e+00 4.90416e-01
1.98400e+00 4.92166e-01
1.98800e+00 4.96324e-01
1.99200e+00 4.99913e-01
1.99600e+00 5.00039e-01
