0.00000e+00 5.29837e-01
4.00000e-03 5.29837e-01
8.00000e-03 5.29838e-01
1.20000e-02 5.29843e-01
1.60000e-02 5.29915e-01
2.00000e-02 5.30540e-01
2.40000e-02 5.34089e-01
2.80000e-02 5.46841e-01
3.20000e-02 5.70364e-01
3.60000e-02 5.84175e-01
4.00000e-02 5.85540e-01
4.40000e-02 5.85384e-01
4.80000e-02 5.82631e-01
5.20000e-02 5.61273e-01
5.60000e-02 5.10020e-01
6.00000e-02 4.86279e-01
6.40000e-02 4.85093e-01
6.80000e-02 4.85726e-01
7.20000e-02 4.89631e-01
7.60000e-02 5.01685e-01
8.00000e-02 5.17310e-01
8.40000e-02 5.20533e-01
8.80000e-02 5.17389e-01
9.20000e-02 4.88945e-01
9.60000e-02 4.30975e-01
1.00000e-01 4.09574e-01
1.04000e-01 4.08562e-01
1.08000e-01 4.08577e-01
1.12000e-01 4.08695e-01
1.16000e-01 4.09054e-01
1.20000e-01 4.09831e-01
1.24000e-01 4.11217e-01
1.28000e-01 4.13275e-01
1.32000e-01 4.15714e-01
1.36000e-01 4.18036e-01
1.40000e-01 4.20077e-01
1.44000e-01 4.22140e-01
1.48000e-01 4.24772e-01
1.52000e-01 4.28611e-01
1.56000e-01 4.34036e-01
1.60000e-01 4.40278e-01
1.64000e-01 4.45285e-01
1.68000e-01 4.48077e-01
1.72000e-01 4.49630e-01
1.76000e-01 4.50999e-01
1.80000e-01 4.52914e-01
1.84000e-01 4.56194e-01
1.88000e-01 4.62037e-01
1.92000e-01 4.72060e-01
1.96000e-01 4.86122e-01
2.00000e-01 4.96940e-01
2.04000e-01 4.99719e-01
2.08000e-01 4.99948e-01
2.12000e-01 5.00012e-01
2.16000e-01 5.00122e-01
2.20000e-01 5.00451e-01
2.24000e-01 5.01479e-01
2.28000e-01 5.04595e-01
2.32000e-01 5.13190e-01
2.36000e-01 5.28731e-01
2.40000e-01 5.37767e-01
2.44000e-01 5.38120e-01
2.48000e-01 5.34709e-01
2.52000e-01 5.14806e-01
2.56000e-01 4.84157e-01
2.60000e-01 4.75512e-01
2.64000e-01 4.75481e-01
2.68000e-01 4.77022e-01
2.72000e-01 4.82573e-01
2.76000e-01 4.90986e-01
2.80000e-01 4.95168e-01
2.84000e-01 4.95723e-01
2.88000e-01 4.95814e-01
2.92000e-01 4.95925e-01
2.96000e-01 4.96213e-01
3.00000e-01 4.96948e-01
3.04000e-01 4.98532e-01
3.08000e-01 5.01471e-01
3.12000e-01 5.06509e-01
3.16000e-01 5.15172e-01
3.20000e-01 5.30147e-01
3.24000e-01 5.50473e-01
3.28000e-01 5.62945e-01
3.32000e-01 5.64816e-01
3.36000e-01 5.64855e-01
3.40000e-01 5.64856e-01
3.44000e-01 5.64858e-01
3.48000e-01 5.64880e-01
3.52000e-01 5.65087e-01
3.56000e-01 5.66058e-01
3.60000e-01 5.66785e-01
3.64000e-01 5.66400e-01
3.68000e-01 5.59570e-01
3.72000e-01 5.21509e-01
3.76000e-01 4.72932e-01
3.80000e-01 4.63811e-01
3.84000e-01 4.64518e-01
3.88000e-01 4.70402e-01
3.92000e-01 4.86196e-01
3.96000e-01 4.98280e-01
4.00000e-01 4.98853e-01
4.04000e-01 4.93209e-01
4.08000e-01 4.66382e-01
4.12000e-01 4.36558e-01
4.16000e-01 4.31083e-01
4.20000e-01 4.31260e-01
4.24000e-01 4.32983e-01
4.28000e-01 4.37875e-01
4.32000e-01 4.45921e-01
4.36000e-01 4.54832e-01
4.40000e-01 4.62065e-01
4.44000e-01 4.67040e-01
4.48000e-01 4.70640e-01
4.52000e-01 4.73797e-01
4.56000e-01 4.77081e-01
4.60000e-01 4.80769e-01
4.64000e-01 4.84902e-01
4.68000e-01 4.89321e-01
4.72000e-01 4.93695e-01
4.76000e-01 4.97618e-01
4.80000e-01 5.00823e-01
4.84000e-01 5.03384e-01
4.88000e-01 5.05702e-01
4.92000e-01 5.08503e-01
4.96000e-01 5.13314e-01
5.00000e-01 5.23530e-01
5.04000e-01 5.40626e-01
5.08000e-01 5.50868e-01
5.12000e-01 5.51417e-01
5.16000e-01 5.48405e-01
5.20000e-01 5.28014e-01
5.24000e-01 4.91168e-01
5.28000e-01 4.78080e-01
5.32000e-01 4.77567e-01
5.36000e-01 4.77767e-01
5.40000e-01 4.78857e-01
5.44000e-01 4.81880e-01
5.48000e-01 4.88284e-01
5.52000e-01 5.00113e-01
5.56000e-01 5.16416e-01
5.60000e-01 5.26706e-01
5.64000e-01 5.28360e-01
5.68000e-01 5.28398e-01
5.72000e-01 5.28398e-01
5.76000e-01 5.28398e-01
5.80000e-01 5.28398e-01
5.84000e-01 5.28398e-01
5.88000e-01 5.28399e-01
5.92000e-01 5.28401e-01
5.96000e-01 5.28412e-01
6.00000e-01 5.28455e-01
6.04000e-01 5.28627e-01
6.08000e-01 5.29276e-01
6.12000e-01 5.31378e-01
6.16000e-01 5.35720e-01
6.20000e-01 5.39179e-01
6.24000e-01 5.39809e-01
6.28000e-01 5.39826e-01
6.32000e-01 5.39827e-01
6.36000e-01 5.39830e-01
6.40000e-01 5.39841e-01
6.44000e-01 5.39889e-01
6.48000e-01 5.40078e-01
6.52000e-01 5.40785e-01
6.56000e-01 5.43206e-01
6.60000e-01 5.49655e-01
6.64000e-01 5.58521e-01
6.68000e-01 5.62110e-01
6.72000e-01 5.62342e-01
6.76000e-01 5.62325e-01
6.80000e-01 5.62084e-01
6.84000e-01 5.60113e-01
6.88000e-01 5.49421e-01
6.92000e-01 5.24923e-01
6.96000e-01 5.10803e-01
7.00000e-01 5.09495e-01
7.04000e-01 5.09498e-01
7.08000e-01 5.09603e-01
7.12000e-01 5.10033e-01
7.16000e-01 5.11121e-01
7.20000e-01 5.13234e-01
7.24000e-01 5.17046e-01
7.28000e-01 5.24696e-01
7.32000e-01 5.40715e-01
7.36000e-01 5.60469e-01
7.40000e-01 5.65749e-01
7.44000e-01 5.64161e-01
7.48000e-01 5.44101e-01
7.52000e-01 4.87667e-01
7.56000e-01 4.58250e-01
7.60000e-01 4.56202e-01
7.64000e-01 4.56231e-01
7.68000e-01 4.56495e-01
7.72000e-01 4.57306e-01
7.76000e-01 4.58898e-01
7.80000e-01 4.61243e-01
7.84000e-01 4.64026e-01
7.88000e-01 4.66883e-01
7.92000e-01 4.69784e-01
7.96000e-01 4.73256e-01
8.00000e-01 4.78622e-01
8.04000e-01 4.88154e-01
8.08000e-01 5.01009e-01
8.12000e-01 5.07626e-01
8.16000e-01 5.08116e-01
8.20000e-01 5.07626e-01
8.24000e-01 5.03310e-01
8.28000e-01 4.86881e-01
8.32000e-01 4.66140e-01
8.36000e-01 4.60508e-01
8.40000e-01 4.60345e-01
8.44000e-01 4.60447e-01
8.48000e-01 4.60890e-01
8.52000e-01 4.61528e-01
8.56000e-01 4.61868e-01
8.60000e-01 4.61993e-01
8.64000e-01 4.62115e-01
8.68000e-01 4.62405e-01
8.72000e-01 4.63264e-01
8.76000e-01 4.65605e-01
8.80000e-01 4.70463e-01
8.84000e-01 4.75698e-01
8.88000e-01 4.77440e-01
8.92000e-01 4.77547e-01
8.96000e-01 4.77549e-01
9.00000e-01 4.77549e-01
9.04000e-01 4.77552e-01
9.08000e-01 4.77560e-01
9.12000e-01 4.77587e-01
9.16000e-01 4.77659e-01
9.20000e-01 4.77832e-01
9.24000e-01 4.78197e-01
9.28000e-01 4.78863e-01
9.32000e-01 4.79890e-01
9.36000e-01 4.81261e-01
9.40000e-01 4.83034e-01
9.44000e-01 4.85663e-01
9.48000e-01 4.90507e-01
9.52000e-01 4.99956e-01
9.56000e-01 5.12099e-01
9.60000e-01 5.17141e-01
9.64000e-01 5.17343e-01
9.68000e-01 5.16630e-01
9.72000e-01 5.11291e-01
9.76000e-01 4.90057e-01
9.80000e-01 4.53911e-01
9.84000e-01 4.36468e-01
9.88000e-01 4.34816e-01
9.92000e-01 4.34802e-01
9.96000e-01 4.34819e-01
1.00000e+00 4.34930e-01
1.00400e+00 4.35363e-01
1.00800e+00 4.36636e-01
1.01200e+00 4.39731e-01
1.01600e+00 4.46222e-01
1.02000e+00 4.56860e-01
1.02400e+00 4.66356e-01
1.02800e+00 4.69059e-01
1.03200e+00 4.69202e-01
1.03600e+00 4.69204e-01
1.04000e+00 4.69204e-01
1.04400e+00 4.69206e-01
1.04800e+00 4.69212e-01
1.05200e+00 4.69231e-01
1.05600e+00 4.69283e-01
1.06000e+00 4.69412e-01
1.06400e+00 4.69696e-01
1.06800e+00 4.70265e-01
1.07200e+00 4.71299e-01
1.07600e+00 4.72988e-01
1.08000e+00 4.75442e-01
1.08400e+00 4.78525e-01
1.08800e+00 4.81797e-01
1.09200e+00 4.84799e-01
1.09600e+00 4.87456e-01
1.10000e+00 4.90076e-01
1.10400e+00 4.93032e-01
1.10800e+00 4.96266e-01
1.11200e+00 4.98989e-01
1.11600e+00 5.00720e-01
1.12000e+00 5.02014e-01
1.12400e+00 5.03655e-01
1.12800e+00 5.05675e-01
1.13200e+00 5.06511e-01
1.13600e+00 5.06514e-01
1.14000e+00 5.06034e-01
1.14400e+00 5.02579e-01
1.14800e+00 4.89066e-01
1.15200e+00 4.69277e-01
1.15600e+00 4.62497e-01
1.16000e+00 4.62203e-01
1.16400e+00 4.62288e-01
1.16800e+00 4.62793e-01
1.17200e+00 4.64236e-01
1.17600e+00 4.67008e-01
1.18000e+00 4.71128e-01
1.18400e+00 4.76618e-01
1.18800e+00 4.84283e-01
1.19200e+00 4.95723e-01
1.19600e+00 5.09361e-01
1.20000e+00 5.16649e-01
1.20400e+00 5.17602e-01
1.20800e+00 5.17619e-01
1.21200e+00 5.17619e-01
1.21600e+00 5.17619e-01
1.22000e+00 5.17618e-01
1.22400e+00 5.17615e-01
1.22800e+00 5.17587e-01
1.23200e+00 5.17386e-01
1.23600e+00 5.15985e-01
1.24000e+00 5.08067e-01
1.24400e+00 4.84469e-01
1.24800e+00 4.63253e-01
1.25200e+00 4.59569e-01
1.25600e+00 4.59521e-01
1.26000e+00 4.59627e-01
1.26400e+00 4.60122e-01
1.26800e+00 4.61420e-01
1.27200e+00 4.63924e-01
1.27600e+00 4.67868e-01
1.28000e+00 4.73259e-01
1.28400e+00 4.79632e-01
1.28800e+00 4.85442e-01
1.29200e+00 4.88855e-01
1.29600e+00 4.90137e-01
1.30000e+00 4.90635e-01
1.30400e+00 4.90989e-01
1.30800e+00 4.91415e-01
1.31200e+00 4.92056e-01
1.31600e+00 4.93084e-01
1.32000e+00 4.94810e-01
1.32400e+00 4.97938e-01
1.32800e+00 5.04051e-01
1.33200e+00 5.15371e-01
1.33600e+00 5.28951e-01
1.34000e+00 5.34848e-01
1.34400e+00 5.35369e-01
1.34800e+00 5.35374e-01
1.35200e+00 5.35374e-01
1.35600e+00 5.35374e-01
1.36000e+00 5.35374e-01
1.36400e+00 5.35374e-01
1.36800e+00 5.35374e-01
1.37200e+00 5.35374e-01
1.37600e+00 5.35374e-01
1.38000e+00 5.35374e-01
1.38400e+00 5.35374e-01
1.38800e+00 5.35375e-01
1.39200e+00 5.35383e-01
1.39600e+00 5.35400e-01
1.40000e+00 5.35405e-01
1.40400e+00 5.35399e-01
1.40800e+00 5.35325e-01
1.41200e+00 5.34699e-01
1.41600e+00 5.30431e-01
1.42000e+00 5.12531e-01
1.42400e+00 4.86273e-01
1.42800e+00 4.78103e-01
1.43200e+00 4.77878e-01
1.43600e+00 4.78281e-01
1.44000e+00 4.80433e-01
1.44400e+00 4.86689e-01
1.44800e+00 4.97093e-01
1.45200e+00 5.03716e-01
1.45600e+00 5.04679e-01
1.46000e+00 5.04697e-01
1.46400e+00 5.04697e-01
1.46800e+00 5.04697e-01
1.47200e+00 5.04697e-01
1.47600e+00 5.04697e-01
1.48000e+00 5.04697e-01
1.48400e+00 5.04697e-01
1.48800e+00 5.04698e-01
1.49200e+00 5.04698e-01
1.49600e+00 5.04700e-01
1.50000e+00 5.04706e-01
1.50400e+00 5.04719e-01
1.50800e+00 5.04750e-01
1.51200e+00 5.04819e-01
1.51600e+00 5.04966e-01
1.52000e+00 5.05262e-01
1.52400e+00 5.05858e-01
1.52800e+00 5.07117e-01
1.53200e+00 5.09880e-01
1.53600e+00 5.15180e-01
1.54000e+00 5.21057e-01
1.54400e+00 5.23294e-01
1.54800e+00 5.23512e-01
1.55200e+00 5.23542e-01
1.55600e+00 5.23577e-01
1.56000e+00 5.23670e-01
1.56400e+00 5.23928e-01
1.56800e+00 5.24591e-01
1.57200e+00 5.26221e-01
1.57600e+00 5.30196e-01
1.58000e+00 5.39367e-01
1.58400e+00 5.54811e-01
1.58800e+00 5.65952e-01
1.59200e+00 5.67805e-01
1.59600e+00 5.67818e-01
1.60000e+00 5.67484e-01
1.60400e+00 5.62909e-01
1.60800e+00 5.30200e-01
1.61200e+00 4.67014e-01
1.61600e+00 4.45765e-01
1.62000e+00 4.45151e-01
1.62400e+00 4.45845e-01
1.62800e+00 4.48631e-01
1.63200e+00 4.53736e-01
1.63600e+00 4.59222e-01
1.64000e+00 4.63127e-01
1.64400e+00 4.65586e-01
1.64800e+00 4.67603e-01
1.65200e+00 4.70011e-01
1.65600e+00 4.73326e-01
1.66000e+00 4.76706e-01
1.66400e+00 4.78236e-01
1.66800e+00 4.78466e-01
1.67200e+00 4.78501e-01
1.67600e+00 4.78531e-01
1.68000e+00 4.78598e-01
1.68400e+00 4.78786e-01
1.68800e+00 4.79322e-01
1.69200e+00 4.80816e-01
1.69600e+00 4.84404e-01
1.70000e+00 4.89752e-01
1.70400e+00 4.92707e-01
1.70800e+00 4.93062e-01
1.71200e+00 4.93068e-01
1.71600e+00 4.93068e-01
1.72000e+00 4.93068e-01
1.72400e+00 4.93068e-01
1.72800e+00 4.93068e-01
1.73200e+00 4.93068e-01
1.73600e+00 4.93069e-01
1.74000e+00 4.93072e-01
1.74400e+00 4.93078e-01
1.74800e+00 4.93095e-01
1.75200e+00 4.93132e-01
1.75600e+00 4.93214e-01
1.76000e+00 4.93375e-01
1.76400e+00 4.93668e-01
1.76800e+00 4.94178e-01
1.77200e+00 4.95085e-01
1.77600e+00 4.96812e-01
1.78000e+00 5.00051e-01
1.78400e+00 5.04431e-01
1.78800e+00 5.07084e-01
1.79200e+00 5.07595e-01
1.79600e+00 5.07669e-01
1.80000e+00 5.07732e-01
1.80400e+00 5.07894e-01
1.80800e+00 5.08443e-01
1.81200e+00 5.10191e-01
1.81600e+00 5.14362e-01
1.82000e+00 5.19239e-01
1.82400e+00 5.20873e-01
1.82800e+00 5.20965e-01
1.83200e+00 5.20965e-01
1.83600e+00 5.20965e-01
1.84000e+00 5.20965e-01
1.84400e+00 5.20965e-01
1.84800e+00 5.20966e-01
1.85200e+00 5.20969e-01
1.85600e+00 5.20990e-01
1.86000e+00 5.21111e-01
1.86400e+00 5.21615e-01
1.86800e+00 5.22327e-01
1.87200e+00 5.22427e-01
1.87600e+00 5.22109e-01
1.88000e+00 5.19118e-01
1.88400e+00 5.05217e-01
1.88800e+00 4.81590e-01
1.89200e+00 4.72638e-01
1.89600e+00 4.72326e-01
1.90000e+00 4.72889e-01
1.90400e+00 4.75757e-01
1.90800e+00 4.82351e-01
1.91200e+00 4.88277e-01
1.91600e+00 4.89600e-01
1.92000e+00 4.89644e-01
1.92400e+00 4.89644e-01
1.92800e+00 4.89644e-01
1.93200e+00 4.89644e-01
1.93600e+00 4.89644e-01
1.94000e+00 4.89644e-01
1.94400e+00 4.89644e-01
1.94800e+00 4.89644e-01
1.95200e+00 4.89644e-01
1.95600e+00 4.89644e-01
1.96000e+00 4.89644e-01
1.96400e+00 4.89644e-01
1.96800e+00 4.89644e-01
1.97200e+00 4.89644e-01
1.97600e+00 4.89644e-01
1.98000e+00 4.89644e-01
1.98400e+00 4.89645e-01
1.98800e+00 4.89648e-01
1.99200e+00 4.89730e-01
1.99600e+00 4.89739e-01
