0.00000e+00 4.73379e-01
4.00000e-03 4.73379e-01
8.00000e-03 4.73382e-01
1.20000e-02 4.73421e-01
1.60000e-02 4.73812e-01
2.00000e-02 4.76219e-01
2.40000e-02 4.85546e-01
2.80000e-02 5.06251e-01
3.20000e-02 5.25084e-01
3.60000e-02 5.29619e-01
4.00000e-02 5.30060e-01
4.40000e-02 5.30402e-01
4.80000e-02 5.31560e-01
5.20000e-02 5.35914e-01
5.60000e-02 5.48520e-01
6.00000e-02 5.70350e-01
6.40000e-02 5.83581e-01
6.80000e-02 5.84882e-01
7.20000e-02 5.84362e-01
7.60000e-02 5.76988e-01
8.00000e-02 5.39685e-01
8.40000e-02 4.94896e-01
8.80000e-02 4.86436e-01
9.20000e-02 4.86627e-01
9.60000e-02 4.89378e-01
1.00000e-01 4.99810e-01
1.04000e-01 5.13211e-01
1.08000e-01 5.15099e-01
1.12000e-01 5.09513e-01
1.16000e-01 4.72571e-01
1.20000e-01 4.21207e-01
1.24000e-01 4.08960e-01
1.28000e-01 4.08647e-01
1.32000e-01 4.08695e-01
1.36000e-01 4.08945e-01
1.40000e-01 4.09596e-01
1.44000e-01 4.10832e-01
1.48000e-01 4.12731e-01
1.52000e-01 4.15098e-01
1.56000e-01 4.17492e-01
1.60000e-01 4.19630e-01
1.64000e-01 4.21645e-01
1.68000e-01 4.23949e-01
1.72000e-01 4.27084e-01
1.76000e-01 4.31568e-01
1.80000e-01 4.37378e-01
1.84000e-01 4.43182e-01
1.88000e-01 4.47137e-01
1.92000e-01 4.49179e-01
1.96000e-01 4.50439e-01
2.00000e-01 4.51735e-01
2.04000e-01 4.53679e-01
2.08000e-01 4.57024e-01
2.12000e-01 4.62920e-01
2.16000e-01 4.72996e-01
2.20000e-01 4.87028e-01
2.24000e-01 4.97426e-01
2.28000e-01 4.99853e-01
2.32000e-01 5.00011e-01
2.36000e-01 5.00049e-01
2.40000e-01 5.00114e-01
2.44000e-01 5.00320e-01
2.48000e-01 5.00988e-01
2.52000e-01 5.03086e-01
2.56000e-01 5.09258e-01
2.60000e-01 5.22707e-01
2.64000e-01 5.34399e-01
2.68000e-01 5.35872e-01
2.72000e-01 5.34289e-01
2.76000e-01 5.21401e-01
2.80000e-01 4.91698e-01
2.84000e-01 4.77342e-01
2.88000e-01 4.76671e-01
2.92000e-01 4.77542e-01
2.96000e-01 4.81750e-01
3.00000e-01 4.89731e-01
3.04000e-01 4.94937e-01
3.08000e-01 4.95795e-01
3.12000e-01 4.95881e-01
3.16000e-01 4.95953e-01
3.20000e-01 4.96131e-01
3.24000e-01 4.96617e-01
3.28000e-01 4.97733e-01
3.32000e-01 4.99891e-01
3.36000e-01 5.03596e-01
3.40000e-01 5.09743e-01
3.44000e-01 5.20300e-01
3.48000e-01 5.37749e-01
3.52000e-01 5.56804e-01
3.56000e-01 5.64271e-01
3.60000e-01 5.64850e-01
3.64000e-01 5.64856e-01
3.68000e-01 5.64858e-01
3.72000e-01 5.64868e-01
3.76000e-01 5.64963e-01
3.80000e-01 5.65465e-01
3.84000e-01 5.65916e-01
3.88000e-01 5.65746e-01
3.92000e-01 5.62191e-01
3.96000e-01 5.36339e-01
4.00000e-01 4.84862e-01
4.04000e-01 4.67512e-01
4.08000e-01 4.67604e-01
4.12000e-01 4.72355e-01
4.16000e-01 4.85840e-01
4.20000e-01 4.94541e-01
4.24000e-01 4.94403e-01
4.28000e-01 4.86582e-01
4.32000e-01 4.58367e-01
4.36000e-01 4.35035e-01
4.40000e-01 4.32170e-01
4.44000e-01 4.32494e-01
4.48000e-01 4.34570e-01
4.52000e-01 4.39911e-01
4.56000e-01 4.48239e-01
4.60000e-01 4.57100e-01
4.64000e-01 4.63978e-01
4.68000e-01 4.68479e-01
4.72000e-01 4.71631e-01
4.76000e-01 4.74392e-01
4.80000e-01 4.77323e-01
4.84000e-01 4.80707e-01
4.88000e-01 4.84609e-01
4.92000e-01 4.88897e-01
4.96000e-01 4.93254e-01
5.00000e-01 4.97240e-01
5.04000e-01 5.00490e-01
5.08000e-01 5.02978e-01
5.12000e-01 5.05040e-01
5.16000e-01 5.07265e-01
5.20000e-01 5.10729e-01
5.24000e-01 5.17960e-01
5.28000e-01 5.32454e-01
5.32000e-01 5.46611e-01
5.36000e-01 5.49216e-01
5.40000e-01 5.48198e-01
5.44000e-01 5.37373e-01
5.48000e-01 5.03934e-01
5.52000e-01 4.80452e-01
5.56000e-01 4.77943e-01
5.60000e-01 4.78012e-01
5.64000e-01 4.78672e-01
5.68000e-01 4.80901e-01
5.72000e-01 4.86104e-01
5.76000e-01 4.96333e-01
5.80000e-01 5.12235e-01
5.84000e-01 5.25188e-01
5.88000e-01 5.28276e-01
5.92000e-01 5.28397e-01
5.96000e-01 5.28398e-01
6.00000e-01 5.28398e-01
6.04000e-01 5.28398e-01
6.08000e-01 5.28398e-01
6.12000e-01 5.28398e-01
6.16000e-01 5.28399e-01
6.20000e-01 5.28404e-01
6.24000e-01 5.28422e-01
6.28000e-01 5.28494e-01
6.32000e-01 5.28777e-01
6.36000e-01 5.29811e-01
6.40000e-01 5.32784e-01
6.44000e-01 5.37378e-01
6.48000e-01 5.39618e-01
6.52000e-01 5.39825e-01
6.56000e-01 5.39828e-01
6.60000e-01 5.39829e-01
6.64000e-01 5.39833e-01
6.68000e-01 5.39847e-01
6.72000e-01 5.39908e-01
6.76000e-01 5.40142e-01
6.80000e-01 5.41010e-01
6.84000e-01 5.43920e-01
6.88000e-01 5.51132e-01
6.92000e-01 5.59556e-01
6.96000e-01 5.62176e-01
7.00000e-01 5.62283e-01
7.04000e-01 5.62236e-01
7.08000e-01 5.61684e-01
7.12000e-01 5.57661e-01
7.16000e-01 5.40870e-01
7.20000e-01 5.17044e-01
7.24000e-01 5.09832e-01
7.28000e-01 5.09558e-01
7.32000e-01 5.09583e-01
7.36000e-01 5.09760e-01
7.40000e-01 5.10340e-01
7.44000e-01 5.11646e-01
7.48000e-01 5.14146e-01
7.52000e-01 5.19190e-01
7.56000e-01 5.30560e-01
7.60000e-01 5.50172e-01
7.64000e-01 5.60936e-01
7.68000e-01 5.60922e-01
7.72000e-01 5.50966e-01
7.76000e-01 5.05221e-01
7.80000e-01 4.62591e-01
7.84000e-01 4.56450e-01
7.88000e-01 4.56408e-01
7.92000e-01 4.56618e-01
7.96000e-01 4.57404e-01
8.00000e-01 4.59056e-01
8.04000e-01 4.61522e-01
8.08000e-01 4.64382e-01
8.12000e-01 4.67217e-01
8.16000e-01 4.70035e-01
8.20000e-01 4.73412e-01
8.24000e-01 4.78703e-01
8.28000e-01 4.88164e-01
8.32000e-01 5.00766e-01
8.36000e-01 5.07046e-01
8.40000e-01 5.07485e-01
8.44000e-01 5.07000e-01
8.48000e-01 5.02791e-01
8.52000e-01 4.86792e-01
8.56000e-01 4.66355e-01
8.60000e-01 4.60671e-01
8.64000e-01 4.60493e-01
8.68000e-01 4.60572e-01
8.72000e-01 4.60937e-01
8.76000e-01 4.61522e-01
8.80000e-01 4.61895e-01
8.84000e-01 4.62057e-01
8.88000e-01 4.62213e-01
8.92000e-01 4.62564e-01
8.96000e-01 4.63572e-01
9.00000e-01 4.66248e-01
9.04000e-01 4.71427e-01
9.08000e-01 4.76230e-01
9.12000e-01 4.77492e-01
9.16000e-01 4.77549e-01
9.20000e-01 4.77550e-01
9.24000e-01 4.77550e-01
9.28000e-01 4.77553e-01
9.32000e-01 4.77560e-01
9.36000e-01 4.77585e-01
9.40000e-01 4.77650e-01
9.44000e-01 4.77807e-01
9.48000e-01 4.78140e-01
9.52000e-01 4.78753e-01
9.56000e-01 4.79709e-01
9.60000e-01 4.81000e-01
9.64000e-01 4.82674e-01
9.68000e-01 4.85130e-01
9.72000e-01 4.89579e-01
9.76000e-01 4.98307e-01
9.80000e-01 5.10384e-01
9.84000e-01 5.16357e-01
9.88000e-01 5.16754e-01
9.92000e-01 5.16229e-01
9.96000e-01 5.10992e-01
1.00000e+00 4.86242e-01
1.00400e+00 4.47999e-01
1.00800e+00 4.35402e-01
1.01200e+00 4.34822e-01
1.01600e+00 4.34827e-01
1.02000e+00 4.34883e-01
1.02400e+00 4.35120e-01
1.02800e+00 4.35844e-01
1.03200e+00 4.37683e-01
1.03600e+00 4.41801e-01
1.04000e+00 4.49817e-01
1.04400e+00 4.60971e-01
1.04800e+00 4.68009e-01
1.05200e+00 4.69174e-01
1.05600e+00 4.69204e-01
1.06000e+00 4.69205e-01
1.06400e+00 4.69205e-01
1.06800e+00 4.69207e-01
1.07200e+00 4.69213e-01
1.07600e+00 4.69233e-01
1.08000e+00 4.69286e-01
1.08400e+00 4.69413e-01
1.08800e+00 4.69693e-01
1.09200e+00 4.70251e-01
1.09600e+00 4.71262e-01
1.10000e+00 4.72920e-01
1.10400e+00 4.75342e-01
1.10800e+00 4.78413e-01
1.11200e+00 4.81702e-01
1.11600e+00 4.84729e-01
1.12000e+00 4.87388e-01
1.12400e+00 4.89962e-01
1.12800e+00 4.92807e-01
1.13200e+00 4.95903e-01
1.13600e+00 4.98594e-01
1.14000e+00 5.00464e-01
1.14400e+00 5.01995e-01
1.14800e+00 5.03876e-01
1.15200e+00 5.05761e-01
1.15600e+00 5.06315e-01
1.16000e+00 5.06291e-01
1.16400e+00 5.05778e-01
1.16800e+00 5.02274e-01
1.17200e+00 4.88812e-01
1.17600e+00 4.69296e-01
1.18000e+00 4.62651e-01
1.18400e+00 4.62362e-01
1.18800e+00 4.62439e-01
1.19200e+00 4.62902e-01
1.19600e+00 4.64241e-01
1.20000e+00 4.66848e-01
1.20400e+00 4.70775e-01
1.20800e+00 4.76038e-01
1.21200e+00 4.83378e-01
1.21600e+00 4.94411e-01
1.22000e+00 5.08189e-01
1.22400e+00 5.16346e-01
1.22800e+00 5.17591e-01
1.23200e+00 5.17619e-01
1.23600e+00 5.17619e-01
1.24000e+00 5.17619e-01
1.24400e+00 5.17618e-01
1.24800e+00 5.17615e-01
1.25200e+00 5.17588e-01
1.25600e+00 5.17396e-01
1.26000e+00 5.16052e-01
1.26400e+00 5.08399e-01
1.26800e+00 4.85146e-01
1.27200e+00 4.63590e-01
1.27600e+00 4.59693e-01
1.28000e+00 4.59637e-01
1.28400e+00 4.59739e-01
1.28800e+00 4.60224e-01
1.29200e+00 4.61506e-01
1.29600e+00 4.63988e-01
1.30000e+00 4.67931e-01
1.30400e+00 4.73430e-01
1.30800e+00 4.80104e-01
1.31200e+00 4.86186e-01
1.31600e+00 4.89463e-01
1.32000e+00 4.90468e-01
1.32400e+00 4.90798e-01
1.32800e+00 4.91038e-01
1.33200e+00 4.91353e-01
1.33600e+00 4.91862e-01
1.34000e+00 4.92702e-01
1.34400e+00 4.94104e-01
1.34800e+00 4.96571e-01
1.35200e+00 5.01285e-01
1.35600e+00 5.10460e-01
1.36000e+00 5.24269e-01
1.36400e+00 5.33709e-01
1.36800e+00 5.35334e-01
1.37200e+00 5.35374e-01
1.37600e+00 5.35374e-01
1.38000e+00 5.35374e-01
1.38400e+00 5.35374e-01
1.38800e+00 5.35374e-01
1.39200e+00 5.35374e-01
1.39600e+00 5.35374e-01
1.40000e+00 5.35374e-01
1.40400e+00 5.35374e-01
1.40800e+00 5.35374e-01
1.41200e+00 5.35375e-01
1.41600e+00 5.35380e-01
1.42000e+00 5.35392e-01
1.42400e+00 5.35397e-01
1.42800e+00 5.35393e-01
1.43200e+00 5.35348e-01
1.43600e+00 5.34957e-01
1.44000e+00 5.32154e-01
1.44400e+00 5.18440e-01
1.44800e+00 4.91545e-01
1.45200e+00 4.79090e-01
1.45600e+00 4.78355e-01
1.46000e+00 4.78612e-01
1.46400e+00 4.80270e-01
1.46800e+00 4.85599e-01
1.47200e+00 4.95559e-01
1.47600e+00 5.03208e-01
1.48000e+00 5.04658e-01
1.48400e+00 5.04697e-01
1.48800e+00 5.04697e-01
1.49200e+00 5.04697e-01
1.49600e+00 5.04697e-01
1.50000e+00 5.04697e-01
1.50400e+00 5.04697e-01
1.50800e+00 5.04697e-01
1.51200e+00 5.04697e-01
1.51600e+00 5.04698e-01
1.52000e+00 5.04699e-01
1.52400e+00 5.04703e-01
1.52800e+00 5.04711e-01
1.53200e+00 5.04732e-01
1.53600e+00 5.04779e-01
1.54000e+00 5.04879e-01
1.54400e+00 5.05084e-01
1.54800e+00 5.05499e-01
1.55200e+00 5.06387e-01
1.55600e+00 5.08421e-01
1.56000e+00 5.12854e-01
1.56400e+00 5.19321e-01
1.56800e+00 5.23018e-01
1.57200e+00 5.23531e-01
1.57600e+00 5.23558e-01
1.58000e+00 5.23574e-01
1.58400e+00 5.23611e-01
1.58800e+00 5.23724e-01
1.59200e+00 5.24039e-01
1.59600e+00 5.24841e-01
1.60000e+00 5.26818e-01
1.60400e+00 5.31656e-01
1.60800e+00 5.42479e-01
1.61200e+00 5.58358e-01
1.61600e+00 5.66815e-01
1.62000e+00 5.67610e-01
1.62400e+00 5.67447e-01
1.62800e+00 5.64519e-01
1.63200e+00 5.39687e-01
1.63600e+00 4.76931e-01
1.64000e+00 4.47699e-01
1.64400e+00 4.46207e-01
1.64800e+00 4.46758e-01
1.65200e+00 4.49342e-01
1.65600e+00 4.54487e-01
1.66000e+00 4.60173e-01
1.66400e+00 4.64072e-01
1.66800e+00 4.66370e-01
1.67200e+00 4.68266e-01
1.67600e+00 4.70712e-01
1.68000e+00 4.74204e-01
1.68400e+00 4.77365e-01
1.68800e+00 4.78407e-01
1.69200e+00 4.78506e-01
1.69600e+00 4.78522e-01
1.70000e+00 4.78543e-01
1.70400e+00 4.78601e-01
1.70800e+00 4.78774e-01
1.71200e+00 4.79286e-01
1.71600e+00 4.80739e-01
1.72000e+00 4.84273e-01
1.72400e+00 4.89637e-01
1.72800e+00 4.92682e-01
1.73200e+00 4.93062e-01
1.73600e+00 4.93068e-01
1.74000e+00 4.93068e-01
1.74400e+00 4.93068e-01
1.74800e+00 4.93068e-01
1.75200e+00 4.93068e-01
1.75600e+00 4.93068e-01
1.76000e+00 4.93069e-01
1.76400e+00 4.93071e-01
1.76800e+00 4.93076e-01
1.77200e+00 4.93088e-01
1.77600e+00 4.93117e-01
1.78000e+00 4.93181e-01
1.78400e+00 4.93308e-01
1.78800e+00 4.93544e-01
1.79200e+00 4.93960e-01
1.79600e+00 4.94713e-01
1.80000e+00 4.96197e-01
1.80400e+00 4.99175e-01
1.80800e+00 5.03720e-01
1.81200e+00 5.06947e-01
1.81600e+00 5.07636e-01
1.82000e+00 5.07703e-01
1.82400e+00 5.07742e-01
1.82800e+00 5.07837e-01
1.83200e+00 5.08170e-01
1.83600e+00 5.09301e-01
1.84000e+00 5.12456e-01
1.84400e+00 5.17630e-01
1.84800e+00 5.20606e-01
1.85200e+00 5.20960e-01
1.85600e+00 5.20965e-01
1.86000e+00 5.20965e-01
1.86400e+00 5.20965e-01
1.86800e+00 5.20965e-01
1.87200e+00 5.20966e-01
1.87600e+00 5.20968e-01
1.88000e+00 5.20983e-01
1.88400e+00 5.21074e-01
1.88800e+00 5.21461e-01
1.89200e+00 5.22040e-01
1.89600e+00 5.22133e-01
1.90000e+00 5.21892e-01
1.90400e+00 5.19553e-01
1.90800e+00 5.07832e-01
1.91200e+00 4.84600e-01
1.91600e+00 4.73613e-01
1.92000e+00 4.73007e-01
1.92400e+00 4.73433e-01
1.92800e+00 4.75884e-01
1.93200e+00 4.81987e-01
1.93600e+00 4.88040e-01
1.94000e+00 4.89583e-01
1.94400e+00 4.89644e-01
1.94800e+00 4.89644e-01
1.95200e+00 4.89644e-01
1.95600e+00 4.89644e-01
1.96000e+00 4.89644e-01
1.96400e+00 4.89644e-01
1.96800e+00 4.89644e-01
1.97200e+00 4.89644e-01
1.97600e+00 4.89644e-01
1.98000e+00 4.89644e-01
1.98400e+00 4.89644e-01
1.98800e+00 4.89644e-01
1.99200e+00 4.89644e-01
1.99600e+00 4.89644e-01
