0.00000e+00 5.22482e-01
4.00000e-03 5.22482e-01
8.00000e-03 5.22482e-01
1.20000e-02 5.22471e-01
1.60000e-02 5.22314e-01
2.00000e-02 5.20731e-01
2.40000e-02 5.11192e-01
2.80000e-02 4.88263e-01
3.20000e-02 4.74973e-01
3.60000e-02 4.73964e-01
4.00000e-02 4.74298e-01
4.40000e-02 4.76486e-01
4.80000e-02 4.83644e-01
5.20000e-02 4.99370e-01
5.60000e-02 5.19253e-01
6.00000e-02 5.28782e-01
6.40000e-02 5.30164e-01
6.80000e-02 5.30468e-01
7.20000e-02 5.30926e-01
7.60000e-02 5.32414e-01
8.00000e-02 5.37261e-01
8.40000e-02 5.50241e-01
8.80000e-02 5.71457e-01
9.20000e-02 5.82908e-01
9.60000e-02 5.83644e-01
1.00000e-01 5.81976e-01
1.04000e-01 5.65103e-01
1.08000e-01 5.16686e-01
1.12000e-01 4.89867e-01
1.16000e-01 4.88438e-01
1.20000e-01 4.90171e-01
1.24000e-01 4.98798e-01
1.28000e-01 5.08579e-01
1.32000e-01 5.08968e-01
1.36000e-01 4.99183e-01
1.40000e-01 4.55204e-01
1.44000e-01 4.14797e-01
1.48000e-01 4.08833e-01
1.52000e-01 4.08776e-01
1.56000e-01 4.08900e-01
1.60000e-01 4.09383e-01
1.64000e-01 4.10449e-01
1.68000e-01 4.12201e-01
1.72000e-01 4.14494e-01
1.76000e-01 4.16934e-01
1.80000e-01 4.19167e-01
1.84000e-01 4.21187e-01
1.88000e-01 4.23293e-01
1.92000e-01 4.25931e-01
1.96000e-01 4.29607e-01
2.00000e-01 4.34649e-01
2.04000e-01 4.40561e-01
2.08000e-01 4.45628e-01
2.12000e-01 4.48582e-01
2.16000e-01 4.50067e-01
2.20000e-01 4.51125e-01
2.24000e-01 4.52377e-01
2.28000e-01 4.54357e-01
2.32000e-01 4.57770e-01
2.36000e-01 4.63748e-01
2.40000e-01 4.73939e-01
2.44000e-01 4.87955e-01
2.48000e-01 4.97856e-01
2.52000e-01 4.99942e-01
2.56000e-01 5.00050e-01
2.60000e-01 5.00072e-01
2.64000e-01 5.00112e-01
2.68000e-01 5.00241e-01
2.72000e-01 5.00678e-01
2.76000e-01 5.02093e-01
2.80000e-01 5.06468e-01
2.84000e-01 5.17384e-01
2.88000e-01 5.30479e-01
2.92000e-01 5.33700e-01
2.96000e-01 5.33025e-01
3.00000e-01 5.25308e-01
3.04000e-01 4.99918e-01
3.08000e-01 4.80049e-01
3.12000e-01 4.77863e-01
3.16000e-01 4.78318e-01
3.20000e-01 4.81278e-01
3.24000e-01 4.88363e-01
3.28000e-01 4.94478e-01
3.32000e-01 4.95835e-01
3.36000e-01 4.95938e-01
3.40000e-01 4.95987e-01
3.44000e-01 4.96097e-01
3.48000e-01 4.96411e-01
3.52000e-01 4.97186e-01
3.56000e-01 4.98770e-01
3.60000e-01 5.01556e-01
3.64000e-01 5.06081e-01
3.68000e-01 5.13513e-01
3.72000e-01 5.26285e-01
3.76000e-01 5.45557e-01
3.80000e-01 5.61119e-01
3.84000e-01 5.64720e-01
3.88000e-01 5.64856e-01
3.92000e-01 5.64859e-01
3.96000e-01 5.64864e-01
4.00000e-01 5.64910e-01
4.04000e-01 5.65168e-01
4.08000e-01 5.65429e-01
4.12000e-01 5.65353e-01
4.16000e-01 5.63544e-01
4.20000e-01 5.47525e-01
4.24000e-01 4.99933e-01
4.28000e-01 4.72532e-01
4.32000e-01 4.71350e-01
4.36000e-01 4.74603e-01
4.40000e-01 4.84999e-01
4.44000e-01 4.90576e-01
4.48000e-01 4.89774e-01
4.52000e-01 4.79567e-01
4.56000e-01 4.51485e-01
4.60000e-01 4.34508e-01
4.64000e-01 4.33216e-01
4.68000e-01 4.33687e-01
4.72000e-01 4.36149e-01
4.76000e-01 4.41934e-01
4.80000e-01 4.50516e-01
4.84000e-01 4.59288e-01
4.88000e-01 4.65772e-01
4.92000e-01 4.69790e-01
4.96000e-01 4.72513e-01
5.00000e-01 4.74905e-01
5.04000e-01 4.77511e-01
5.08000e-01 4.80611e-01
5.12000e-01 4.84288e-01
5.16000e-01 4.88443e-01
5.20000e-01 4.92787e-01
5.24000e-01 4.96861e-01
5.28000e-01 5.00206e-01
5.32000e-01 5.02686e-01
5.36000e-01 5.04582e-01
5.40000e-01 5.06409e-01
5.44000e-01 5.08965e-01
5.48000e-01 5.14038e-01
5.52000e-01 5.25213e-01
5.56000e-01 5.40880e-01
5.60000e-01 5.46904e-01
5.64000e-01 5.46771e-01
5.68000e-01 5.41755e-01
5.72000e-01 5.17286e-01
5.76000e-01 4.85877e-01
5.80000e-01 4.78466e-01
5.84000e-01 4.78346e-01
5.88000e-01 4.78691e-01
5.92000e-01 4.80244e-01
5.96000e-01 4.84328e-01
6.00000e-01 4.92930e-01
6.04000e-01 5.07730e-01
6.08000e-01 5.22838e-01
6.12000e-01 5.28052e-01
6.16000e-01 5.28396e-01
6.20000e-01 5.28398e-01
6.24000e-01 5.28398e-01
6.28000e-01 5.28398e-01
6.32000e-01 5.28398e-01
6.36000e-01 5.28398e-01
6.40000e-01 5.28398e-01
6.44000e-01 5.28400e-01
6.48000e-01 5.28408e-01
6.52000e-01 5.28438e-01
6.56000e-01 5.28558e-01
6.60000e-01 5.29023e-01
6.64000e-01 5.30621e-01
6.68000e-01 5.34487e-01
6.72000e-01 5.38627e-01
6.76000e-01 5.39779e-01
6.80000e-01 5.39829e-01
6.84000e-01 5.39830e-01
6.88000e-01 5.39831e-01
6.92000e-01 5.39835e-01
6.96000e-01 5.39854e-01
7.00000e-01 5.39930e-01
7.04000e-01 5.40221e-01
7.08000e-01 5.41288e-01
7.12000e-01 5.44770e-01
7.16000e-01 5.52686e-01
7.20000e-01 5.60378e-01
7.24000e-01 5.62163e-01
7.28000e-01 5.62199e-01
7.32000e-01 5.62077e-01
7.36000e-01 5.60856e-01
7.40000e-01 5.53254e-01
7.44000e-01 5.30845e-01
7.48000e-01 5.12397e-01
7.52000e-01 5.09654e-01
7.56000e-01 5.09624e-01
7.60000e-01 5.09677e-01
7.64000e-01 5.09941e-01
7.68000e-01 5.10675e-01
7.72000e-01 5.12248e-01
7.76000e-01 5.15551e-01
7.80000e-01 5.23326e-01
7.84000e-01 5.39860e-01
7.88000e-01 5.55007e-01
7.92000e-01 5.56708e-01
7.96000e-01 5.52314e-01
8.00000e-01 5.20453e-01
8.04000e-01 4.70519e-01
8.08000e-01 4.57000e-01
8.12000e-01 4.56640e-01
8.16000e-01 4.56789e-01
8.20000e-01 4.57510e-01
8.24000e-01 4.59184e-01
8.28000e-01 4.61765e-01
8.32000e-01 4.64724e-01
8.36000e-01 4.67559e-01
8.40000e-01 4.70302e-01
8.44000e-01 4.73588e-01
8.48000e-01 4.78804e-01
8.52000e-01 4.88191e-01
8.56000e-01 5.00539e-01
8.60000e-01 5.06493e-01
8.64000e-01 5.06884e-01
8.68000e-01 5.06401e-01
8.72000e-01 5.02281e-01
8.76000e-01 4.86654e-01
8.80000e-01 4.66519e-01
8.84000e-01 4.60809e-01
8.88000e-01 4.60617e-01
8.92000e-01 4.60678e-01
8.96000e-01 4.60979e-01
9.00000e-01 4.61511e-01
9.04000e-01 4.61915e-01
9.08000e-01 4.62123e-01
9.12000e-01 4.62324e-01
9.16000e-01 4.62751e-01
9.20000e-01 4.63933e-01
9.24000e-01 4.66964e-01
9.28000e-01 4.72376e-01
9.32000e-01 4.76643e-01
9.36000e-01 4.77521e-01
9.40000e-01 4.77550e-01
9.44000e-01 4.77550e-01
9.48000e-01 4.77551e-01
9.52000e-01 4.77553e-01
9.56000e-01 4.77560e-01
9.60000e-01 4.77583e-01
9.64000e-01 4.77642e-01
9.68000e-01 4.77784e-01
9.72000e-01 4.78088e-01
9.76000e-01 4.78652e-01
9.80000e-01 4.79543e-01
9.84000e-01 4.80759e-01
9.88000e-01 4.82341e-01
9.92000e-01 4.84634e-01
9.96000e-01 4.88717e-01
1.00000e+00 4.96786e-01
1.00400e+00 5.08751e-01
1.00800e+00 5.15526e-01
1.01200e+00 5.16077e-01
1.01600e+00 5.15450e-01
1.02000e+00 5.08991e-01
1.02400e+00 4.80747e-01
1.02800e+00 4.44417e-01
1.03200e+00 4.35150e-01
1.03600e+00 4.34858e-01
1.04000e+00 4.34874e-01
1.04400e+00 4.34989e-01
1.04800e+00 4.35396e-01
1.05200e+00 4.36491e-01
1.05600e+00 4.39035e-01
1.06000e+00 4.44379e-01
1.06400e+00 4.53868e-01
1.06800e+00 4.64425e-01
1.07200e+00 4.68807e-01
1.07600e+00 4.69200e-01
1.08000e+00 4.69205e-01
1.08400e+00 4.69205e-01
1.08800e+00 4.69206e-01
1.09200e+00 4.69208e-01
1.09600e+00 4.69215e-01
1.10000e+00 4.69235e-01
1.10400e+00 4.69288e-01
1.10800e+00 4.69415e-01
1.11200e+00 4.69690e-01
1.11600e+00 4.70237e-01
1.12000e+00 4.71227e-01
1.12400e+00 4.72854e-01
1.12800e+00 4.75244e-01
1.13200e+00 4.78300e-01
1.13600e+00 4.81604e-01
1.14000e+00 4.84664e-01
1.14400e+00 4.87334e-01
1.14800e+00 4.89869e-01
1.15200e+00 4.92600e-01
1.15600e+00 4.95525e-01
1.16000e+00 4.98141e-01
1.16400e+00 5.00152e-01
1.16800e+00 5.01990e-01
1.17200e+00 5.04153e-01
1.17600e+00 5.05834e-01
1.18000e+00 5.06156e-01
1.18400e+00 5.06116e-01
1.18800e+00 5.05567e-01
1.19200e+00 5.01998e-01
1.19600e+00 4.88538e-01
1.20000e+00 4.69277e-01
1.20400e+00 4.62790e-01
1.20800e+00 4.62510e-01
1.21200e+00 4.62579e-01
1.21600e+00 4.63006e-01
1.22000e+00 4.64252e-01
1.22400e+00 4.66710e-01
1.22800e+00 4.70454e-01
1.23200e+00 4.75498e-01
1.23600e+00 4.82515e-01
1.24000e+00 4.93114e-01
1.24400e+00 5.06925e-01
1.24800e+00 5.15964e-01
1.25200e+00 5.17575e-01
1.25600e+00 5.17619e-01
1.26000e+00 5.17619e-01
1.26400e+00 5.17619e-01
1.26800e+00 5.17618e-01
1.27200e+00 5.17615e-01
1.27600e+00 5.17590e-01
1.28000e+00 5.17406e-01
1.28400e+00 5.16117e-01
1.28800e+00 5.08731e-01
1.29200e+00 4.85842e-01
1.29600e+00 4.63946e-01
1.30000e+00 4.59819e-01
1.30400e+00 4.59753e-01
1.30800e+00 4.59851e-01
1.31200e+00 4.60325e-01
1.31600e+00 4.61585e-01
1.32000e+00 4.64038e-01
1.32400e+00 4.67979e-01
1.32800e+00 4.73619e-01
1.33200e+00 4.80681e-01
1.33600e+00 4.87032e-01
1.34000e+00 4.90035e-01
1.34400e+00 4.90733e-01
1.34800e+00 4.90923e-01
1.35200e+00 4.91073e-01
1.35600e+00 4.91299e-01
1.36000e+00 4.91698e-01
1.36400e+00 4.92385e-01
1.36800e+00 4.93535e-01
1.37200e+00 4.95510e-01
1.37600e+00 4.99165e-01
1.38000e+00 5.06356e-01
1.38400e+00 5.18904e-01
1.38800e+00 5.31319e-01
1.39200e+00 5.35162e-01
1.39600e+00 5.35373e-01
1.40000e+00 5.35374e-01
1.40400e+00 5.35374e-01
1.40800e+00 5.35374e-01
1.41200e+00 5.35374e-01
1.41600e+00 5.35374e-01
1.42000e+00 5.35374e-01
1.42400e+00 5.35374e-01
1.42800e+00 5.35374e-01
1.43200e+00 5.35374e-01
1.43600e+00 5.35375e-01
1.44000e+00 5.35378e-01
1.44400e+00 5.35386e-01
1.44800e+00 5.35391e-01
1.45200e+00 5.35389e-01
1.45600e+00 5.35361e-01
1.46000e+00 5.35119e-01
1.46400e+00 5.33316e-01
1.46800e+00 5.23335e-01
1.47200e+00 4.97844e-01
1.47600e+00 4.80668e-01
1.48000e+00 4.78863e-01
1.48400e+00 4.79011e-01
1.48800e+00 4.80241e-01
1.49200e+00 4.84667e-01
1.49600e+00 4.93947e-01
1.50000e+00 5.02505e-01
1.50400e+00 5.04616e-01
1.50800e+00 5.04697e-01
1.51200e+00 5.04697e-01
1.51600e+00 5.04697e-01
1.52000e+00 5.04697e-01
1.52400e+00 5.04697e-01
1.52800e+00 5.04697e-01
1.53200e+00 5.04697e-01
1.53600e+00 5.04697e-01
1.54000e+00 5.04698e-01
1.54400e+00 5.04698e-01
1.54800e+00 5.04701e-01
1.55200e+00 5.04706e-01
1.55600e+00 5.04720e-01
1.56000e+00 5.04751e-01
1.56400e+00 5.04820e-01
1.56800e+00 5.04961e-01
1.57200e+00 5.05249e-01
1.57600e+00 5.05868e-01
1.58000e+00 5.07320e-01
1.58400e+00 5.10766e-01
1.58800e+00 5.17030e-01
1.59200e+00 5.22311e-01
1.59600e+00 5.23514e-01
1.60000e+00 5.23570e-01
1.60400e+00 5.23579e-01
1.60800e+00 5.23594e-01
1.61200e+00 5.23640e-01
1.61600e+00 5.23783e-01
1.62000e+00 5.24168e-01
1.62400e+00 5.25141e-01
1.62800e+00 5.27552e-01
1.63200e+00 5.33486e-01
1.63600e+00 5.46192e-01
1.64000e+00 5.61560e-01
1.64400e+00 5.66897e-01
1.64800e+00 5.67012e-01
1.65200e+00 5.65328e-01
1.65600e+00 5.47597e-01
1.66000e+00 4.88736e-01
1.66400e+00 4.50525e-01
1.66800e+00 4.47358e-01
1.67200e+00 4.47766e-01
1.67600e+00 4.50077e-01
1.68000e+00 4.55153e-01
1.68400e+00 4.60994e-01
1.68800e+00 4.64911e-01
1.69200e+00 4.67112e-01
1.69600e+00 4.68964e-01
1.70000e+00 4.71513e-01
1.70400e+00 4.75106e-01
1.70800e+00 4.77843e-01
1.71200e+00 4.78485e-01
1.71600e+00 4.78526e-01
1.72000e+00 4.78535e-01
1.72400e+00 4.78552e-01
1.72800e+00 4.78602e-01
1.73200e+00 4.78764e-01
1.73600e+00 4.79254e-01
1.74000e+00 4.80665e-01
1.74400e+00 4.84139e-01
1.74800e+00 4.89512e-01
1.75200e+00 4.92653e-01
1.75600e+00 4.93061e-01
1.76000e+00 4.93068e-01
1.76400e+00 4.93068e-01
1.76800e+00 4.93068e-01
1.77200e+00 4.93068e-01
1.77600e+00 4.93068e-01
1.78000e+00 4.93068e-01
1.78400e+00 4.93068e-01
1.78800e+00 4.93070e-01
1.79200e+00 4.93074e-01
1.79600e+00 4.93083e-01
1.80000e+00 4.93105e-01
1.80400e+00 4.93155e-01
1.80800e+00 4.93256e-01
1.81200e+00 4.93444e-01
1.81600e+00 4.93781e-01
1.82000e+00 4.94401e-01
1.82400e+00 4.95660e-01
1.82800e+00 4.98335e-01
1.83200e+00 5.02885e-01
1.83600e+00 5.06698e-01
1.84000e+00 5.07656e-01
1.84400e+00 5.07731e-01
1.84800e+00 5.07757e-01
1.85200e+00 5.07812e-01
1.85600e+00 5.08010e-01
1.86000e+00 5.08719e-01
1.86400e+00 5.10923e-01
1.86800e+00 5.15618e-01
1.87200e+00 5.19929e-01
1.87600e+00 5.20931e-01
1.88000e+00 5.20965e-01
1.88400e+00 5.20965e-01
1.88800e+00 5.20965e-01
1.89200e+00 5.20965e-01
1.89600e+00 5.20966e-01
1.90000e+00 5.20967e-01
1.90400e+00 5.20979e-01
1.90800e+00 5.21047e-01
1.91200e+00 5.21345e-01
1.91600e+00 5.21812e-01
1.92000e+00 5.21894e-01
1.92400e+00 5.21711e-01
1.92800e+00 5.19883e-01
1.93200e+00 5.10112e-01
1.93600e+00 4.87784e-01
1.94000e+00 4.74732e-01
1.94400e+00 4.73684e-01
1.94800e+00 4.74000e-01
1.95200e+00 4.76052e-01
1.95600e+00 4.81618e-01
1.96000e+00 4.87753e-01
1.96400e+00 4.89558e-01
1.96800e+00 4.89644e-01
1.97200e+00 4.89644e-01
1.97600e+00 4.89644e-01
1.98000e+00 4.89644e-01
1.98400e+00 4.89644e-01
1.98800e+00 4.89644e-01
1.99200e+00 4.89644e-01
1.99600e+00 4.89644e-01
