0.00000e+00 5.61556e-01
4.00000e-03 5.61556e-01
8.00000e-03 5.61556e-01
1.20000e-02 5.61554e-01
1.60000e-02 5.61525e-01
2.00000e-02 5.61160e-01
2.40000e-02 5.58152e-01
2.80000e-02 5.45509e-01
3.20000e-02 5.28397e-01
3.60000e-02 5.22940e-01
4.00000e-02 5.21923e-01
4.40000e-02 5.20271e-01
4.80000e-02 5.12592e-01
5.20000e-02 4.91948e-01
5.60000e-02 4.76481e-01
6.00000e-02 4.74655e-01
6.40000e-02 4.74860e-01
6.80000e-02 4.76437e-01
7.20000e-02 4.81794e-01
7.60000e-02 4.94121e-01
8.00000e-02 5.13094e-01
8.40000e-02 5.26985e-01
8.80000e-02 5.30204e-01
9.20000e-02 5.30575e-01
9.60000e-02 5.30802e-01
1.00000e-01 5.31342e-01
1.04000e-01 5.33102e-01
1.08000e-01 5.38531e-01
1.12000e-01 5.52484e-01
1.16000e-01 5.73039e-01
1.20000e-01 5.81561e-01
1.24000e-01 5.81645e-01
1.28000e-01 5.76755e-01
1.32000e-01 5.46006e-01
1.36000e-01 5.01249e-01
1.40000e-01 4.91477e-01
1.44000e-01 4.92278e-01
1.48000e-01 4.98144e-01
1.52000e-01 5.03393e-01
1.56000e-01 5.02335e-01
1.60000e-01 4.86112e-01
1.64000e-01 4.38776e-01
1.68000e-01 4.11255e-01
1.72000e-01 4.08935e-01
1.76000e-01 4.08964e-01
1.80000e-01 4.09246e-01
1.84000e-01 4.10083e-01
1.88000e-01 4.11659e-01
1.92000e-01 4.13877e-01
1.96000e-01 4.16358e-01
2.00000e-01 4.18691e-01
2.04000e-01 4.20753e-01
2.08000e-01 4.22748e-01
2.12000e-01 4.25044e-01
2.16000e-01 4.28087e-01
2.20000e-01 4.32310e-01
2.24000e-01 4.37776e-01
2.28000e-01 4.43475e-01
2.32000e-01 4.47599e-01
2.36000e-01 4.49692e-01
2.40000e-01 4.50782e-01
2.44000e-01 4.51703e-01
2.48000e-01 4.52938e-01
2.52000e-01 4.54964e-01
2.56000e-01 4.58455e-01
2.60000e-01 4.64540e-01
2.64000e-01 4.74890e-01
2.68000e-01 4.88875e-01
2.72000e-01 4.98226e-01
2.76000e-01 5.00000e-01
2.80000e-01 5.00075e-01
2.84000e-01 5.00088e-01
2.88000e-01 5.00112e-01
2.92000e-01 5.00194e-01
2.96000e-01 5.00481e-01
3.00000e-01 5.01440e-01
3.04000e-01 5.04518e-01
3.08000e-01 5.13013e-01
3.12000e-01 5.26190e-01
3.16000e-01 5.31529e-01
3.20000e-01 5.31399e-01
3.24000e-01 5.27068e-01
3.28000e-01 5.07557e-01
3.32000e-01 4.83998e-01
3.36000e-01 4.79085e-01
3.40000e-01 4.79249e-01
3.44000e-01 4.81183e-01
3.48000e-01 4.87044e-01
3.52000e-01 4.93744e-01
3.56000e-01 4.95825e-01
3.60000e-01 4.95984e-01
3.64000e-01 4.96022e-01
3.68000e-01 4.96090e-01
3.72000e-01 4.96290e-01
3.76000e-01 4.96819e-01
3.80000e-01 4.97971e-01
3.84000e-01 5.00086e-01
3.88000e-01 5.03528e-01
3.92000e-01 5.08947e-01
3.96000e-01 5.17914e-01
4.00000e-01 5.33115e-01
4.04000e-01 5.52716e-01
4.08000e-01 5.63466e-01
4.12000e-01 5.64832e-01
4.16000e-01 5.64860e-01
4.20000e-01 5.64865e-01
4.24000e-01 5.64889e-01
4.28000e-01 5.65020e-01
4.32000e-01 5.65165e-01
4.36000e-01 5.65132e-01
4.40000e-01 5.64241e-01
4.44000e-01 5.55173e-01
4.48000e-01 5.16746e-01
4.52000e-01 4.79746e-01
4.56000e-01 4.75369e-01
4.60000e-01 4.77164e-01
4.64000e-01 4.83790e-01
4.68000e-01 4.86596e-01
4.72000e-01 4.85035e-01
4.76000e-01 4.72322e-01
4.80000e-01 4.45998e-01
4.84000e-01 4.34650e-01
4.88000e-01 4.34195e-01
4.92000e-01 4.34853e-01
4.96000e-01 4.37728e-01
5.00000e-01 4.43947e-01
5.04000e-01 4.52760e-01
5.08000e-01 4.61403e-01
5.12000e-01 4.67451e-01
5.16000e-01 4.70978e-01
5.20000e-01 4.73291e-01
5.24000e-01 4.75344e-01
5.28000e-01 4.77650e-01
5.32000e-01 4.80484e-01
5.36000e-01 4.83944e-01
5.40000e-01 4.87962e-01
5.44000e-01 4.92287e-01
5.48000e-01 4.96463e-01
5.52000e-01 4.99949e-01
5.56000e-01 5.02479e-01
5.60000e-01 5.04276e-01
5.64000e-01 5.05822e-01
5.68000e-01 5.07756e-01
5.72000e-01 5.11332e-01
5.76000e-01 5.19483e-01
5.80000e-01 5.34201e-01
5.84000e-01 5.44127e-01
5.88000e-01 5.44895e-01
5.92000e-01 5.42885e-01
5.96000e-01 5.27801e-01
6.00000e-01 4.94937e-01
6.04000e-01 4.79634e-01
6.08000e-01 4.78715e-01
6.12000e-01 4.78873e-01
6.16000e-01 4.79878e-01
6.20000e-01 4.82961e-01
6.24000e-01 4.89992e-01
6.28000e-01 5.03190e-01
6.32000e-01 5.19565e-01
6.36000e-01 5.27531e-01
6.40000e-01 5.28387e-01
6.44000e-01 5.28398e-01
6.48000e-01 5.28398e-01
6.52000e-01 5.28398e-01
6.56000e-01 5.28398e-01
6.60000e-01 5.28398e-01
6.64000e-01 5.28398e-01
6.68000e-01 5.28399e-01
6.72000e-01 5.28402e-01
6.76000e-01 5.28414e-01
6.80000e-01 5.28465e-01
6.84000e-01 5.28665e-01
6.88000e-01 5.29417e-01
6.92000e-01 5.31777e-01
6.96000e-01 5.36271e-01
7.00000e-01 5.39365e-01
7.04000e-01 5.39821e-01
7.08000e-01 5.39831e-01
7.12000e-01 5.39831e-01
7.16000e-01 5.39833e-01
7.20000e-01 5.39838e-01
7.24000e-01 5.39862e-01
7.28000e-01 5.39957e-01
7.32000e-01 5.40319e-01
7.36000e-01 5.41632e-01
7.40000e-01 5.45775e-01
7.44000e-01 5.54271e-01
7.48000e-01 5.60971e-01
7.52000e-01 5.62084e-01
7.56000e-01 5.62081e-01
7.60000e-01 5.61778e-01
7.64000e-01 5.59201e-01
7.68000e-01 5.46304e-01
7.72000e-01 5.21579e-01
7.76000e-01 5.10426e-01
7.80000e-01 5.09679e-01
7.84000e-01 5.09687e-01
7.88000e-01 5.09782e-01
7.92000e-01 5.10142e-01
7.96000e-01 5.11060e-01
8.00000e-01 5.13161e-01
8.04000e-01 5.18369e-01
8.08000e-01 5.31077e-01
8.12000e-01 5.47975e-01
8.16000e-01 5.52391e-01
8.20000e-01 5.50541e-01
8.24000e-01 5.30652e-01
8.28000e-01 4.81429e-01
8.32000e-01 4.58312e-01
8.36000e-01 4.56923e-01
8.40000e-01 4.57021e-01
8.44000e-01 4.57645e-01
8.48000e-01 4.59287e-01
8.52000e-01 4.61960e-01
8.56000e-01 4.65037e-01
8.60000e-01 4.67900e-01
8.64000e-01 4.70588e-01
8.68000e-01 4.73789e-01
8.72000e-01 4.78928e-01
8.76000e-01 4.88235e-01
8.80000e-01 5.00322e-01
8.84000e-01 5.05964e-01
8.88000e-01 5.06310e-01
8.92000e-01 5.05827e-01
8.96000e-01 5.01776e-01
9.00000e-01 4.86470e-01
9.04000e-01 4.66633e-01
9.08000e-01 4.60923e-01
9.12000e-01 4.60722e-01
9.16000e-01 4.60769e-01
9.20000e-01 4.61017e-01
9.24000e-01 4.61497e-01
9.28000e-01 4.61926e-01
9.32000e-01 4.62188e-01
9.36000e-01 4.62447e-01
9.40000e-01 4.62968e-01
9.44000e-01 4.64352e-01
9.48000e-01 4.67752e-01
9.52000e-01 4.73286e-01
9.56000e-01 4.76952e-01
9.60000e-01 4.77537e-01
9.64000e-01 4.77551e-01
9.68000e-01 4.77551e-01
9.72000e-01 4.77552e-01
9.76000e-01 4.77554e-01
9.80000e-01 4.77560e-01
9.84000e-01 4.77581e-01
9.88000e-01 4.77635e-01
9.92000e-01 4.77764e-01
9.96000e-01 4.78042e-01
1.00000e+00 4.78561e-01
1.00400e+00 4.79390e-01
1.00800e+00 4.80537e-01
1.01200e+00 4.82031e-01
1.01600e+00 4.84171e-01
1.02000e+00 4.87936e-01
1.02400e+00 4.95472e-01
1.02800e+00 5.07278e-01
1.03200e+00 5.14561e-01
1.03600e+00 5.15200e-01
1.04000e+00 5.14382e-01
1.04400e+00 5.06311e-01
1.04800e+00 4.75001e-01
1.05200e+00 4.41714e-01
1.05600e+00 4.35054e-01
1.06000e+00 4.34912e-01
1.06400e+00 4.34947e-01
1.06800e+00 4.35148e-01
1.07200e+00 4.35783e-01
1.07600e+00 4.37344e-01
1.08000e+00 4.40754e-01
1.08400e+00 4.47512e-01
1.08800e+00 4.58095e-01
1.09200e+00 4.66875e-01
1.09600e+00 4.69104e-01
1.10000e+00 4.69205e-01
1.10400e+00 4.69205e-01
1.10800e+00 4.69206e-01
1.11200e+00 4.69206e-01
1.11600e+00 4.69208e-01
1.12000e+00 4.69216e-01
1.12400e+00 4.69236e-01
1.12800e+00 4.69290e-01
1.13200e+00 4.69416e-01
1.13600e+00 4.69688e-01
1.14000e+00 4.70224e-01
1.14400e+00 4.71194e-01
1.14800e+00 4.72790e-01
1.15200e+00 4.75147e-01
1.15600e+00 4.78185e-01
1.16000e+00 4.81505e-01
1.16400e+00 4.84601e-01
1.16800e+00 4.87295e-01
1.17200e+00 4.89802e-01
1.17600e+00 4.92412e-01
1.18000e+00 4.95139e-01
1.18400e+00 4.97641e-01
1.18800e+00 4.99796e-01
1.19200e+00 5.02016e-01
1.19600e+00 5.04460e-01
1.20000e+00 5.05870e-01
1.20400e+00 5.06032e-01
1.20800e+00 5.05980e-01
1.21200e+00 5.05396e-01
1.21600e+00 5.01748e-01
1.22000e+00 4.88249e-01
1.22400e+00 4.69226e-01
1.22800e+00 4.62916e-01
1.23200e+00 4.62646e-01
1.23600e+00 4.62710e-01
1.24000e+00 4.63104e-01
1.24400e+00 4.64268e-01
1.24800e+00 4.66589e-01
1.25200e+00 4.70162e-01
1.25600e+00 4.74997e-01
1.26000e+00 4.81698e-01
1.26400e+00 4.91842e-01
1.26800e+00 5.05580e-01
1.27200e+00 5.15491e-01
1.27600e+00 5.17550e-01
1.28000e+00 5.17618e-01
1.28400e+00 5.17619e-01
1.28800e+00 5.17619e-01
1.29200e+00 5.17618e-01
1.29600e+00 5.17615e-01
1.30000e+00 5.17591e-01
1.30400e+00 5.17415e-01
1.30800e+00 5.16182e-01
1.31200e+00 5.09064e-01
1.31600e+00 4.86558e-01
1.32000e+00 4.64321e-01
1.32400e+00 4.59946e-01
1.32800e+00 4.59870e-01
1.33200e+00 4.59963e-01
1.33600e+00 4.60424e-01
1.34000e+00 4.61657e-01
1.34400e+00 4.64072e-01
1.34800e+00 4.68018e-01
1.35200e+00 4.73865e-01
1.35600e+00 4.81422e-01
1.36000e+00 4.87956e-01
1.36400e+00 4.90503e-01
1.36800e+00 4.90911e-01
1.37200e+00 4.91006e-01
1.37600e+00 4.91094e-01
1.38000e+00 4.91252e-01
1.38400e+00 4.91560e-01
1.38800e+00 4.92119e-01
1.39200e+00 4.93070e-01
1.39600e+00 4.94673e-01
1.40000e+00 4.97540e-01
1.40400e+00 5.03099e-01
1.40800e+00 5.13633e-01
1.41200e+00 5.27455e-01
1.41600e+00 5.34561e-01
1.42000e+00 5.35363e-01
1.42400e+00 5.35374e-01
1.42800e+00 5.35374e-01
1.43200e+00 5.35374e-01
1.43600e+00 5.35374e-01
1.44000e+00 5.35374e-01
1.44400e+00 5.35374e-01
1.44800e+00 5.35374e-01
1.45200e+00 5.35374e-01
1.45600e+00 5.35374e-01
1.46000e+00 5.35374e-01
1.46400e+00 5.35376e-01
1.46800e+00 5.35383e-01
1.47200e+00 5.35386e-01
1.47600e+00 5.35385e-01
1.48000e+00 5.35368e-01
1.48400e+00 5.35219e-01
1.48800e+00 5.34080e-01
1.49200e+00 5.27129e-01
1.49600e+00 5.04697e-01
1.50000e+00 4.83161e-01
1.50400e+00 4.79422e-01
1.50800e+00 4.79468e-01
1.51200e+00 4.80342e-01
1.51600e+00 4.83915e-01
1.52000e+00 4.92317e-01
1.52400e+00 5.01573e-01
1.52800e+00 5.04534e-01
1.53200e+00 5.04696e-01
1.53600e+00 5.04697e-01
1.54000e+00 5.04697e-01
1.54400e+00 5.04697e-01
1.54800e+00 5.04697e-01
1.55200e+00 5.04697e-01
1.55600e+00 5.04697e-01
1.56000e+00 5.04697e-01
1.56400e+00 5.04697e-01
1.56800e+00 5.04698e-01
1.57200e+00 5.04699e-01
1.57600e+00 5.04703e-01
1.58000e+00 5.04712e-01
1.58400e+00 5.04733e-01
1.58800e+00 5.04779e-01
1.59200e+00 5.04876e-01
1.59600e+00 5.05075e-01
1.60000e+00 5.05504e-01
1.60400e+00 5.06520e-01
1.60800e+00 5.09058e-01
1.61200e+00 5.14498e-01
1.61600e+00 5.20959e-01
1.62000e+00 5.23397e-01
1.62400e+00 5.23577e-01
1.62800e+00 5.23585e-01
1.63200e+00 5.23591e-01
1.63600e+00 5.23609e-01
1.64000e+00 5.23671e-01
1.64400e+00 5.23850e-01
1.64800e+00 5.24321e-01
1.65200e+00 5.25506e-01
1.65600e+00 5.28492e-01
1.66000e+00 5.35956e-01
1.66400e+00 5.50748e-01
1.66800e+00 5.63741e-01
1.67200e+00 5.65883e-01
1.67600e+00 5.65084e-01
1.68000e+00 5.53443e-01
1.68400e+00 5.01984e-01
1.68800e+00 4.54809e-01
1.69200e+00 4.48618e-01
1.69600e+00 4.48876e-01
1.70000e+00 4.50854e-01
1.70400e+00 4.55715e-01
1.70800e+00 4.61643e-01
1.71200e+00 4.65638e-01
1.71600e+00 4.67837e-01
1.72000e+00 4.69728e-01
1.72400e+00 4.72411e-01
1.72800e+00 4.75959e-01
1.73200e+00 4.78155e-01
1.73600e+00 4.78520e-01
1.74000e+00 4.78537e-01
1.74400e+00 4.78544e-01
1.74800e+00 4.78557e-01
1.75200e+00 4.78604e-01
1.75600e+00 4.78756e-01
1.76000e+00 4.79226e-01
1.76400e+00 4.80595e-01
1.76800e+00 4.84004e-01
1.77200e+00 4.89379e-01
1.77600e+00 4.92620e-01
1.78000e+00 4.93060e-01
1.78400e+00 4.93068e-01
1.78800e+00 4.93068e-01
1.79200e+00 4.93068e-01
1.79600e+00 4.93068e-01
1.80000e+00 4.93068e-01
1.80400e+00 4.93068e-01
1.80800e+00 4.93068e-01
1.81200e+00 4.93069e-01
1.81600e+00 4.93072e-01
1.82000e+00 4.93079e-01
1.82400e+00 4.93096e-01
1.82800e+00 4.93135e-01
1.83200e+00 4.93214e-01
1.83600e+00 4.93364e-01
1.84000e+00 4.93635e-01
1.84400e+00 4.94143e-01
1.84800e+00 4.95200e-01
1.85200e+00 4.97551e-01
1.85600e+00 5.01958e-01
1.86000e+00 5.06312e-01
1.86400e+00 5.07651e-01
1.86800e+00 5.07753e-01
1.87200e+00 5.07771e-01
1.87600e+00 5.07804e-01
1.88000e+00 5.07920e-01
1.88400e+00 5.08355e-01
1.88800e+00 5.09812e-01
1.89200e+00 5.13569e-01
1.89600e+00 5.18663e-01
1.90000e+00 5.20800e-01
1.90400e+00 5.20964e-01
1.90800e+00 5.20965e-01
1.91200e+00 5.20965e-01
1.91600e+00 5.20965e-01
1.92000e+00 5.20966e-01
1.92400e+00 5.20967e-01
1.92800e+00 5.20975e-01
1.93200e+00 5.21027e-01
1.93600e+00 5.21258e-01
1.94000e+00 5.21631e-01
1.94400e+00 5.21701e-01
1.94800e+00 5.21561e-01
1.95200e+00 5.20136e-01
1.95600e+00 5.12080e-01
1.96000e+00 4.91074e-01
1.96400e+00 4.76035e-01
1.96800e+00 4.74359e-01
1.97200e+00 4.74583e-01
1.97600e+00 4.76265e-01
1.98000e+00 4.81261e-01
1.98400e+00 4.87414e-01
1.98800e+00 4.89521e-01
1.99200e+00 4.89644e-01
1.99600e+00 4.89644e-01
