0.00000e+00 4.09017e-01
4.00000e-03 4.09018e-01
8.00000e-03 4.09059e-01
1.20000e-02 4.09536e-01
1.60000e-02 4.12574e-01
2.00000e-02 4.24026e-01
2.40000e-02 4.52239e-01
2.80000e-02 5.00591e-01
3.20000e-02 5.46829e-01
3.60000e-02 5.60774e-01
4.00000e-02 5.61431e-01
4.40000e-02 5.61366e-01
4.80000e-02 5.60576e-01
5.20000e-02 5.55821e-01
5.60000e-02 5.41712e-01
6.00000e-02 5.27361e-01
6.40000e-02 5.22309e-01
6.80000e-02 5.19528e-01
7.20000e-02 5.12706e-01
7.60000e-02 4.94524e-01
8.00000e-02 4.78019e-01
8.40000e-02 4.75300e-01
8.80000e-02 4.75398e-01
9.20000e-02 4.76470e-01
9.60000e-02 4.80402e-01
1.00000e-01 4.89984e-01
1.04000e-01 5.06922e-01
1.08000e-01 5.23912e-01
1.12000e-01 5.30026e-01
1.16000e-01 5.30683e-01
1.20000e-01 5.30825e-01
1.24000e-01 5.31033e-01
1.28000e-01 5.31671e-01
1.32000e-01 5.33745e-01
1.36000e-01 5.40049e-01
1.40000e-01 5.55548e-01
1.44000e-01 5.74358e-01
1.48000e-01 5.79257e-01
1.52000e-01 5.78455e-01
1.56000e-01 5.66606e-01
1.60000e-01 5.25027e-01
1.64000e-01 4.97328e-01
1.68000e-01 4.95742e-01
1.72000e-01 4.97509e-01
1.76000e-01 4.98423e-01
1.80000e-01 4.95108e-01
1.84000e-01 4.70204e-01
1.88000e-01 4.25242e-01
1.92000e-01 4.09781e-01
1.96000e-01 4.09145e-01
2.00000e-01 4.09250e-01
2.04000e-01 4.09797e-01
2.08000e-01 4.11112e-01
2.12000e-01 4.13212e-01
2.16000e-01 4.15738e-01
2.20000e-01 4.18193e-01
2.24000e-01 4.20336e-01
2.28000e-01 4.22283e-01
2.32000e-01 4.24345e-01
2.36000e-01 4.26913e-01
2.40000e-01 4.30412e-01
2.44000e-01 4.35161e-01
2.48000e-01 4.40861e-01
2.52000e-01 4.46017e-01
2.56000e-01 4.49116e-01
2.60000e-01 4.50533e-01
2.64000e-01 4.51356e-01
2.68000e-01 4.52191e-01
2.72000e-01 4.53430e-01
2.76000e-01 4.55514e-01
2.80000e-01 4.59094e-01
2.84000e-01 4.65310e-01
2.88000e-01 4.75846e-01
2.92000e-01 4.89772e-01
2.96000e-01 4.98541e-01
3.00000e-01 5.00038e-01
3.04000e-01 5.00090e-01
3.08000e-01 5.00098e-01
3.12000e-01 5.00112e-01
3.16000e-01 5.00165e-01
3.20000e-01 5.00355e-01
3.24000e-01 5.01008e-01
3.28000e-01 5.03169e-01
3.32000e-01 5.09589e-01
3.36000e-01 5.21811e-01
3.40000e-01 5.29289e-01
3.44000e-01 5.29654e-01
3.48000e-01 5.27404e-01
3.52000e-01 5.13665e-01
3.56000e-01 4.89219e-01
3.60000e-01 4.80446e-01
3.64000e-01 4.80276e-01
3.68000e-01 4.81412e-01
3.72000e-01 4.85938e-01
3.76000e-01 4.92736e-01
3.80000e-01 4.95731e-01
3.84000e-01 4.96021e-01
3.88000e-01 4.96054e-01
3.92000e-01 4.96097e-01
3.96000e-01 4.96223e-01
4.00000e-01 4.96577e-01
4.04000e-01 4.97404e-01
4.08000e-01 4.99005e-01
4.12000e-01 5.01681e-01
4.16000e-01 5.05802e-01
4.20000e-01 5.12239e-01
4.24000e-01 5.23058e-01
4.28000e-01 5.40540e-01
4.32000e-01 5.58328e-01
4.36000e-01 5.64451e-01
4.40000e-01 5.64856e-01
4.44000e-01 5.64868e-01
4.48000e-01 5.64883e-01
4.52000e-01 5.64951e-01
4.56000e-01 5.65028e-01
4.60000e-01 5.65014e-01
4.64000e-01 5.64595e-01
4.68000e-01 5.59915e-01
4.72000e-01 5.33095e-01
4.76000e-01 4.90354e-01
4.80000e-01 4.79311e-01
4.84000e-01 4.79776e-01
4.88000e-01 4.82425e-01
4.92000e-01 4.83023e-01
4.96000e-01 4.80333e-01
5.00000e-01 4.65029e-01
5.04000e-01 4.41969e-01
5.08000e-01 4.35168e-01
5.12000e-01 4.35100e-01
5.16000e-01 4.36008e-01
5.20000e-01 4.39310e-01
5.24000e-01 4.45959e-01
5.28000e-01 4.54982e-01
5.32000e-01 4.63452e-01
5.36000e-01 4.69017e-01
5.40000e-01 4.72045e-01
5.44000e-01 4.73972e-01
5.48000e-01 4.75713e-01
5.52000e-01 4.77744e-01
5.56000e-01 4.80331e-01
5.60000e-01 4.83582e-01
5.64000e-01 4.87457e-01
5.68000e-01 4.91751e-01
5.72000e-01 4.96035e-01
5.76000e-01 4.99699e-01
5.80000e-01 5.02336e-01
5.84000e-01 5.04086e-01
5.88000e-01 5.05432e-01
5.92000e-01 5.06929e-01
5.96000e-01 5.09476e-01
6.00000e-01 5.15250e-01
6.04000e-01 5.27553e-01
6.08000e-01 5.40365e-01
6.12000e-01 5.42997e-01
6.16000e-01 5.42279e-01
6.20000e-01 5.34170e-01
6.24000e-01 5.06196e-01
6.28000e-01 4.82448e-01
6.32000e-01 4.79122e-01
6.36000e-01 4.79160e-01
6.40000e-01 4.79759e-01
6.44000e-01 4.81984e-01
6.48000e-01 4.87562e-01
6.52000e-01 4.98893e-01
6.56000e-01 5.15454e-01
6.60000e-01 5.26474e-01
6.64000e-01 5.28352e-01
6.68000e-01 5.28398e-01
6.72000e-01 5.28398e-01
6.76000e-01 5.28398e-01
6.80000e-01 5.28398e-01
6.84000e-01 5.28398e-01
6.88000e-01 5.28398e-01
6.92000e-01 5.28398e-01
6.96000e-01 5.28400e-01
7.00000e-01 5.28405e-01
7.04000e-01 5.28426e-01
7.08000e-01 5.28510e-01
7.12000e-01 5.28841e-01
7.16000e-01 5.30030e-01
7.20000e-01 5.33293e-01
7.24000e-01 5.37828e-01
7.28000e-01 5.39694e-01
7.32000e-01 5.39830e-01
7.36000e-01 5.39832e-01
7.40000e-01 5.39832e-01
7.44000e-01 5.39834e-01
7.48000e-01 5.39841e-01
7.52000e-01 5.39871e-01
7.56000e-01 5.39990e-01
7.60000e-01 5.40441e-01
7.64000e-01 5.42060e-01
7.68000e-01 5.46955e-01
7.72000e-01 5.55821e-01
7.76000e-01 5.61331e-01
7.80000e-01 5.61949e-01
7.84000e-01 5.61902e-01
7.88000e-01 5.61199e-01
7.92000e-01 5.56095e-01
7.96000e-01 5.37097e-01
8.00000e-01 5.15015e-01
8.04000e-01 5.09865e-01
8.08000e-01 5.09729e-01
8.12000e-01 5.09752e-01
8.16000e-01 5.09899e-01
8.20000e-01 5.10380e-01
8.24000e-01 5.11647e-01
8.28000e-01 5.15051e-01
8.32000e-01 5.24300e-01
8.36000e-01 5.40524e-01
8.40000e-01 5.47987e-01
8.44000e-01 5.47427e-01
8.48000e-01 5.35792e-01
8.52000e-01 4.93294e-01
8.56000e-01 4.60962e-01
8.60000e-01 4.57274e-01
8.64000e-01 4.57314e-01
8.68000e-01 4.57823e-01
8.72000e-01 4.59377e-01
8.76000e-01 4.62100e-01
8.80000e-01 4.65306e-01
8.84000e-01 4.68230e-01
8.88000e-01 4.70889e-01
8.92000e-01 4.74018e-01
8.96000e-01 4.79080e-01
9.00000e-01 4.88295e-01
9.04000e-01 5.00113e-01
9.08000e-01 5.05454e-01
9.12000e-01 5.05759e-01
9.16000e-01 5.05275e-01
9.20000e-01 5.01275e-01
9.24000e-01 4.86241e-01
9.28000e-01 4.66702e-01
9.32000e-01 4.61019e-01
9.36000e-01 4.60810e-01
9.40000e-01 4.60847e-01
9.44000e-01 4.61052e-01
9.48000e-01 4.61482e-01
9.52000e-01 4.61927e-01
9.56000e-01 4.62249e-01
9.60000e-01 4.62581e-01
9.64000e-01 4.63217e-01
9.68000e-01 4.64834e-01
9.72000e-01 4.68608e-01
9.76000e-01 4.74134e-01
9.80000e-01 4.77173e-01
9.84000e-01 4.77545e-01
9.88000e-01 4.77551e-01
9.92000e-01 4.77552e-01
9.96000e-01 4.77552e-01
1.00000e+00 4.77554e-01
1.00400e+00 4.77560e-01
1.00800e+00 4.77579e-01
1.01200e+00 4.77628e-01
1.01600e+00 4.77746e-01
1.02000e+00 4.77999e-01
1.02400e+00 4.78477e-01
1.02800e+00 4.79250e-01
1.03200e+00 4.80330e-01
1.03600e+00 4.81739e-01
1.04000e+00 4.83740e-01
1.04400e+00 4.87247e-01
1.04800e+00 4.94381e-01
1.05200e+00 5.05999e-01
1.05600e+00 5.13460e-01
1.06000e+00 5.14103e-01
1.06400e+00 5.13021e-01
1.06800e+00 5.03051e-01
1.07200e+00 4.69246e-01
1.07600e+00 4.39667e-01
1.08000e+00 4.35046e-01
1.08400e+00 4.34986e-01
1.08800e+00 4.35053e-01
1.09200e+00 4.35377e-01
1.09600e+00 4.36304e-01
1.10000e+00 4.38447e-01
1.10400e+00 4.42911e-01
1.10800e+00 4.51187e-01
1.11200e+00 4.62053e-01
1.11600e+00 4.68287e-01
1.12000e+00 4.69187e-01
1.12400e+00 4.69206e-01
1.12800e+00 4.69206e-01
1.13200e+00 4.69206e-01
1.13600e+00 4.69207e-01
1.14000e+00 4.69209e-01
1.14400e+00 4.69217e-01
1.14800e+00 4.69238e-01
1.15200e+00 4.69292e-01
1.15600e+00 4.69417e-01
1.16000e+00 4.69685e-01
1.16400e+00 4.70212e-01
1.16800e+00 4.71162e-01
1.17200e+00 4.72728e-01
1.17600e+00 4.75051e-01
1.18000e+00 4.78068e-01
1.18400e+00 4.81401e-01
1.18800e+00 4.84541e-01
1.19200e+00 4.87274e-01
1.19600e+00 4.89760e-01
1.20000e+00 4.92244e-01
1.20400e+00 4.94751e-01
1.20800e+00 4.97118e-01
1.21200e+00 4.99425e-01
1.21600e+00 5.02076e-01
1.22000e+00 5.04743e-01
1.22400e+00 5.05864e-01
1.22800e+00 5.05937e-01
1.23200e+00 5.05875e-01
1.23600e+00 5.05255e-01
1.24000e+00 5.01522e-01
1.24400e+00 4.87949e-01
1.24800e+00 4.69152e-01
1.25200e+00 4.63029e-01
1.25600e+00 4.62772e-01
1.26000e+00 4.62831e-01
1.26400e+00 4.63198e-01
1.26800e+00 4.64288e-01
1.27200e+00 4.66485e-01
1.27600e+00 4.69899e-01
1.28000e+00 4.74533e-01
1.28400e+00 4.80927e-01
1.28800e+00 4.90606e-01
1.29200e+00 5.04168e-01
1.29600e+00 5.14913e-01
1.30000e+00 5.17511e-01
1.30400e+00 5.17618e-01
1.30800e+00 5.17619e-01
1.31200e+00 5.17619e-01
1.31600e+00 5.17618e-01
1.32000e+00 5.17615e-01
1.32400e+00 5.17592e-01
1.32800e+00 5.17424e-01
1.33200e+00 5.16247e-01
1.33600e+00 5.09397e-01
1.34000e+00 4.87293e-01
1.34400e+00 4.64717e-01
1.34800e+00 4.60075e-01
1.35200e+00 4.59986e-01
1.35600e+00 4.60074e-01
1.36000e+00 4.60520e-01
1.36400e+00 4.61720e-01
1.36800e+00 4.64093e-01
1.37200e+00 4.68068e-01
1.37600e+00 4.74224e-01
1.38000e+00 4.82367e-01
1.38400e+00 4.88857e-01
1.38800e+00 4.90810e-01
1.39200e+00 4.91010e-01
1.39600e+00 4.91053e-01
1.40000e+00 4.91104e-01
1.40400e+00 4.91212e-01
1.40800e+00 4.91447e-01
1.41200e+00 4.91898e-01
1.41600e+00 4.92685e-01
1.42000e+00 4.94002e-01
1.42400e+00 4.96285e-01
1.42800e+00 5.00583e-01
1.43200e+00 5.08998e-01
1.43600e+00 5.22454e-01
1.44000e+00 5.33038e-01
1.44400e+00 5.35300e-01
1.44800e+00 5.35374e-01
1.45200e+00 5.35374e-01
1.45600e+00 5.35374e-01
1.46000e+00 5.35374e-01
1.46400e+00 5.35374e-01
1.46800e+00 5.35374e-01
1.47200e+00 5.35374e-01
1.47600e+00 5.35374e-01
1.48000e+00 5.35374e-01
1.48400e+00 5.35374e-01
1.48800e+00 5.35375e-01
1.49200e+00 5.35380e-01
1.49600e+00 5.35383e-01
1.50000e+00 5.35382e-01
1.50400e+00 5.35372e-01
1.50800e+00 5.35281e-01
1.51200e+00 5.34570e-01
1.51600e+00 5.29908e-01
1.52000e+00 5.11506e-01
1.52400e+00 4.86859e-01
1.52800e+00 4.80092e-01
1.53200e+00 4.79976e-01
1.53600e+00 4.80554e-01
1.54000e+00 4.83359e-01
1.54400e+00 4.90742e-01
1.54800e+00 5.00396e-01
1.55200e+00 5.04384e-01
1.55600e+00 5.04695e-01
1.56000e+00 5.04697e-01
1.56400e+00 5.04697e-01
1.56800e+00 5.04697e-01
1.57200e+00 5.04697e-01
1.57600e+00 5.04697e-01
1.58000e+00 5.04697e-01
1.58400e+00 5.04697e-01
1.58800e+00 5.04697e-01
1.59200e+00 5.04698e-01
1.59600e+00 5.04699e-01
1.60000e+00 5.04701e-01
1.60400e+00 5.04707e-01
1.60800e+00 5.04721e-01
1.61200e+00 5.04752e-01
1.61600e+00 5.04818e-01
1.62000e+00 5.04955e-01
1.62400e+00 5.05251e-01
1.62800e+00 5.05953e-01
1.63200e+00 5.07755e-01
1.63600e+00 5.12084e-01
1.64000e+00 5.18907e-01
1.64400e+00 5.23018e-01
1.64800e+00 5.23575e-01
1.65200e+00 5.23589e-01
1.65600e+00 5.23592e-01
1.66000e+00 5.23599e-01
1.66400e+00 5.23625e-01
1.66800e+00 5.23705e-01
1.67200e+00 5.23928e-01
1.67600e+00 5.24504e-01
1.68000e+00 5.25970e-01
1.68400e+00 5.29849e-01
1.68800e+00 5.39713e-01
1.69200e+00 5.55810e-01
1.69600e+00 5.63484e-01
1.70000e+00 5.63475e-01
1.70400e+00 5.56652e-01
1.70800e+00 5.15524e-01
1.71200e+00 4.61267e-01
1.71600e+00 4.50049e-01
1.72000e+00 4.50091e-01
1.72400e+00 4.51682e-01
1.72800e+00 4.56167e-01
1.73200e+00 4.62088e-01
1.73600e+00 4.66247e-01
1.74000e+00 4.68564e-01
1.74400e+00 4.70578e-01
1.74800e+00 4.73394e-01
1.75200e+00 4.76720e-01
1.75600e+00 4.78345e-01
1.76000e+00 4.78536e-01
1.76400e+00 4.78545e-01
1.76800e+00 4.78549e-01
1.77200e+00 4.78562e-01
1.77600e+00 4.78605e-01
1.78000e+00 4.78750e-01
1.78400e+00 4.79201e-01
1.78800e+00 4.80528e-01
1.79200e+00 4.83868e-01
1.79600e+00 4.89238e-01
1.80000e+00 4.92583e-01
1.80400e+00 4.93059e-01
1.80800e+00 4.93068e-01
1.81200e+00 4.93068e-01
1.81600e+00 4.93068e-01
1.82000e+00 4.93068e-01
1.82400e+00 4.93068e-01
1.82800e+00 4.93068e-01
1.83200e+00 4.93068e-01
1.83600e+00 4.93069e-01
1.84000e+00 4.93071e-01
1.84400e+00 4.93076e-01
1.84800e+00 4.93089e-01
1.85200e+00 4.93119e-01
1.85600e+00 4.93181e-01
1.86000e+00 4.93299e-01
1.86400e+00 4.93517e-01
1.86800e+00 4.93930e-01
1.87200e+00 4.94809e-01
1.87600e+00 4.96840e-01
1.88000e+00 5.00976e-01
1.88400e+00 5.05771e-01
1.88800e+00 5.07610e-01
1.89200e+00 5.07769e-01
1.89600e+00 5.07784e-01
1.90000e+00 5.07804e-01
1.90400e+00 5.07872e-01
1.90800e+00 5.08134e-01
1.91200e+00 5.09062e-01
1.91600e+00 5.11798e-01
1.92000e+00 5.16846e-01
1.92400e+00 5.20394e-01
1.92800e+00 5.20954e-01
1.93200e+00 5.20965e-01
1.93600e+00 5.20965e-01
1.94000e+00 5.20965e-01
1.94400e+00 5.20966e-01
1.94800e+00 5.20967e-01
1.95200e+00 5.20973e-01
1.95600e+00 5.21012e-01
1.96000e+00 5.21191e-01
1.96400e+00 5.21488e-01
1.96800e+00 5.21547e-01
1.97200e+00 5.21440e-01
1.97600e+00 5.20332e-01
1.98000e+00 5.13761e-01
1.98400e+00 4.94425e-01
1.98800e+00 4.77340e-01
1.99200e+00 4.75541e-01
1.99600e+00 4.75536e-01
