0.00000e+00 4.29469e-01
4.00000e-03 4.29469e-01
8.00000e-03 4.29464e-01
1.20000e-02 4.29379e-01
1.60000e-02 4.28631e-01
2.00000e-02 4.24708e-01
2.40000e-02 4.15720e-01
2.80000e-02 4.10742e-01
3.20000e-02 4.10666e-01
3.60000e-02 4.12295e-01
4.00000e-02 4.18535e-01
4.40000e-02 4.32396e-01
4.80000e-02 4.55872e-01
5.20000e-02 4.90541e-01
5.60000e-02 5.31950e-01
6.00000e-02 5.57178e-01
6.40000e-02 5.61222e-01
6.80000e-02 5.61285e-01
7.20000e-02 5.61147e-01
7.60000e-02 5.59935e-01
8.00000e-02 5.54048e-01
8.40000e-02 5.40116e-01
8.80000e-02 5.27172e-01
9.20000e-02 5.19924e-01
9.60000e-02 5.11469e-01
1.00000e-01 4.94740e-01
1.04000e-01 4.78994e-01
1.08000e-01 4.75856e-01
1.12000e-01 4.75882e-01
1.16000e-01 4.76594e-01
1.20000e-01 4.79446e-01
1.24000e-01 4.86815e-01
1.28000e-01 5.01214e-01
1.32000e-01 5.19560e-01
1.36000e-01 5.29345e-01
1.40000e-01 5.30760e-01
1.44000e-01 5.30880e-01
1.48000e-01 5.30968e-01
1.52000e-01 5.31198e-01
1.56000e-01 5.31970e-01
1.60000e-01 5.34497e-01
1.64000e-01 5.42195e-01
1.68000e-01 5.59415e-01
1.72000e-01 5.74355e-01
1.76000e-01 5.76116e-01
1.80000e-01 5.73460e-01
1.84000e-01 5.52120e-01
1.88000e-01 5.12195e-01
1.92000e-01 4.98305e-01
1.96000e-01 4.97080e-01
2.00000e-01 4.95687e-01
2.04000e-01 4.86553e-01
2.08000e-01 4.51454e-01
2.12000e-01 4.15892e-01
2.16000e-01 4.09486e-01
2.20000e-01 4.09420e-01
2.24000e-01 4.09680e-01
2.28000e-01 4.10629e-01
2.32000e-01 4.12495e-01
2.36000e-01 4.15028e-01
2.40000e-01 4.17642e-01
2.44000e-01 4.19921e-01
2.48000e-01 4.21878e-01
2.52000e-01 4.23788e-01
2.56000e-01 4.26003e-01
2.60000e-01 4.28913e-01
2.64000e-01 4.32906e-01
2.68000e-01 4.38124e-01
2.72000e-01 4.43796e-01
2.76000e-01 4.48104e-01
2.80000e-01 4.50232e-01
2.84000e-01 4.51166e-01
2.88000e-01 4.51815e-01
2.92000e-01 4.52604e-01
2.96000e-01 4.53868e-01
3.00000e-01 4.56021e-01
3.04000e-01 4.59700e-01
3.08000e-01 4.66067e-01
3.12000e-01 4.76805e-01
3.16000e-01 4.90636e-01
3.20000e-01 4.98808e-01
3.24000e-01 5.00063e-01
3.28000e-01 5.00099e-01
3.32000e-01 5.00104e-01
3.36000e-01 5.00113e-01
3.40000e-01 5.00148e-01
3.44000e-01 5.00275e-01
3.48000e-01 5.00721e-01
3.52000e-01 5.02238e-01
3.56000e-01 5.07004e-01
3.60000e-01 5.17661e-01
3.64000e-01 5.26827e-01
3.68000e-01 5.27970e-01
3.72000e-01 5.26862e-01
3.76000e-01 5.17893e-01
3.80000e-01 4.95308e-01
3.84000e-01 4.82193e-01
3.88000e-01 4.81306e-01
3.92000e-01 4.81909e-01
3.96000e-01 4.85157e-01
4.00000e-01 4.91528e-01
4.04000e-01 4.95495e-01
4.08000e-01 4.96047e-01
4.12000e-01 4.96084e-01
4.16000e-01 4.96112e-01
4.20000e-01 4.96190e-01
4.24000e-01 4.96424e-01
4.28000e-01 4.97005e-01
4.32000e-01 4.98206e-01
4.36000e-01 5.00302e-01
4.40000e-01 5.03544e-01
4.44000e-01 5.08382e-01
4.48000e-01 5.16033e-01
4.52000e-01 5.29017e-01
4.56000e-01 5.47960e-01
4.60000e-01 5.61942e-01
4.64000e-01 5.64764e-01
4.68000e-01 5.64872e-01
4.72000e-01 5.64890e-01
4.76000e-01 5.64927e-01
4.80000e-01 5.64963e-01
4.84000e-01 5.64957e-01
4.88000e-01 5.64769e-01
4.92000e-01 5.62583e-01
4.96000e-01 5.46757e-01
5.00000e-01 5.05535e-01
5.04000e-01 4.83049e-01
5.08000e-01 4.81449e-01
5.12000e-01 4.81371e-01
5.16000e-01 4.80752e-01
5.20000e-01 4.75660e-01
5.24000e-01 4.57716e-01
5.28000e-01 4.39250e-01
5.32000e-01 4.35839e-01
5.36000e-01 4.35954e-01
5.40000e-01 4.37155e-01
5.44000e-01 4.40904e-01
5.48000e-01 4.47983e-01
5.52000e-01 4.57198e-01
5.56000e-01 4.65439e-01
5.60000e-01 4.70466e-01
5.64000e-01 4.72993e-01
5.68000e-01 4.74558e-01
5.72000e-01 4.76016e-01
5.76000e-01 4.77797e-01
5.80000e-01 4.80155e-01
5.84000e-01 4.83205e-01
5.88000e-01 4.86932e-01
5.92000e-01 4.91179e-01
5.96000e-01 4.95565e-01
6.00000e-01 4.99442e-01
6.04000e-01 5.02238e-01
6.08000e-01 5.03989e-01
6.12000e-01 5.05190e-01
6.16000e-01 5.06372e-01
6.20000e-01 5.08207e-01
6.24000e-01 5.12245e-01
6.28000e-01 5.21736e-01
6.32000e-01 5.35519e-01
6.36000e-01 5.41014e-01
6.40000e-01 5.40945e-01
6.44000e-01 5.37020e-01
6.48000e-01 5.16953e-01
6.52000e-01 4.87919e-01
6.56000e-01 4.79718e-01
6.60000e-01 4.79518e-01
6.64000e-01 4.79828e-01
6.68000e-01 4.81356e-01
6.72000e-01 4.85643e-01
6.76000e-01 4.95046e-01
6.80000e-01 5.10774e-01
6.84000e-01 5.24607e-01
6.88000e-01 5.28236e-01
6.92000e-01 5.28397e-01
6.96000e-01 5.28398e-01
7.00000e-01 5.28398e-01
7.04000e-01 5.28398e-01
7.08000e-01 5.28398e-01
7.12000e-01 5.28398e-01
7.16000e-01 5.28398e-01
7.20000e-01 5.28399e-01
7.24000e-01 5.28401e-01
7.28000e-01 5.28410e-01
7.32000e-01 5.28445e-01
7.36000e-01 5.28586e-01
7.40000e-01 5.29127e-01
7.44000e-01 5.30944e-01
7.48000e-01 5.35054e-01
7.52000e-01 5.38917e-01
7.56000e-01 5.39803e-01
7.60000e-01 5.39832e-01
7.64000e-01 5.39833e-01
7.68000e-01 5.39833e-01
7.72000e-01 5.39835e-01
7.76000e-01 5.39845e-01
7.80000e-01 5.39883e-01
7.84000e-01 5.40032e-01
7.88000e-01 5.40595e-01
7.92000e-01 5.42596e-01
7.96000e-01 5.48324e-01
8.00000e-01 5.57251e-01
8.04000e-01 5.61470e-01
8.08000e-01 5.61756e-01
8.12000e-01 5.61621e-01
8.16000e-01 5.60074e-01
8.20000e-01 5.50825e-01
8.24000e-01 5.27234e-01
8.28000e-01 5.11554e-01
8.32000e-01 5.09788e-01
8.36000e-01 5.09777e-01
8.40000e-01 5.09822e-01
8.44000e-01 5.10042e-01
8.48000e-01 5.10754e-01
8.52000e-01 5.12903e-01
8.56000e-01 5.19374e-01
8.60000e-01 5.33465e-01
8.64000e-01 5.43462e-01
8.68000e-01 5.43786e-01
8.72000e-01 5.37305e-01
8.76000e-01 5.03919e-01
8.80000e-01 4.65286e-01
8.84000e-01 4.57747e-01
8.88000e-01 4.57672e-01
8.92000e-01 4.58054e-01
8.96000e-01 4.59470e-01
9.00000e-01 4.62184e-01
9.04000e-01 4.65515e-01
9.08000e-01 4.68537e-01
9.12000e-01 4.71201e-01
9.16000e-01 4.74277e-01
9.20000e-01 4.79266e-01
9.24000e-01 4.88377e-01
9.28000e-01 4.99913e-01
9.32000e-01 5.04963e-01
9.36000e-01 5.05230e-01
9.40000e-01 5.04743e-01
9.44000e-01 5.00777e-01
9.48000e-01 4.85970e-01
9.52000e-01 4.66727e-01
9.56000e-01 4.61097e-01
9.60000e-01 4.60885e-01
9.64000e-01 4.60914e-01
9.68000e-01 4.61084e-01
9.72000e-01 4.61467e-01
9.76000e-01 4.61921e-01
9.80000e-01 4.62303e-01
9.84000e-01 4.62722e-01
9.88000e-01 4.63499e-01
9.92000e-01 4.65385e-01
9.96000e-01 4.69526e-01
1.00000e+00 4.74903e-01
1.00400e+00 4.77325e-01
1.00800e+00 4.77549e-01
1.01200e+00 4.77552e-01
1.01600e+00 4.77552e-01
1.02000e+00 4.77552e-01
1.02400e+00 4.77554e-01
1.02800e+00 4.77560e-01
1.03200e+00 4.77577e-01
1.03600e+00 4.77622e-01
1.04000e+00 4.77729e-01
1.04400e+00 4.77961e-01
1.04800e+00 4.78401e-01
1.05200e+00 4.79121e-01
1.05600e+00 4.80136e-01
1.06000e+00 4.81463e-01
1.06400e+00 4.83341e-01
1.06800e+00 4.86649e-01
1.07200e+00 4.93515e-01
1.07600e+00 5.04931e-01
1.08000e+00 5.12242e-01
1.08400e+00 5.12791e-01
1.08800e+00 5.11353e-01
1.09200e+00 4.99206e-01
1.09600e+00 4.63647e-01
1.10000e+00 4.38176e-01
1.10400e+00 4.35099e-01
1.10800e+00 4.35084e-01
1.11200e+00 4.35201e-01
1.11600e+00 4.35692e-01
1.12000e+00 4.36992e-01
1.12400e+00 4.39857e-01
1.12800e+00 4.45581e-01
1.13200e+00 4.55269e-01
1.13600e+00 4.65254e-01
1.14000e+00 4.68925e-01
1.14400e+00 4.69203e-01
1.14800e+00 4.69206e-01
1.15200e+00 4.69206e-01
1.15600e+00 4.69206e-01
1.16000e+00 4.69207e-01
1.16400e+00 4.69210e-01
1.16800e+00 4.69217e-01
1.17200e+00 4.69239e-01
1.17600e+00 4.69293e-01
1.18000e+00 4.69418e-01
1.18400e+00 4.69683e-01
1.18800e+00 4.70200e-01
1.19200e+00 4.71132e-01
1.19600e+00 4.72669e-01
1.20000e+00 4.74955e-01
1.20400e+00 4.77947e-01
1.20800e+00 4.81292e-01
1.21200e+00 4.84485e-01
1.21600e+00 4.87271e-01
1.22000e+00 4.89746e-01
1.22400e+00 4.92097e-01
1.22800e+00 4.94376e-01
1.23200e+00 4.96603e-01
1.23600e+00 4.99062e-01
1.24000e+00 5.02145e-01
1.24400e+00 5.04946e-01
1.24800e+00 5.05830e-01
1.25200e+00 5.05862e-01
1.25600e+00 5.05791e-01
1.26000e+00 5.05138e-01
1.26400e+00 5.01315e-01
1.26800e+00 4.87646e-01
1.27200e+00 4.69061e-01
1.27600e+00 4.63133e-01
1.28000e+00 4.62889e-01
1.28400e+00 4.62944e-01
1.28800e+00 4.63286e-01
1.29200e+00 4.64312e-01
1.29600e+00 4.66396e-01
1.30000e+00 4.69661e-01
1.30400e+00 4.74105e-01
1.30800e+00 4.80204e-01
1.31200e+00 4.89413e-01
1.31600e+00 5.02705e-01
1.32000e+00 5.14220e-01
1.32400e+00 5.17453e-01
1.32800e+00 5.17618e-01
1.33200e+00 5.17619e-01
1.33600e+00 5.17619e-01
1.34000e+00 5.17618e-01
1.34400e+00 5.17615e-01
1.34800e+00 5.17593e-01
1.35200e+00 5.17433e-01
1.35600e+00 5.16310e-01
1.36000e+00 5.09730e-01
1.36400e+00 4.88046e-01
1.36800e+00 4.65135e-01
1.37200e+00 4.60206e-01
1.37600e+00 4.60102e-01
1.38000e+00 4.60185e-01
1.38400e+00 4.60612e-01
1.38800e+00 4.61773e-01
1.39200e+00 4.64107e-01
1.39600e+00 4.68164e-01
1.40000e+00 4.74754e-01
1.40400e+00 4.83475e-01
1.40800e+00 4.89601e-01
1.41200e+00 4.90970e-01
1.41600e+00 4.91059e-01
1.42000e+00 4.91079e-01
1.42400e+00 4.91108e-01
1.42800e+00 4.91182e-01
1.43200e+00 4.91358e-01
1.43600e+00 4.91717e-01
1.44000e+00 4.92366e-01
1.44400e+00 4.93457e-01
1.44800e+00 4.95302e-01
1.45200e+00 4.98655e-01
1.45600e+00 5.05210e-01
1.46000e+00 5.17056e-01
1.46400e+00 5.30134e-01
1.46800e+00 5.35023e-01
1.47200e+00 5.35371e-01
1.47600e+00 5.35374e-01
1.48000e+00 5.35374e-01
1.48400e+00 5.35374e-01
1.48800e+00 5.35374e-01
1.49200e+00 5.35374e-01
1.49600e+00 5.35374e-01
1.50000e+00 5.35374e-01
1.50400e+00 5.35374e-01
1.50800e+00 5.35374e-01
1.51200e+00 5.35375e-01
1.51600e+00 5.35378e-01
1.52000e+00 5.35380e-01
1.52400e+00 5.35380e-01
1.52800e+00 5.35374e-01
1.53200e+00 5.35319e-01
1.53600e+00 5.34881e-01
1.54000e+00 5.31849e-01
1.54400e+00 5.17697e-01
1.54800e+00 4.91880e-01
1.55200e+00 4.81035e-01
1.55600e+00 4.80516e-01
1.56000e+00 4.80871e-01
1.56400e+00 4.82996e-01
1.56800e+00 4.89291e-01
1.57200e+00 4.98985e-01
1.57600e+00 5.04126e-01
1.58000e+00 5.04690e-01
1.58400e+00 5.04697e-01
1.58800e+00 5.04697e-01
1.59200e+00 5.04697e-01
1.59600e+00 5.04697e-01
1.60000e+00 5.04697e-01
1.60400e+00 5.04697e-01
1.60800e+00 5.04697e-01
1.61200e+00 5.04697e-01
1.61600e+00 5.04697e-01
1.62000e+00 5.04698e-01
1.62400e+00 5.04700e-01
1.62800e+00 5.04703e-01
1.63200e+00 5.04713e-01
1.63600e+00 5.04734e-01
1.64000e+00 5.04779e-01
1.64400e+00 5.04873e-01
1.64800e+00 5.05076e-01
1.65200e+00 5.05557e-01
1.65600e+00 5.06806e-01
1.66000e+00 5.10033e-01
1.66400e+00 5.16362e-01
1.66800e+00 5.22129e-01
1.67200e+00 5.23535e-01
1.67600e+00 5.23592e-01
1.68000e+00 5.23594e-01
1.68400e+00 5.23597e-01
1.68800e+00 5.23607e-01
1.69200e+00 5.23642e-01
1.69600e+00 5.23744e-01
1.70000e+00 5.24019e-01
1.70400e+00 5.24731e-01
1.70800e+00 5.26669e-01
1.71200e+00 5.32245e-01
1.71600e+00 5.45515e-01
1.72000e+00 5.58673e-01
1.72400e+00 5.60410e-01
1.72800e+00 5.56984e-01
1.73200e+00 5.27381e-01
1.73600e+00 4.70411e-01
1.74000e+00 4.51825e-01
1.74400e+00 4.51427e-01
1.74800e+00 4.52568e-01
1.75200e+00 4.56511e-01
1.75600e+00 4.62306e-01
1.76000e+00 4.66731e-01
1.76400e+00 4.69308e-01
1.76800e+00 4.71535e-01
1.77200e+00 4.74450e-01
1.77600e+00 4.77372e-01
1.78000e+00 4.78456e-01
1.78400e+00 4.78545e-01
1.78800e+00 4.78550e-01
1.79200e+00 4.78553e-01
1.79600e+00 4.78565e-01
1.80000e+00 4.78606e-01
1.80400e+00 4.78745e-01
1.80800e+00 4.79179e-01
1.81200e+00 4.80465e-01
1.81600e+00 4.83734e-01
1.82000e+00 4.89092e-01
1.82400e+00 4.92543e-01
1.82800e+00 4.93058e-01
1.83200e+00 4.93068e-01
1.83600e+00 4.93068e-01
1.84000e+00 4.93068e-01
1.84400e+00 4.93068e-01
1.84800e+00 4.93068e-01
1.85200e+00 4.93068e-01
1.85600e+00 4.93068e-01
1.86000e+00 4.93069e-01
1.86400e+00 4.93070e-01
1.86800e+00 4.93074e-01
1.87200e+00 4.93084e-01
1.87600e+00 4.93107e-01
1.88000e+00 4.93155e-01
1.88400e+00 4.93248e-01
1.88800e+00 4.93422e-01
1.89200e+00 4.93757e-01
1.89600e+00 4.94482e-01
1.90000e+00 4.96208e-01
1.90400e+00 4.99982e-01
1.90800e+00 5.05067e-01
1.91200e+00 5.07515e-01
1.91600e+00 5.07781e-01
1.92000e+00 5.07795e-01
1.92400e+00 5.07808e-01
1.92800e+00 5.07848e-01
1.93200e+00 5.08004e-01
1.93600e+00 5.08581e-01
1.94000e+00 5.10443e-01
1.94400e+00 5.14773e-01
1.94800e+00 5.19488e-01
1.95200e+00 5.20897e-01
1.95600e+00 5.20965e-01
1.96000e+00 5.20965e-01
1.96400e+00 5.20966e-01
1.96800e+00 5.20966e-01
1.97200e+00 5.20966e-01
1.97600e+00 5.20971e-01
1.98000e+00 5.21001e-01
1.98400e+00 5.21139e-01
1.98800e+00 5.21381e-01
1.99200e+00 5.21020e-01
1.99600e+00 5.20972e-01
