0.00000e+00 4.89613e-01
4.00000e-03 4.89613e-01
8.00000e-03 4.89611e-01
1.20000e-02 4.89565e-01
1.60000e-02 4.88962e-01
2.00000e-02 4.84011e-01
2.40000e-02 4.63903e-01
2.80000e-02 4.38206e-01
3.20000e-02 4.29795e-01
3.60000e-02 4.27555e-01
4.00000e-02 4.24237e-01
4.40000e-02 4.17234e-01
4.80000e-02 4.12126e-01
5.20000e-02 4.11731e-01
5.60000e-02 4.12446e-01
6.00000e-02 4.15871e-01
6.40000e-02 4.24157e-01
6.80000e-02 4.38266e-01
7.20000e-02 4.58232e-01
7.60000e-02 4.84963e-01
8.00000e-02 5.19247e-01
8.40000e-02 5.50103e-01
8.80000e-02 5.60528e-01
9.20000e-02 5.61197e-01
9.60000e-02 5.61182e-01
1.00000e-01 5.60951e-01
1.04000e-01 5.59445e-01
1.08000e-01 5.53514e-01
1.12000e-01 5.41041e-01
1.16000e-01 5.26450e-01
1.20000e-01 5.10747e-01
1.24000e-01 4.91433e-01
1.28000e-01 4.78360e-01
1.32000e-01 4.76230e-01
1.36000e-01 4.76253e-01
1.40000e-01 4.76753e-01
1.44000e-01 4.78839e-01
1.48000e-01 4.84474e-01
1.52000e-01 4.96298e-01
1.56000e-01 5.14302e-01
1.60000e-01 5.27794e-01
1.64000e-01 5.30757e-01
1.68000e-01 5.30929e-01
1.72000e-01 5.30973e-01
1.76000e-01 5.31056e-01
1.80000e-01 5.31337e-01
1.84000e-01 5.32309e-01
1.88000e-01 5.35567e-01
1.92000e-01 5.45318e-01
1.96000e-01 5.63182e-01
2.00000e-01 5.72565e-01
2.04000e-01 5.72682e-01
2.08000e-01 5.67004e-01
2.12000e-01 5.39939e-01
2.16000e-01 5.08007e-01
2.20000e-01 4.97418e-01
2.24000e-01 4.90974e-01
2.28000e-01 4.71979e-01
2.32000e-01 4.32051e-01
2.36000e-01 4.11297e-01
2.40000e-01 4.09686e-01
2.44000e-01 4.09768e-01
2.48000e-01 4.10322e-01
2.52000e-01 4.11798e-01
2.56000e-01 4.14207e-01
2.60000e-01 4.16977e-01
2.64000e-01 4.19470e-01
2.68000e-01 4.21515e-01
2.72000e-01 4.23344e-01
2.76000e-01 4.25299e-01
2.80000e-01 4.27743e-01
2.84000e-01 4.31057e-01
2.88000e-01 4.35571e-01
2.92000e-01 4.41147e-01
2.96000e-01 4.46449e-01
3.00000e-01 4.49692e-01
3.04000e-01 4.51020e-01
3.08000e-01 4.51639e-01
3.12000e-01 4.52182e-01
3.16000e-01 4.52956e-01
3.20000e-01 4.54263e-01
3.24000e-01 4.56496e-01
3.28000e-01 4.60284e-01
3.32000e-01 4.66816e-01
3.36000e-01 4.77764e-01
3.40000e-01 4.91461e-01
3.44000e-01 4.99034e-01
3.48000e-01 5.00080e-01
3.52000e-01 5.00105e-01
3.56000e-01 5.00108e-01
3.60000e-01 5.00114e-01
3.64000e-01 5.00137e-01
3.68000e-01 5.00222e-01
3.72000e-01 5.00529e-01
3.76000e-01 5.01596e-01
3.80000e-01 5.05093e-01
3.84000e-01 5.13949e-01
3.88000e-01 5.24103e-01
3.92000e-01 5.26397e-01
3.96000e-01 5.25887e-01
4.00000e-01 5.20365e-01
4.04000e-01 5.01506e-01
4.08000e-01 4.84649e-01
4.12000e-01 4.82297e-01
4.16000e-01 4.82586e-01
4.20000e-01 4.84749e-01
4.24000e-01 4.90258e-01
4.28000e-01 4.95055e-01
4.32000e-01 4.96054e-01
4.36000e-01 4.96109e-01
4.40000e-01 4.96130e-01
4.44000e-01 4.96179e-01
4.48000e-01 4.96329e-01
4.52000e-01 4.96731e-01
4.56000e-01 4.97618e-01
4.60000e-01 4.99254e-01
4.64000e-01 5.01856e-01
4.68000e-01 5.05661e-01
4.72000e-01 5.11294e-01
4.76000e-01 5.20430e-01
4.80000e-01 5.35724e-01
4.84000e-01 5.54486e-01
4.88000e-01 5.63794e-01
4.92000e-01 5.64867e-01
4.96000e-01 5.64915e-01
5.00000e-01 5.64935e-01
5.04000e-01 5.64941e-01
5.08000e-01 5.64936e-01
5.12000e-01 5.64857e-01
5.16000e-01 5.63946e-01
5.20000e-01 5.56285e-01
5.24000e-01 5.24906e-01
5.28000e-01 4.89843e-01
5.32000e-01 4.81831e-01
5.36000e-01 4.80661e-01
5.40000e-01 4.78669e-01
5.44000e-01 4.70183e-01
5.48000e-01 4.50447e-01
5.52000e-01 4.37740e-01
5.56000e-01 4.36513e-01
5.60000e-01 4.36762e-01
5.64000e-01 4.38302e-01
5.68000e-01 4.42532e-01
5.72000e-01 4.50037e-01
5.76000e-01 4.59422e-01
5.80000e-01 4.67365e-01
5.84000e-01 4.71789e-01
5.88000e-01 4.73818e-01
5.92000e-01 4.75053e-01
5.96000e-01 4.76258e-01
6.00000e-01 4.77814e-01
6.04000e-01 4.79960e-01
6.08000e-01 4.82818e-01
6.12000e-01 4.86393e-01
6.16000e-01 4.90574e-01
6.20000e-01 4.95048e-01
6.24000e-01 4.99160e-01
6.28000e-01 5.02171e-01
6.32000e-01 5.03967e-01
6.36000e-01 5.05063e-01
6.40000e-01 5.06009e-01
6.44000e-01 5.07344e-01
6.48000e-01 5.10155e-01
6.52000e-01 5.17106e-01
6.56000e-01 5.30010e-01
6.60000e-01 5.38668e-01
6.64000e-01 5.39328e-01
6.68000e-01 5.37650e-01
6.72000e-01 5.25088e-01
6.76000e-01 4.96077e-01
6.80000e-01 4.80973e-01
6.84000e-01 4.79896e-01
6.88000e-01 4.80040e-01
6.92000e-01 4.81021e-01
6.96000e-01 4.84206e-01
7.00000e-01 4.91772e-01
7.04000e-01 5.05907e-01
7.08000e-01 5.21728e-01
7.12000e-01 5.27915e-01
7.16000e-01 5.28394e-01
7.20000e-01 5.28398e-01
7.24000e-01 5.28398e-01
7.28000e-01 5.28398e-01
7.32000e-01 5.28398e-01
7.36000e-01 5.28398e-01
7.40000e-01 5.28398e-01
7.44000e-01 5.28398e-01
7.48000e-01 5.28399e-01
7.52000e-01 5.28403e-01
7.56000e-01 5.28417e-01
7.60000e-01 5.28477e-01
7.64000e-01 5.28711e-01
7.68000e-01 5.29581e-01
7.72000e-01 5.32218e-01
7.76000e-01 5.36803e-01
7.80000e-01 5.39507e-01
7.84000e-01 5.39828e-01
7.88000e-01 5.39833e-01
7.92000e-01 5.39833e-01
7.96000e-01 5.39834e-01
8.00000e-01 5.39837e-01
8.04000e-01 5.39849e-01
8.08000e-01 5.39897e-01
8.12000e-01 5.40084e-01
8.16000e-01 5.40793e-01
8.20000e-01 5.43271e-01
8.24000e-01 5.49881e-01
8.28000e-01 5.58466e-01
8.32000e-01 5.61410e-01
8.36000e-01 5.61499e-01
8.40000e-01 5.61152e-01
8.44000e-01 5.57943e-01
8.48000e-01 5.43074e-01
8.52000e-01 5.18939e-01
8.56000e-01 5.10246e-01
8.60000e-01 5.09815e-01
8.64000e-01 5.09823e-01
8.68000e-01 5.09909e-01
8.72000e-01 5.10279e-01
8.76000e-01 5.11584e-01
8.80000e-01 5.15976e-01
8.84000e-01 5.27371e-01
8.88000e-01 5.38795e-01
8.92000e-01 5.40093e-01
8.96000e-01 5.36570e-01
9.00000e-01 5.12019e-01
9.04000e-01 4.71099e-01
9.08000e-01 4.58454e-01
9.12000e-01 4.58074e-01
9.16000e-01 4.58344e-01
9.20000e-01 4.59584e-01
9.24000e-01 4.62222e-01
9.28000e-01 4.65652e-01
9.32000e-01 4.68803e-01
9.36000e-01 4.71512e-01
9.40000e-01 4.74565e-01
9.44000e-01 4.79491e-01
9.48000e-01 4.88489e-01
9.52000e-01 4.99724e-01
9.56000e-01 5.04486e-01
9.60000e-01 5.04719e-01
9.64000e-01 5.04226e-01
9.68000e-01 5.00279e-01
9.72000e-01 4.85657e-01
9.76000e-01 4.66712e-01
9.80000e-01 4.61161e-01
9.84000e-01 4.60948e-01
9.88000e-01 4.60971e-01
9.92000e-01 4.61113e-01
9.96000e-01 4.61454e-01
1.00000e+00 4.61907e-01
1.00400e+00 4.62349e-01
1.00800e+00 4.62867e-01
1.01200e+00 4.63813e-01
1.01600e+00 4.66008e-01
1.02000e+00 4.70497e-01
1.02400e+00 4.75580e-01
1.02800e+00 4.77424e-01
1.03200e+00 4.77551e-01
1.03600e+00 4.77552e-01
1.04000e+00 4.77552e-01
1.04400e+00 4.77553e-01
1.04800e+00 4.77554e-01
1.05200e+00 4.77560e-01
1.05600e+00 4.77575e-01
1.06000e+00 4.77616e-01
1.06400e+00 4.77714e-01
1.06800e+00 4.77926e-01
1.07200e+00 4.78332e-01
1.07600e+00 4.79003e-01
1.08000e+00 4.79954e-01
1.08400e+00 4.81200e-01
1.08800e+00 4.82972e-01
1.09200e+00 4.86142e-01
1.09600e+00 4.92867e-01
1.10000e+00 5.04075e-01
1.10400e+00 5.10907e-01
1.10800e+00 5.11298e-01
1.11200e+00 5.09367e-01
1.11600e+00 4.94778e-01
1.12000e+00 4.58354e-01
1.12400e+00 4.37147e-01
1.12800e+00 4.35197e-01
1.13200e+00 4.35209e-01
1.13600e+00 4.35403e-01
1.14000e+00 4.36112e-01
1.14400e+00 4.37883e-01
1.14800e+00 4.41641e-01
1.15200e+00 4.48814e-01
1.15600e+00 4.59437e-01
1.16000e+00 4.67403e-01
1.16400e+00 4.69142e-01
1.16800e+00 4.69206e-01
1.17200e+00 4.69206e-01
1.17600e+00 4.69206e-01
1.18000e+00 4.69206e-01
1.18400e+00 4.69207e-01
1.18800e+00 4.69210e-01
1.19200e+00 4.69218e-01
1.19600e+00 4.69240e-01
1.20000e+00 4.69295e-01
1.20400e+00 4.69419e-01
1.20800e+00 4.69680e-01
1.21200e+00 4.70189e-01
1.21600e+00 4.71103e-01
1.22000e+00 4.72611e-01
1.22400e+00 4.74860e-01
1.22800e+00 4.77823e-01
1.23200e+00 4.81178e-01
1.23600e+00 4.84434e-01
1.24000e+00 4.87288e-01
1.24400e+00 4.89756e-01
1.24800e+00 4.91969e-01
1.25200e+00 4.94029e-01
1.25600e+00 4.96125e-01
1.26000e+00 4.98717e-01
1.26400e+00 5.02174e-01
1.26800e+00 5.05055e-01
1.27200e+00 5.05784e-01
1.27600e+00 5.05800e-01
1.28000e+00 5.05720e-01
1.28400e+00 5.05038e-01
1.28800e+00 5.01123e-01
1.29200e+00 4.87343e-01
1.29600e+00 4.68961e-01
1.30000e+00 4.63227e-01
1.30400e+00 4.62998e-01
1.30800e+00 4.63049e-01
1.31200e+00 4.63371e-01
1.31600e+00 4.64338e-01
1.32000e+00 4.66319e-01
1.32400e+00 4.69447e-01
1.32800e+00 4.73712e-01
1.33200e+00 4.79528e-01
1.33600e+00 4.88271e-01
1.34000e+00 5.01207e-01
1.34400e+00 5.13403e-01
1.34800e+00 5.17369e-01
1.35200e+00 5.17617e-01
1.35600e+00 5.17618e-01
1.36000e+00 5.17618e-01
1.36400e+00 5.17618e-01
1.36800e+00 5.17615e-01
1.37200e+00 5.17595e-01
1.37600e+00 5.17442e-01
1.38000e+00 5.16373e-01
1.38400e+00 5.10060e-01
1.38800e+00 4.88818e-01
1.39200e+00 4.65576e-01
1.39600e+00 4.60338e-01
1.40000e+00 4.60217e-01
1.40400e+00 4.60294e-01
1.40800e+00 4.60699e-01
1.41200e+00 4.61820e-01
1.41600e+00 4.64132e-01
1.42000e+00 4.68343e-01
1.42400e+00 4.75466e-01
1.42800e+00 4.84623e-01
1.43200e+00 4.90131e-01
1.43600e+00 4.91043e-01
1.44000e+00 4.91082e-01
1.44400e+00 4.91092e-01
1.44800e+00 4.91110e-01
1.45200e+00 4.91161e-01
1.45600e+00 4.91290e-01
1.46000e+00 4.91572e-01
1.46400e+00 4.92102e-01
1.46800e+00 4.93009e-01
1.47200e+00 4.94520e-01
1.47600e+00 4.97171e-01
1.48000e+00 5.02238e-01
1.48400e+00 5.11981e-01
1.48800e+00 5.25816e-01
1.49200e+00 5.34161e-01
1.49600e+00 5.35352e-01
1.50000e+00 5.35374e-01
1.50400e+00 5.35374e-01
1.50800e+00 5.35374e-01
1.51200e+00 5.35374e-01
1.51600e+00 5.35374e-01
1.52000e+00 5.35374e-01
1.52400e+00 5.35374e-01
1.52800e+00 5.35374e-01
1.53200e+00 5.35374e-01
1.53600e+00 5.35375e-01
1.54000e+00 5.35377e-01
1.54400e+00 5.35379e-01
1.54800e+00 5.35379e-01
1.55200e+00 5.35375e-01
1.55600e+00 5.35342e-01
1.56000e+00 5.35074e-01
1.56400e+00 5.33151e-01
1.56800e+00 5.22879e-01
1.57200e+00 4.98057e-01
1.57600e+00 4.82519e-01
1.58000e+00 4.81078e-01
1.58400e+00 4.81282e-01
1.58800e+00 4.82822e-01
1.59200e+00 4.88019e-01
1.59600e+00 4.97381e-01
1.60000e+00 5.03706e-01
1.60400e+00 5.04678e-01
1.60800e+00 5.04697e-01
1.61200e+00 5.04697e-01
1.61600e+00 5.04697e-01
1.62000e+00 5.04697e-01
1.62400e+00 5.04697e-01
1.62800e+00 5.04697e-01
1.63200e+00 5.04697e-01
1.63600e+00 5.04697e-01
1.64000e+00 5.04697e-01
1.64400e+00 5.04698e-01
1.64800e+00 5.04699e-01
1.65200e+00 5.04701e-01
1.65600e+00 5.04707e-01
1.66000e+00 5.04721e-01
1.66400e+00 5.04752e-01
1.66800e+00 5.04816e-01
1.67200e+00 5.04955e-01
1.67600e+00 5.05283e-01
1.68000e+00 5.06135e-01
1.68400e+00 5.08434e-01
1.68800e+00 5.13710e-01
1.69200e+00 5.20520e-01
1.69600e+00 5.23365e-01
1.70000e+00 5.23593e-01
1.70400e+00 5.23596e-01
1.70800e+00 5.23598e-01
1.71200e+00 5.23602e-01
1.71600e+00 5.23616e-01
1.72000e+00 5.23661e-01
1.72400e+00 5.23789e-01
1.72800e+00 5.24130e-01
1.73200e+00 5.25086e-01
1.73600e+00 5.28056e-01
1.74000e+00 5.36920e-01
1.74400e+00 5.51435e-01
1.74800e+00 5.56352e-01
1.75200e+00 5.54833e-01
1.75600e+00 5.35619e-01
1.76000e+00 4.81829e-01
1.76400e+00 4.54319e-01
1.76800e+00 4.52823e-01
1.77200e+00 4.53556e-01
1.77600e+00 4.56784e-01
1.78000e+00 4.62285e-01
1.78400e+00 4.67056e-01
1.78800e+00 4.70076e-01
1.79200e+00 4.72629e-01
1.79600e+00 4.75575e-01
1.80000e+00 4.77903e-01
1.80400e+00 4.78517e-01
1.80800e+00 4.78551e-01
1.81200e+00 4.78553e-01
1.81600e+00 4.78556e-01
1.82000e+00 4.78568e-01
1.82400e+00 4.78607e-01
1.82800e+00 4.78740e-01
1.83200e+00 4.79160e-01
1.83600e+00 4.80406e-01
1.84000e+00 4.83601e-01
1.84400e+00 4.88941e-01
1.84800e+00 4.92500e-01
1.85200e+00 4.93056e-01
1.85600e+00 4.93068e-01
1.86000e+00 4.93068e-01
1.86400e+00 4.93068e-01
1.86800e+00 4.93068e-01
1.87200e+00 4.93068e-01
1.87600e+00 4.93068e-01
1.88000e+00 4.93068e-01
1.88400e+00 4.93068e-01
1.88800e+00 4.93070e-01
1.89200e+00 4.93073e-01
1.89600e+00 4.93080e-01
1.90000e+00 4.93098e-01
1.90400e+00 4.93135e-01
1.90800e+00 4.93208e-01
1.91200e+00 4.93346e-01
1.91600e+00 4.93617e-01
1.92000e+00 4.94211e-01
1.92400e+00 4.95657e-01
1.92800e+00 4.99017e-01
1.93200e+00 5.04209e-01
1.93600e+00 5.07341e-01
1.94000e+00 5.07787e-01
1.94400e+00 5.07805e-01
1.94800e+00 5.07813e-01
1.95200e+00 5.07836e-01
1.95600e+00 5.07929e-01
1.96000e+00 5.08282e-01
1.96400e+00 5.09494e-01
1.96800e+00 5.12814e-01
1.97200e+00 5.17976e-01
1.97600e+00 5.20680e-01
1.98000e+00 5.20962e-01
1.98400e+00 5.20966e-01
1.98800e+00 5.20966e-01
1.99200e+00 5.20968e-01
1.99600e+00 5.20969e-01
