0.00000e+00 4.41517e-01
4.00000e-03 4.41517e-01
8.00000e-03 4.41523e-01
1.20000e-02 4.41617e-01
1.60000e-02 4.42404e-01
2.00000e-02 4.46430e-01
2.40000e-02 4.59015e-01
2.80000e-02 4.78807e-01
3.20000e-02 4.88259e-01
3.60000e-02 4.88749e-01
4.00000e-02 4.87671e-01
4.40000e-02 4.79985e-01
4.80000e-02 4.57741e-01
5.20000e-02 4.35672e-01
5.60000e-02 4.27125e-01
6.00000e-02 4.22522e-01
6.40000e-02 4.16961e-01
6.80000e-02 4.12926e-01
7.20000e-02 4.12453e-01
7.60000e-02 4.12782e-01
8.00000e-02 4.14686e-01
8.40000e-02 4.19898e-01
8.80000e-02 4.29466e-01
9.20000e-02 4.43146e-01
9.60000e-02 4.60308e-01
1.00000e-01 4.81524e-01
1.04000e-01 5.08908e-01
1.08000e-01 5.39996e-01
1.12000e-01 5.58240e-01
1.16000e-01 5.61090e-01
1.20000e-01 5.61143e-01
1.24000e-01 5.61112e-01
1.28000e-01 5.60831e-01
1.32000e-01 5.59424e-01
1.36000e-01 5.54533e-01
1.40000e-01 5.41637e-01
1.44000e-01 5.15670e-01
1.48000e-01 4.87151e-01
1.52000e-01 4.77063e-01
1.56000e-01 4.76422e-01
1.60000e-01 4.76469e-01
1.64000e-01 4.76874e-01
1.68000e-01 4.78469e-01
1.72000e-01 4.82809e-01
1.76000e-01 4.92315e-01
1.80000e-01 5.08735e-01
1.84000e-01 5.25075e-01
1.88000e-01 5.30563e-01
1.92000e-01 5.30963e-01
1.96000e-01 5.30992e-01
2.00000e-01 5.31023e-01
2.04000e-01 5.31123e-01
2.08000e-01 5.31488e-01
2.12000e-01 5.32785e-01
2.16000e-01 5.37188e-01
2.20000e-01 5.49313e-01
2.24000e-01 5.65463e-01
2.28000e-01 5.69997e-01
2.32000e-01 5.69378e-01
2.36000e-01 5.61744e-01
2.40000e-01 5.36959e-01
2.44000e-01 5.07671e-01
2.48000e-01 4.81107e-01
2.52000e-01 4.45312e-01
2.56000e-01 4.16001e-01
2.60000e-01 4.10090e-01
2.64000e-01 4.09997e-01
2.68000e-01 4.10248e-01
2.72000e-01 4.11255e-01
2.76000e-01 4.13333e-01
2.80000e-01 4.16153e-01
2.84000e-01 4.18917e-01
2.88000e-01 4.21155e-01
2.92000e-01 4.22986e-01
2.96000e-01 4.24762e-01
3.00000e-01 4.26842e-01
3.04000e-01 4.29586e-01
3.08000e-01 4.33368e-01
3.12000e-01 4.38412e-01
3.16000e-01 4.44140e-01
3.20000e-01 4.48665e-01
3.24000e-01 4.50798e-01
3.28000e-01 4.51561e-01
3.32000e-01 4.51991e-01
3.36000e-01 4.52477e-01
3.40000e-01 4.53262e-01
3.44000e-01 4.54627e-01
3.48000e-01 4.56948e-01
3.52000e-01 4.60855e-01
3.56000e-01 4.67563e-01
3.60000e-01 4.78722e-01
3.64000e-01 4.92246e-01
3.68000e-01 4.99225e-01
3.72000e-01 5.00091e-01
3.76000e-01 5.00109e-01
3.80000e-01 5.00111e-01
3.84000e-01 5.00115e-01
3.88000e-01 5.00130e-01
3.92000e-01 5.00188e-01
3.96000e-01 5.00400e-01
4.00000e-01 5.01152e-01
4.04000e-01 5.03699e-01
4.08000e-01 5.10803e-01
4.12000e-01 5.21168e-01
4.16000e-01 5.24876e-01
4.20000e-01 5.24731e-01
4.24000e-01 5.21500e-01
4.28000e-01 5.07052e-01
4.32000e-01 4.88006e-01
4.36000e-01 4.83295e-01
4.40000e-01 4.83352e-01
4.44000e-01 4.84689e-01
4.48000e-01 4.89093e-01
4.52000e-01 4.94370e-01
4.56000e-01 4.96023e-01
4.60000e-01 4.96131e-01
4.64000e-01 4.96148e-01
4.68000e-01 4.96179e-01
4.72000e-01 4.96275e-01
4.76000e-01 4.96547e-01
4.80000e-01 4.97190e-01
4.84000e-01 4.98451e-01
4.88000e-01 5.00552e-01
4.92000e-01 5.03647e-01
4.96000e-01 5.08022e-01
5.00000e-01 5.14592e-01
5.04000e-01 5.25507e-01
5.08000e-01 5.42793e-01
5.12000e-01 5.59424e-01
5.16000e-01 5.64642e-01
5.20000e-01 5.64937e-01
5.24000e-01 5.64939e-01
5.28000e-01 5.64939e-01
5.32000e-01 5.64936e-01
5.36000e-01 5.64904e-01
5.40000e-01 5.64562e-01
5.44000e-01 5.61451e-01
5.48000e-01 5.43313e-01
5.52000e-01 5.04644e-01
5.56000e-01 4.83825e-01
5.60000e-01 4.79136e-01
5.64000e-01 4.74742e-01
5.68000e-01 4.62768e-01
5.72000e-01 4.44388e-01
5.76000e-01 4.37376e-01
5.80000e-01 4.37116e-01
5.84000e-01 4.37529e-01
5.88000e-01 4.39473e-01
5.92000e-01 4.44208e-01
5.96000e-01 4.52150e-01
6.00000e-01 4.61677e-01
6.04000e-01 4.69218e-01
6.08000e-01 4.72968e-01
6.12000e-01 4.74517e-01
6.16000e-01 4.75458e-01
6.20000e-01 4.76441e-01
6.24000e-01 4.77796e-01
6.28000e-01 4.79749e-01
6.32000e-01 4.82426e-01
6.36000e-01 4.85846e-01
6.40000e-01 4.89941e-01
6.44000e-01 4.94480e-01
6.48000e-01 4.98841e-01
6.52000e-01 5.02123e-01
6.56000e-01 5.04007e-01
6.60000e-01 5.05027e-01
6.64000e-01 5.05791e-01
6.68000e-01 5.06766e-01
6.72000e-01 5.08719e-01
6.76000e-01 5.13648e-01
6.80000e-01 5.24527e-01
6.84000e-01 5.35589e-01
6.88000e-01 5.37713e-01
6.92000e-01 5.37058e-01
6.96000e-01 5.30019e-01
7.00000e-01 5.05584e-01
7.04000e-01 4.83671e-01
7.08000e-01 4.80311e-01
7.12000e-01 4.80340e-01
7.16000e-01 4.80926e-01
7.20000e-01 4.83199e-01
7.24000e-01 4.89111e-01
7.28000e-01 5.01233e-01
7.32000e-01 5.17833e-01
7.36000e-01 5.27160e-01
7.40000e-01 5.28377e-01
7.44000e-01 5.28398e-01
7.48000e-01 5.28398e-01
7.52000e-01 5.28398e-01
7.56000e-01 5.28398e-01
7.60000e-01 5.28398e-01
7.64000e-01 5.28398e-01
7.68000e-01 5.28398e-01
7.72000e-01 5.28398e-01
7.76000e-01 5.28400e-01
7.80000e-01 5.28406e-01
7.84000e-01 5.28431e-01
7.88000e-01 5.28530e-01
7.92000e-01 5.28917e-01
7.96000e-01 5.30281e-01
8.00000e-01 5.33832e-01
8.04000e-01 5.38231e-01
8.08000e-01 5.39747e-01
8.12000e-01 5.39833e-01
8.16000e-01 5.39834e-01
8.20000e-01 5.39834e-01
8.24000e-01 5.39835e-01
8.28000e-01 5.39838e-01
8.32000e-01 5.39854e-01
8.36000e-01 5.39915e-01
8.40000e-01 5.40153e-01
8.44000e-01 5.41051e-01
8.48000e-01 5.44124e-01
8.52000e-01 5.51597e-01
8.56000e-01 5.59369e-01
8.60000e-01 5.61180e-01
8.64000e-01 5.61162e-01
8.68000e-01 5.60321e-01
8.72000e-01 5.54164e-01
8.76000e-01 5.33577e-01
8.80000e-01 5.13600e-01
8.84000e-01 5.09923e-01
8.88000e-01 5.09855e-01
8.92000e-01 5.09881e-01
8.96000e-01 5.10060e-01
9.00000e-01 5.10829e-01
9.04000e-01 5.13740e-01
9.08000e-01 5.22492e-01
9.12000e-01 5.34123e-01
9.16000e-01 5.36592e-01
9.20000e-01 5.34648e-01
9.24000e-01 5.17298e-01
9.28000e-01 4.77738e-01
9.32000e-01 4.59551e-01
9.36000e-01 4.58505e-01
9.40000e-01 4.58691e-01
9.44000e-01 4.59734e-01
9.48000e-01 4.62227e-01
9.52000e-01 4.65712e-01
9.56000e-01 4.69013e-01
9.60000e-01 4.71810e-01
9.64000e-01 4.74874e-01
9.68000e-01 4.79760e-01
9.72000e-01 4.88641e-01
9.76000e-01 4.99555e-01
9.80000e-01 5.04025e-01
9.84000e-01 5.04226e-01
9.88000e-01 5.03724e-01
9.92000e-01 4.99780e-01
9.96000e-01 4.85304e-01
1.00000e+00 4.66660e-01
1.00400e+00 4.61213e-01
1.00800e+00 4.61002e-01
1.01200e+00 4.61021e-01
1.01600e+00 4.61140e-01
1.02000e+00 4.61444e-01
1.02400e+00 4.61890e-01
1.02800e+00 4.62386e-01
1.03200e+00 4.63014e-01
1.03600e+00 4.64160e-01
1.04000e+00 4.66707e-01
1.04400e+00 4.71507e-01
1.04800e+00 4.76155e-01
1.05200e+00 4.77486e-01
1.05600e+00 4.77552e-01
1.06000e+00 4.77552e-01
1.06400e+00 4.77553e-01
1.06800e+00 4.77553e-01
1.07200e+00 4.77554e-01
1.07600e+00 4.77559e-01
1.08000e+00 4.77574e-01
1.08400e+00 4.77611e-01
1.08800e+00 4.77701e-01
1.09200e+00 4.77895e-01
1.09600e+00 4.78269e-01
1.10000e+00 4.78893e-01
1.10400e+00 4.79782e-01
1.10800e+00 4.80950e-01
1.11200e+00 4.82633e-01
1.11600e+00 4.85725e-01
1.12000e+00 4.92432e-01
1.12400e+00 5.03399e-01
1.12800e+00 5.09463e-01
1.13200e+00 5.09660e-01
1.13600e+00 5.07053e-01
1.14000e+00 4.89793e-01
1.14400e+00 4.53497e-01
1.14800e+00 4.36493e-01
1.15200e+00 4.35332e-01
1.15600e+00 4.35369e-01
1.16000e+00 4.35668e-01
1.16400e+00 4.36661e-01
1.16800e+00 4.39025e-01
1.17200e+00 4.43883e-01
1.17600e+00 4.52581e-01
1.18000e+00 4.63200e-01
1.18400e+00 4.68554e-01
1.18800e+00 4.69196e-01
1.19200e+00 4.69206e-01
1.19600e+00 4.69206e-01
1.20000e+00 4.69206e-01
1.20400e+00 4.69207e-01
1.20800e+00 4.69207e-01
1.21200e+00 4.69210e-01
1.21600e+00 4.69219e-01
1.22000e+00 4.69242e-01
1.22400e+00 4.69296e-01
1.22800e+00 4.69420e-01
1.23200e+00 4.69678e-01
1.23600e+00 4.70178e-01
1.24000e+00 4.71076e-01
1.24400e+00 4.72555e-01
1.24800e+00 4.74764e-01
1.25200e+00 4.77694e-01
1.25600e+00 4.81059e-01
1.26000e+00 4.84388e-01
1.26400e+00 4.87324e-01
1.26800e+00 4.89787e-01
1.27200e+00 4.91866e-01
1.27600e+00 4.93727e-01
1.28000e+00 4.95699e-01
1.28400e+00 4.98379e-01
1.28800e+00 5.02127e-01
1.29200e+00 5.05084e-01
1.29600e+00 5.05734e-01
1.30000e+00 5.05743e-01
1.30400e+00 5.05656e-01
1.30800e+00 5.04949e-01
1.31200e+00 5.00945e-01
1.31600e+00 4.87047e-01
1.32000e+00 4.68858e-01
1.32400e+00 4.63315e-01
1.32800e+00 4.63100e-01
1.33200e+00 4.63148e-01
1.33600e+00 4.63451e-01
1.34000e+00 4.64366e-01
1.34400e+00 4.66254e-01
1.34800e+00 4.69255e-01
1.35200e+00 4.73352e-01
1.35600e+00 4.78899e-01
1.36000e+00 4.87183e-01
1.36400e+00 4.99693e-01
1.36800e+00 5.12458e-01
1.37200e+00 5.17248e-01
1.37600e+00 5.17615e-01
1.38000e+00 5.17618e-01
1.38400e+00 5.17618e-01
1.38800e+00 5.17618e-01
1.39200e+00 5.17615e-01
1.39600e+00 5.17596e-01
1.40000e+00 5.17451e-01
1.40400e+00 5.16434e-01
1.40800e+00 5.10389e-01
1.41200e+00 4.89607e-01
1.41600e+00 4.66041e-01
1.42000e+00 4.60470e-01
1.42400e+00 4.60329e-01
1.42800e+00 4.60400e-01
1.43200e+00 4.60783e-01
1.43600e+00 4.61868e-01
1.44000e+00 4.64189e-01
1.44400e+00 4.68622e-01
1.44800e+00 4.76320e-01
1.45200e+00 4.85702e-01
1.45600e+00 4.90480e-01
1.46000e+00 4.91076e-01
1.46400e+00 4.91094e-01
1.46800e+00 4.91099e-01
1.47200e+00 4.91111e-01
1.47600e+00 4.91146e-01
1.48000e+00 4.91241e-01
1.48400e+00 4.91459e-01
1.48800e+00 4.91888e-01
1.49200e+00 4.92640e-01
1.49600e+00 4.93889e-01
1.50000e+00 4.96016e-01
1.50400e+00 4.99949e-01
1.50800e+00 5.07650e-01
1.51200e+00 5.20599e-01
1.51600e+00 5.32195e-01
1.52000e+00 5.35241e-01
1.52400e+00 5.35373e-01
1.52800e+00 5.35374e-01
1.53200e+00 5.35374e-01
1.53600e+00 5.35374e-01
1.54000e+00 5.35374e-01
1.54400e+00 5.35374e-01
1.54800e+00 5.35374e-01
1.55200e+00 5.35374e-01
1.55600e+00 5.35374e-01
1.56000e+00 5.35374e-01
1.56400e+00 5.35376e-01
1.56800e+00 5.35377e-01
1.57200e+00 5.35377e-01
1.57600e+00 5.35375e-01
1.58000e+00 5.35355e-01
1.58400e+00 5.35193e-01
1.58800e+00 5.33997e-01
1.59200e+00 5.26909e-01
1.59600e+00 5.04932e-01
1.60000e+00 4.84896e-01
1.60400e+00 4.81675e-01
1.60800e+00 4.81759e-01
1.61200e+00 4.82828e-01
1.61600e+00 4.86974e-01
1.62000e+00 4.95656e-01
1.62400e+00 5.03066e-01
1.62800e+00 5.04648e-01
1.63200e+00 5.04697e-01
1.63600e+00 5.04697e-01
1.64000e+00 5.04697e-01
1.64400e+00 5.04697e-01
1.64800e+00 5.04697e-01
1.65200e+00 5.04697e-01
1.65600e+00 5.04697e-01
1.66000e+00 5.04697e-01
1.66400e+00 5.04697e-01
1.66800e+00 5.04698e-01
1.67200e+00 5.04698e-01
1.67600e+00 5.04700e-01
1.68000e+00 5.04704e-01
1.68400e+00 5.04713e-01
1.68800e+00 5.04734e-01
1.69200e+00 5.04777e-01
1.69600e+00 5.04872e-01
1.70000e+00 5.05095e-01
1.70400e+00 5.05671e-01
1.70800e+00 5.07260e-01
1.71200e+00 5.11311e-01
1.71600e+00 5.18213e-01
1.72000e+00 5.22862e-01
1.72400e+00 5.23582e-01
1.72800e+00 5.23598e-01
1.73200e+00 5.23599e-01
1.73600e+00 5.23600e-01
1.74000e+00 5.23606e-01
1.74400e+00 5.23625e-01
1.74800e+00 5.23682e-01
1.75200e+00 5.23842e-01
1.75600e+00 5.24310e-01
1.76000e+00 5.25868e-01
1.76400e+00 5.31275e-01
1.76800e+00 5.43754e-01
1.77200e+00 5.51546e-01
1.77600e+00 5.51217e-01
1.78000e+00 5.39682e-01
1.78400e+00 4.93920e-01
1.78800e+00 4.57992e-01
1.79200e+00 4.54213e-01
1.79600e+00 4.54635e-01
1.80000e+00 4.57072e-01
1.80400e+00 4.62051e-01
1.80800e+00 4.67181e-01
1.81200e+00 4.70873e-01
1.81600e+00 4.73910e-01
1.82000e+00 4.76742e-01
1.82400e+00 4.78293e-01
1.82800e+00 4.78545e-01
1.83200e+00 4.78554e-01
1.83600e+00 4.78556e-01
1.84000e+00 4.78559e-01
1.84400e+00 4.78569e-01
1.84800e+00 4.78608e-01
1.85200e+00 4.78736e-01
1.85600e+00 4.79141e-01
1.86000e+00 4.80350e-01
1.86400e+00 4.83470e-01
1.86800e+00 4.88787e-01
1.87200e+00 4.92452e-01
1.87600e+00 4.93054e-01
1.88000e+00 4.93068e-01
1.88400e+00 4.93068e-01
1.88800e+00 4.93068e-01
1.89200e+00 4.93068e-01
1.89600e+00 4.93068e-01
1.90000e+00 4.93068e-01
1.90400e+00 4.93068e-01
1.90800e+00 4.93068e-01
1.91200e+00 4.93069e-01
1.91600e+00 4.93071e-01
1.92000e+00 4.93077e-01
1.92400e+00 4.93091e-01
1.92800e+00 4.93120e-01
1.93200e+00 4.93177e-01
1.93600e+00 4.93286e-01
1.94000e+00 4.93504e-01
1.94400e+00 4.93987e-01
1.94800e+00 4.95186e-01
1.95200e+00 4.98111e-01
1.95600e+00 5.03224e-01
1.96000e+00 5.07056e-01
1.96400e+00 5.07784e-01
1.96800e+00 5.07812e-01
1.97200e+00 5.07818e-01
1.97600e+00 5.07832e-01
1.98000e+00 5.07887e-01
1.98400e+00 5.08103e-01
1.98800e+00 5.08812e-01
1.99200e+00 5.12943e-01
1.99600e+00 5.13330e-01
