0.00000e+00 5.37645e-01
4.00000e-03 5.37645e-01
8.00000e-03 5.37644e-01
1.20000e-02 5.37629e-01
1.60000e-02 5.37350e-01
2.00000e-02 5.33893e-01
2.40000e-02 5.10418e-01
2.80000e-02 4.62105e-01
3.20000e-02 4.43360e-01
3.60000e-02 4.42777e-01
4.00000e-02 4.43968e-01
4.40000e-02 4.49455e-01
4.80000e-02 4.62993e-01
5.20000e-02 4.80565e-01
5.60000e-02 4.87390e-01
6.00000e-02 4.87554e-01
6.40000e-02 4.85967e-01
6.80000e-02 4.76647e-01
7.20000e-02 4.53617e-01
7.60000e-02 4.31376e-01
8.00000e-02 4.20337e-01
8.40000e-02 4.14896e-01
8.80000e-02 4.12958e-01
9.20000e-02 4.12844e-01
9.60000e-02 4.13041e-01
1.00000e-01 4.14184e-01
1.04000e-01 4.17546e-01
1.08000e-01 4.24266e-01
1.12000e-01 4.34489e-01
1.16000e-01 4.47411e-01
1.20000e-01 4.62275e-01
1.24000e-01 4.79456e-01
1.28000e-01 5.01013e-01
1.32000e-01 5.28561e-01
1.36000e-01 5.52869e-01
1.40000e-01 5.60643e-01
1.44000e-01 5.61116e-01
1.48000e-01 5.61115e-01
1.52000e-01 5.61078e-01
1.56000e-01 5.60840e-01
1.60000e-01 5.59624e-01
1.64000e-01 5.53265e-01
1.68000e-01 5.28037e-01
1.72000e-01 4.89992e-01
1.76000e-01 4.77136e-01
1.80000e-01 4.76546e-01
1.84000e-01 4.76590e-01
1.88000e-01 4.76933e-01
1.92000e-01 4.78211e-01
1.96000e-01 4.81629e-01
2.00000e-01 4.89227e-01
2.04000e-01 5.03449e-01
2.08000e-01 5.21162e-01
2.12000e-01 5.29960e-01
2.16000e-01 5.30975e-01
2.20000e-01 5.31007e-01
2.24000e-01 5.31021e-01
2.28000e-01 5.31056e-01
2.32000e-01 5.31190e-01
2.36000e-01 5.31691e-01
2.40000e-01 5.33498e-01
2.44000e-01 5.39459e-01
2.48000e-01 5.53351e-01
2.52000e-01 5.65976e-01
2.56000e-01 5.67902e-01
2.60000e-01 5.67272e-01
2.64000e-01 5.61265e-01
2.68000e-01 5.32837e-01
2.72000e-01 4.65797e-01
2.76000e-01 4.17655e-01
2.80000e-01 4.10306e-01
2.84000e-01 4.10191e-01
2.88000e-01 4.10318e-01
2.92000e-01 4.10956e-01
2.96000e-01 4.12567e-01
3.00000e-01 4.15205e-01
3.04000e-01 4.18191e-01
3.08000e-01 4.20731e-01
3.12000e-01 4.22678e-01
3.16000e-01 4.24360e-01
3.20000e-01 4.26163e-01
3.24000e-01 4.28441e-01
3.28000e-01 4.31560e-01
3.32000e-01 4.35881e-01
3.36000e-01 4.41421e-01
3.40000e-01 4.46944e-01
3.44000e-01 4.50317e-01
3.48000e-01 4.51504e-01
3.52000e-01 4.51928e-01
3.56000e-01 4.52252e-01
3.60000e-01 4.52717e-01
3.64000e-01 4.53534e-01
3.68000e-01 4.54970e-01
3.72000e-01 4.57387e-01
3.76000e-01 4.61417e-01
3.80000e-01 4.68311e-01
3.84000e-01 4.79678e-01
3.88000e-01 4.92989e-01
3.92000e-01 4.99386e-01
3.96000e-01 5.00099e-01
4.00000e-01 5.00111e-01
4.04000e-01 5.00113e-01
4.08000e-01 5.00115e-01
4.12000e-01 5.00125e-01
4.16000e-01 5.00165e-01
4.20000e-01 5.00313e-01
4.24000e-01 5.00844e-01
4.28000e-01 5.02692e-01
4.32000e-01 5.08247e-01
4.36000e-01 5.18139e-01
4.40000e-01 5.23349e-01
4.44000e-01 5.23510e-01
4.48000e-01 5.21737e-01
4.52000e-01 5.11444e-01
4.56000e-01 4.92228e-01
4.60000e-01 4.84408e-01
4.64000e-01 4.84159e-01
4.68000e-01 4.84896e-01
4.72000e-01 4.88174e-01
4.76000e-01 4.93458e-01
4.80000e-01 4.95915e-01
4.84000e-01 4.96148e-01
4.88000e-01 4.96166e-01
4.92000e-01 4.96185e-01
4.96000e-01 4.96246e-01
5.00000e-01 4.96427e-01
5.04000e-01 4.96884e-01
5.08000e-01 4.97840e-01
5.12000e-01 4.99526e-01
5.16000e-01 5.02090e-01
5.20000e-01 5.05652e-01
5.24000e-01 5.10632e-01
5.28000e-01 5.18321e-01
5.32000e-01 5.31302e-01
5.36000e-01 5.49816e-01
5.40000e-01 5.62595e-01
5.44000e-01 5.64880e-01
5.48000e-01 5.64938e-01
5.52000e-01 5.64939e-01
5.56000e-01 5.64938e-01
5.60000e-01 5.64926e-01
5.64000e-01 5.64809e-01
5.68000e-01 5.63724e-01
5.72000e-01 5.55914e-01
5.76000e-01 5.27296e-01
5.80000e-01 4.92858e-01
5.84000e-01 4.77293e-01
5.88000e-01 4.67211e-01
5.92000e-01 4.52636e-01
5.96000e-01 4.40062e-01
6.00000e-01 4.37596e-01
6.04000e-01 4.37634e-01
6.08000e-01 4.38299e-01
6.12000e-01 4.40684e-01
6.16000e-01 4.45949e-01
6.20000e-01 4.54347e-01
6.24000e-01 4.63980e-01
6.28000e-01 4.70973e-01
6.32000e-01 4.73981e-01
6.36000e-01 4.75086e-01
6.40000e-01 4.75778e-01
6.44000e-01 4.76571e-01
6.48000e-01 4.77749e-01
6.52000e-01 4.79528e-01
6.56000e-01 4.82033e-01
6.60000e-01 4.85296e-01
6.64000e-01 4.89285e-01
6.68000e-01 4.93859e-01
6.72000e-01 4.98474e-01
6.76000e-01 5.02083e-01
6.80000e-01 5.04101e-01
6.84000e-01 5.05064e-01
6.88000e-01 5.05681e-01
6.92000e-01 5.06390e-01
6.96000e-01 5.07741e-01
7.00000e-01 5.11166e-01
7.04000e-01 5.19662e-01
7.08000e-01 5.31681e-01
7.12000e-01 5.36050e-01
7.16000e-01 5.35925e-01
7.20000e-01 5.32306e-01
7.24000e-01 5.14470e-01
7.28000e-01 4.88489e-01
7.32000e-01 4.80892e-01
7.36000e-01 4.80697e-01
7.40000e-01 4.81004e-01
7.44000e-01 4.82557e-01
7.48000e-01 4.87044e-01
7.52000e-01 4.97041e-01
7.56000e-01 5.13165e-01
7.60000e-01 5.25667e-01
7.64000e-01 5.28311e-01
7.68000e-01 5.28398e-01
7.72000e-01 5.28398e-01
7.76000e-01 5.28398e-01
7.80000e-01 5.28398e-01
7.84000e-01 5.28398e-01
7.88000e-01 5.28398e-01
7.92000e-01 5.28398e-01
7.96000e-01 5.28398e-01
8.00000e-01 5.28399e-01
8.04000e-01 5.28401e-01
8.08000e-01 5.28412e-01
8.12000e-01 5.28453e-01
8.16000e-01 5.28619e-01
8.20000e-01 5.29248e-01
8.24000e-01 5.31306e-01
8.28000e-01 5.35625e-01
8.32000e-01 5.39155e-01
8.36000e-01 5.39817e-01
8.40000e-01 5.39834e-01
8.44000e-01 5.39834e-01
8.48000e-01 5.39834e-01
8.52000e-01 5.39835e-01
8.56000e-01 5.39840e-01
8.60000e-01 5.39860e-01
8.64000e-01 5.39938e-01
8.68000e-01 5.40242e-01
8.72000e-01 5.41392e-01
8.76000e-01 5.45203e-01
8.80000e-01 5.53389e-01
8.84000e-01 5.59885e-01
8.88000e-01 5.60822e-01
8.92000e-01 5.60683e-01
8.96000e-01 5.58832e-01
9.00000e-01 5.48134e-01
9.04000e-01 5.24200e-01
9.08000e-01 5.11050e-01
9.12000e-01 5.09903e-01
9.16000e-01 5.09903e-01
9.20000e-01 5.09983e-01
9.24000e-01 5.10425e-01
9.28000e-01 5.12328e-01
9.32000e-01 5.18821e-01
9.36000e-01 5.29704e-01
9.40000e-01 5.33298e-01
9.44000e-01 5.32237e-01
9.48000e-01 5.20173e-01
9.52000e-01 4.84376e-01
9.56000e-01 4.61157e-01
9.60000e-01 4.58963e-01
9.64000e-01 4.59080e-01
9.68000e-01 4.59927e-01
9.72000e-01 4.62217e-01
9.76000e-01 4.65696e-01
9.80000e-01 4.69152e-01
9.84000e-01 4.72078e-01
9.88000e-01 4.75197e-01
9.92000e-01 4.80073e-01
9.96000e-01 4.88846e-01
1.00000e+00 4.99414e-01
1.00400e+00 5.03580e-01
1.00800e+00 5.03750e-01
1.01200e+00 5.03235e-01
1.01600e+00 4.99277e-01
1.02000e+00 4.84913e-01
1.02400e+00 4.66573e-01
1.02800e+00 4.61255e-01
1.03200e+00 4.61048e-01
1.03600e+00 4.61064e-01
1.04000e+00 4.61165e-01
1.04400e+00 4.61436e-01
1.04800e+00 4.61872e-01
1.05200e+00 4.62416e-01
1.05600e+00 4.63164e-01
1.06000e+00 4.64543e-01
1.06400e+00 4.67489e-01
1.06800e+00 4.72535e-01
1.07200e+00 4.76623e-01
1.07600e+00 4.77521e-01
1.08000e+00 4.77552e-01
1.08400e+00 4.77553e-01
1.08800e+00 4.77553e-01
1.09200e+00 4.77553e-01
1.09600e+00 4.77555e-01
1.10000e+00 4.77559e-01
1.10400e+00 4.77572e-01
1.10800e+00 4.77606e-01
1.11200e+00 4.77688e-01
1.11600e+00 4.77866e-01
1.12000e+00 4.78212e-01
1.12400e+00 4.78790e-01
1.12800e+00 4.79617e-01
1.13200e+00 4.80712e-01
1.13600e+00 4.82326e-01
1.14000e+00 4.85400e-01
1.14400e+00 4.92206e-01
1.14800e+00 5.02847e-01
1.15200e+00 5.07912e-01
1.15600e+00 5.07911e-01
1.16000e+00 5.04390e-01
1.16400e+00 4.84304e-01
1.16800e+00 4.49193e-01
1.17200e+00 4.36136e-01
1.17600e+00 4.35499e-01
1.18000e+00 4.35569e-01
1.18400e+00 4.36013e-01
1.18800e+00 4.37372e-01
1.19200e+00 4.40481e-01
1.19600e+00 4.46660e-01
1.20000e+00 4.56696e-01
1.20400e+00 4.66085e-01
1.20800e+00 4.69027e-01
1.21200e+00 4.69205e-01
1.21600e+00 4.69206e-01
1.22000e+00 4.69206e-01
1.22400e+00 4.69206e-01
1.22800e+00 4.69207e-01
1.23200e+00 4.69208e-01
1.23600e+00 4.69211e-01
1.24000e+00 4.69220e-01
1.24400e+00 4.69243e-01
1.24800e+00 4.69298e-01
1.25200e+00 4.69420e-01
1.25600e+00 4.69675e-01
1.26000e+00 4.70168e-01
1.26400e+00 4.71050e-01
1.26800e+00 4.72499e-01
1.27200e+00 4.74667e-01
1.27600e+00 4.77561e-01
1.28000e+00 4.80937e-01
1.28400e+00 4.84348e-01
1.28800e+00 4.87376e-01
1.29200e+00 4.89838e-01
1.29600e+00 4.91790e-01
1.30000e+00 4.93475e-01
1.30400e+00 4.95325e-01
1.30800e+00 4.98036e-01
1.31200e+00 5.01990e-01
1.31600e+00 5.05051e-01
1.32000e+00 5.05681e-01
1.32400e+00 5.05688e-01
1.32800e+00 5.05597e-01
1.33200e+00 5.04867e-01
1.33600e+00 5.00775e-01
1.34000e+00 4.86759e-01
1.34400e+00 4.68756e-01
1.34800e+00 4.63398e-01
1.35200e+00 4.63195e-01
1.35600e+00 4.63241e-01
1.36000e+00 4.63527e-01
1.36400e+00 4.64395e-01
1.36800e+00 4.66198e-01
1.37200e+00 4.69082e-01
1.37600e+00 4.73022e-01
1.38000e+00 4.78316e-01
1.38400e+00 4.86154e-01
1.38800e+00 4.98180e-01
1.39200e+00 5.11382e-01
1.39600e+00 5.17078e-01
1.40000e+00 5.17612e-01
1.40400e+00 5.17618e-01
1.40800e+00 5.17618e-01
1.41200e+00 5.17618e-01
1.41600e+00 5.17616e-01
1.42000e+00 5.17597e-01
1.42400e+00 5.17460e-01
1.42800e+00 5.16494e-01
1.43200e+00 5.10714e-01
1.43600e+00 4.90412e-01
1.44000e+00 4.66533e-01
1.44400e+00 4.60604e-01
1.44800e+00 4.60440e-01
1.45200e+00 4.60504e-01
1.45600e+00 4.60868e-01
1.46000e+00 4.61927e-01
1.46400e+00 4.64288e-01
1.46800e+00 4.68998e-01
1.47200e+00 4.77261e-01
1.47600e+00 4.86655e-01
1.48000e+00 4.90704e-01
1.48400e+00 4.91091e-01
1.48800e+00 4.91100e-01
1.49200e+00 4.91104e-01
1.49600e+00 4.91111e-01
1.50000e+00 4.91136e-01
1.50400e+00 4.91206e-01
1.50800e+00 4.91373e-01
1.51200e+00 4.91715e-01
1.51600e+00 4.92335e-01
1.52000e+00 4.93374e-01
1.52400e+00 4.95105e-01
1.52800e+00 4.98191e-01
1.53200e+00 5.04168e-01
1.53600e+00 5.15262e-01
1.54000e+00 5.28777e-01
1.54400e+00 5.34813e-01
1.54800e+00 5.35368e-01
1.55200e+00 5.35374e-01
1.55600e+00 5.35374e-01
1.56000e+00 5.35374e-01
1.56400e+00 5.35374e-01
1.56800e+00 5.35374e-01
1.57200e+00 5.35374e-01
1.57600e+00 5.35374e-01
1.58000e+00 5.35374e-01
1.58400e+00 5.35374e-01
1.58800e+00 5.35375e-01
1.59200e+00 5.35376e-01
1.59600e+00 5.35377e-01
1.60000e+00 5.35375e-01
1.60400e+00 5.35363e-01
1.60800e+00 5.35266e-01
1.61200e+00 5.34534e-01
1.61600e+00 5.29847e-01
1.62000e+00 5.11844e-01
1.62400e+00 4.88501e-01
1.62800e+00 4.82372e-01
1.63200e+00 4.82298e-01
1.63600e+00 4.82985e-01
1.64000e+00 4.86178e-01
1.64400e+00 4.93909e-01
1.64800e+00 5.02156e-01
1.65200e+00 5.04580e-01
1.65600e+00 5.04697e-01
1.66000e+00 5.04697e-01
1.66400e+00 5.04697e-01
1.66800e+00 5.04697e-01
1.67200e+00 5.04697e-01
1.67600e+00 5.04697e-01
1.68000e+00 5.04697e-01
1.68400e+00 5.04697e-01
1.68800e+00 5.04697e-01
1.69200e+00 5.04697e-01
1.69600e+00 5.04698e-01
1.70000e+00 5.04699e-01
1.70400e+00 5.04701e-01
1.70800e+00 5.04708e-01
1.71200e+00 5.04721e-01
1.71600e+00 5.04751e-01
1.72000e+00 5.04816e-01
1.72400e+00 5.04966e-01
1.72800e+00 5.05354e-01
1.73200e+00 5.06430e-01
1.73600e+00 5.09363e-01
1.74000e+00 5.15513e-01
1.74400e+00 5.21753e-01
1.74800e+00 5.23516e-01
1.75200e+00 5.23598e-01
1.75600e+00 5.23599e-01
1.76000e+00 5.23600e-01
1.76400e+00 5.23602e-01
1.76800e+00 5.23610e-01
1.77200e+00 5.23635e-01
1.77600e+00 5.23709e-01
1.78000e+00 5.23937e-01
1.78400e+00 5.24756e-01
1.78800e+00 5.27949e-01
1.79200e+00 5.37323e-01
1.79600e+00 5.46478e-01
1.80000e+00 5.47029e-01
1.80400e+00 5.40487e-01
1.80800e+00 5.04681e-01
1.81200e+00 4.63105e-01
1.81600e+00 4.55602e-01
1.82000e+00 4.55754e-01
1.82400e+00 4.57442e-01
1.82800e+00 4.61692e-01
1.83200e+00 4.67098e-01
1.83600e+00 4.71755e-01
1.84000e+00 4.75440e-01
1.84400e+00 4.77811e-01
1.84800e+00 4.78503e-01
1.85200e+00 4.78554e-01
1.85600e+00 4.78556e-01
1.86000e+00 4.78557e-01
1.86400e+00 4.78560e-01
1.86800e+00 4.78571e-01
1.87200e+00 4.78608e-01
1.87600e+00 4.78733e-01
1.88000e+00 4.79124e-01
1.88400e+00 4.80296e-01
1.88800e+00 4.83343e-01
1.89200e+00 4.88630e-01
1.89600e+00 4.92402e-01
1.90000e+00 4.93052e-01
1.90400e+00 4.93068e-01
1.90800e+00 4.93068e-01
1.91200e+00 4.93068e-01
1.91600e+00 4.93068e-01
1.92000e+00 4.93068e-01
1.92400e+00 4.93068e-01
1.92800e+00 4.93068e-01
1.93200e+00 4.93068e-01
1.93600e+00 4.93069e-01
1.94000e+00 4.93070e-01
1.94400e+00 4.93075e-01
1.94800e+00 4.93085e-01
1.95200e+00 4.93107e-01
1.95600e+00 4.93152e-01
1.96000e+00 4.93239e-01
1.96400e+00 4.93413e-01
1.96800e+00 4.93804e-01
1.97200e+00 4.94788e-01
1.97600e+00 4.97288e-01
1.98000e+00 5.02149e-01
1.98400e+00 5.06642e-01
1.98800e+00 5.07735e-01
1.99200e+00 5.07841e-01
1.99600e+00 5.07842e-01
