0.00000e+00 4.91811e-01
4.00000e-03 4.91811e-01
8.00000e-03 4.91812e-01
1.20000e-02 4.91830e-01
1.60000e-02 4.92031e-01
2.00000e-02 4.93435e-01
2.40000e-02 4.99697e-01
2.80000e-02 5.15959e-01
3.20000e-02 5.33068e-01
3.60000e-02 5.36997e-01
4.00000e-02 5.36846e-01
4.40000e-02 5.33336e-01
4.80000e-02 5.10044e-01
5.20000e-02 4.63095e-01
5.60000e-02 4.44908e-01
6.00000e-02 4.44386e-01
6.40000e-02 4.45795e-01
6.80000e-02 4.52041e-01
7.20000e-02 4.66393e-01
7.60000e-02 4.82059e-01
8.00000e-02 4.86464e-01
8.40000e-02 4.86402e-01
8.80000e-02 4.84337e-01
9.20000e-02 4.73585e-01
9.60000e-02 4.46473e-01
1.00000e-01 4.20386e-01
1.04000e-01 4.13299e-01
1.08000e-01 4.12941e-01
1.12000e-01 4.12960e-01
1.16000e-01 4.13143e-01
1.20000e-01 4.13939e-01
1.24000e-01 4.16223e-01
1.28000e-01 4.21015e-01
1.32000e-01 4.28810e-01
1.36000e-01 4.39183e-01
1.40000e-01 4.51185e-01
1.44000e-01 4.64145e-01
1.48000e-01 4.78320e-01
1.52000e-01 4.95324e-01
1.56000e-01 5.17844e-01
1.60000e-01 5.43887e-01
1.64000e-01 5.58837e-01
1.68000e-01 5.61062e-01
1.72000e-01 5.61106e-01
1.76000e-01 5.61102e-01
1.80000e-01 5.61062e-01
1.84000e-01 5.60727e-01
1.88000e-01 5.58022e-01
1.92000e-01 5.41525e-01
1.96000e-01 5.01270e-01
2.00000e-01 4.78621e-01
2.04000e-01 4.76687e-01
2.08000e-01 4.76707e-01
2.12000e-01 4.76968e-01
2.16000e-01 4.77990e-01
2.20000e-01 4.80736e-01
2.24000e-01 4.86853e-01
2.28000e-01 4.98811e-01
2.32000e-01 5.16382e-01
2.36000e-01 5.28644e-01
2.40000e-01 5.30941e-01
2.44000e-01 5.31018e-01
2.48000e-01 5.31026e-01
2.52000e-01 5.31039e-01
2.56000e-01 5.31087e-01
2.60000e-01 5.31276e-01
2.64000e-01 5.31986e-01
2.68000e-01 5.34489e-01
2.72000e-01 5.42112e-01
2.76000e-01 5.56635e-01
2.80000e-01 5.65828e-01
2.84000e-01 5.66482e-01
2.88000e-01 5.64224e-01
2.92000e-01 5.37305e-01
2.96000e-01 4.55602e-01
3.00000e-01 4.13180e-01
3.04000e-01 4.10361e-01
3.08000e-01 4.10410e-01
3.12000e-01 4.10808e-01
3.16000e-01 4.12011e-01
3.20000e-01 4.14294e-01
3.24000e-01 4.17304e-01
3.28000e-01 4.20166e-01
3.32000e-01 4.22357e-01
3.36000e-01 4.24055e-01
3.40000e-01 4.25669e-01
3.44000e-01 4.27575e-01
3.48000e-01 4.30127e-01
3.52000e-01 4.33709e-01
3.56000e-01 4.38646e-01
3.60000e-01 4.44536e-01
3.64000e-01 4.49309e-01
3.68000e-01 4.51369e-01
3.72000e-01 4.51927e-01
3.76000e-01 4.52175e-01
3.80000e-01 4.52448e-01
3.84000e-01 4.52918e-01
3.88000e-01 4.53785e-01
3.92000e-01 4.55301e-01
3.96000e-01 4.57819e-01
4.00000e-01 4.61976e-01
4.04000e-01 4.69061e-01
4.08000e-01 4.80631e-01
4.12000e-01 4.93690e-01
4.16000e-01 4.99522e-01
4.20000e-01 5.00104e-01
4.24000e-01 5.00113e-01
4.28000e-01 5.00114e-01
4.32000e-01 5.00115e-01
4.36000e-01 5.00122e-01
4.40000e-01 5.00150e-01
4.44000e-01 5.00253e-01
4.48000e-01 5.00630e-01
4.52000e-01 5.01969e-01
4.56000e-01 5.06226e-01
4.60000e-01 5.15159e-01
4.64000e-01 5.21731e-01
4.68000e-01 5.22343e-01
4.72000e-01 5.21418e-01
4.76000e-01 5.14518e-01
4.80000e-01 4.96972e-01
4.84000e-01 4.85858e-01
4.88000e-01 4.84929e-01
4.92000e-01 4.85308e-01
4.96000e-01 4.87570e-01
5.00000e-01 4.92406e-01
5.04000e-01 4.95676e-01
5.08000e-01 4.96158e-01
5.12000e-01 4.96181e-01
5.16000e-01 4.96195e-01
5.20000e-01 4.96233e-01
5.24000e-01 4.96352e-01
5.28000e-01 4.96670e-01
5.32000e-01 4.97381e-01
5.36000e-01 4.98715e-01
5.40000e-01 5.00845e-01
5.44000e-01 5.03839e-01
5.48000e-01 5.07841e-01
5.52000e-01 5.13505e-01
5.56000e-01 5.22608e-01
5.60000e-01 5.37824e-01
5.64000e-01 5.55904e-01
5.68000e-01 5.64144e-01
5.72000e-01 5.64930e-01
5.76000e-01 5.64938e-01
5.80000e-01 5.64938e-01
5.84000e-01 5.64934e-01
5.88000e-01 5.64898e-01
5.92000e-01 5.64575e-01
5.96000e-01 5.62081e-01
6.00000e-01 5.48830e-01
6.04000e-01 5.14699e-01
6.08000e-01 4.77804e-01
6.12000e-01 4.53953e-01
6.16000e-01 4.41260e-01
6.20000e-01 4.38025e-01
6.24000e-01 4.37909e-01
6.28000e-01 4.38089e-01
6.32000e-01 4.39090e-01
6.36000e-01 4.41974e-01
6.40000e-01 4.47789e-01
6.44000e-01 4.56668e-01
6.48000e-01 4.66334e-01
6.52000e-01 4.72580e-01
6.56000e-01 4.74801e-01
6.60000e-01 4.75527e-01
6.64000e-01 4.76018e-01
6.68000e-01 4.76653e-01
6.72000e-01 4.77678e-01
6.76000e-01 4.79299e-01
6.80000e-01 4.81644e-01
6.84000e-01 4.84749e-01
6.88000e-01 4.88615e-01
6.92000e-01 4.93191e-01
6.96000e-01 4.98052e-01
7.00000e-01 5.02042e-01
7.04000e-01 5.04241e-01
7.08000e-01 5.05159e-01
7.12000e-01 5.05650e-01
7.16000e-01 5.06158e-01
7.20000e-01 5.07084e-01
7.24000e-01 5.09429e-01
7.28000e-01 5.15714e-01
7.32000e-01 5.27202e-01
7.36000e-01 5.34163e-01
7.40000e-01 5.34557e-01
7.44000e-01 5.32884e-01
7.48000e-01 5.21277e-01
7.52000e-01 4.95368e-01
7.56000e-01 4.82012e-01
7.60000e-01 4.81067e-01
7.64000e-01 4.81213e-01
7.68000e-01 4.82213e-01
7.72000e-01 4.85515e-01
7.76000e-01 4.93490e-01
7.80000e-01 5.08150e-01
7.84000e-01 5.23156e-01
7.88000e-01 5.28098e-01
7.92000e-01 5.28396e-01
7.96000e-01 5.28398e-01
8.00000e-01 5.28398e-01
8.04000e-01 5.28398e-01
8.08000e-01 5.28398e-01
8.12000e-01 5.28398e-01
8.16000e-01 5.28398e-01
8.20000e-01 5.28398e-01
8.24000e-01 5.28398e-01
8.28000e-01 5.28399e-01
8.32000e-01 5.28404e-01
8.36000e-01 5.28421e-01
8.40000e-01 5.28491e-01
8.44000e-01 5.28766e-01
8.48000e-01 5.29772e-01
8.52000e-01 5.32696e-01
8.56000e-01 5.37304e-01
8.60000e-01 5.39613e-01
8.64000e-01 5.39832e-01
8.68000e-01 5.39834e-01
8.72000e-01 5.39834e-01
8.76000e-01 5.39835e-01
8.80000e-01 5.39836e-01
8.84000e-01 5.39842e-01
8.88000e-01 5.39867e-01
8.92000e-01 5.39968e-01
8.96000e-01 5.40363e-01
9.00000e-01 5.41851e-01
9.04000e-01 5.46551e-01
9.08000e-01 5.55113e-01
9.12000e-01 5.59992e-01
9.16000e-01 5.60356e-01
9.20000e-01 5.59972e-01
9.24000e-01 5.56190e-01
9.28000e-01 5.39834e-01
9.32000e-01 5.16941e-01
9.36000e-01 5.10200e-01
9.40000e-01 5.09955e-01
9.44000e-01 5.09983e-01
9.48000e-01 5.10228e-01
9.52000e-01 5.11463e-01
9.56000e-01 5.16191e-01
9.60000e-01 5.25778e-01
9.64000e-01 5.30204e-01
9.68000e-01 5.29684e-01
9.72000e-01 5.21313e-01
9.76000e-01 4.90356e-01
9.80000e-01 4.63299e-01
9.84000e-01 4.59451e-01
9.88000e-01 4.59499e-01
9.92000e-01 4.60165e-01
9.96000e-01 4.62211e-01
1.00000e+00 4.65612e-01
1.00400e+00 4.69207e-01
1.00800e+00 4.72300e-01
1.01200e+00 4.75520e-01
1.01600e+00 4.80431e-01
1.02000e+00 4.89119e-01
1.02400e+00 4.99312e-01
1.02800e+00 5.03153e-01
1.03200e+00 5.03289e-01
1.03600e+00 5.02759e-01
1.04000e+00 4.98771e-01
1.04400e+00 4.84482e-01
1.04800e+00 4.66455e-01
1.05200e+00 4.61287e-01
1.05600e+00 4.61088e-01
1.06000e+00 4.61101e-01
1.06400e+00 4.61188e-01
1.06800e+00 4.61432e-01
1.07200e+00 4.61856e-01
1.07600e+00 4.62443e-01
1.08000e+00 4.63321e-01
1.08400e+00 4.64969e-01
1.08800e+00 4.68358e-01
1.09200e+00 4.73552e-01
1.09600e+00 4.76979e-01
1.10000e+00 4.77539e-01
1.10400e+00 4.77553e-01
1.10800e+00 4.77553e-01
1.11200e+00 4.77553e-01
1.11600e+00 4.77553e-01
1.12000e+00 4.77555e-01
1.12400e+00 4.77559e-01
1.12800e+00 4.77571e-01
1.13200e+00 4.77602e-01
1.13600e+00 4.77677e-01
1.14000e+00 4.77841e-01
1.14400e+00 4.78160e-01
1.14800e+00 4.78694e-01
1.15200e+00 4.79460e-01
1.15600e+00 4.80486e-01
1.16000e+00 4.82052e-01
1.16400e+00 4.85173e-01
1.16800e+00 4.92181e-01
1.17200e+00 5.02341e-01
1.17600e+00 5.06278e-01
1.18000e+00 5.06056e-01
1.18400e+00 5.01356e-01
1.18800e+00 4.78399e-01
1.19200e+00 4.45538e-01
1.19600e+00 4.36006e-01
1.20000e+00 4.35697e-01
1.20400e+00 4.35816e-01
1.20800e+00 4.36457e-01
1.21200e+00 4.38285e-01
1.21600e+00 4.42330e-01
1.22000e+00 4.50011e-01
1.22400e+00 4.60765e-01
1.22800e+00 4.67887e-01
1.23200e+00 4.69170e-01
1.23600e+00 4.69206e-01
1.24000e+00 4.69206e-01
1.24400e+00 4.69206e-01
1.24800e+00 4.69206e-01
1.25200e+00 4.69207e-01
1.25600e+00 4.69208e-01
1.26000e+00 4.69211e-01
1.26400e+00 4.69220e-01
1.26800e+00 4.69244e-01
1.27200e+00 4.69299e-01
1.27600e+00 4.69421e-01
1.28000e+00 4.69673e-01
1.28400e+00 4.70159e-01
1.28800e+00 4.71024e-01
1.29200e+00 4.72445e-01
1.29600e+00 4.74570e-01
1.30000e+00 4.77425e-01
1.30400e+00 4.80813e-01
1.30800e+00 4.84312e-01
1.31200e+00 4.87442e-01
1.31600e+00 4.89907e-01
1.32000e+00 4.91746e-01
1.32400e+00 4.93276e-01
1.32800e+00 4.95000e-01
1.33200e+00 4.97682e-01
1.33600e+00 5.01763e-01
1.34000e+00 5.04968e-01
1.34400e+00 5.05626e-01
1.34800e+00 5.05632e-01
1.35200e+00 5.05538e-01
1.35600e+00 5.04788e-01
1.36000e+00 5.00613e-01
1.36400e+00 4.86482e-01
1.36800e+00 4.68660e-01
1.37200e+00 4.63475e-01
1.37600e+00 4.63285e-01
1.38000e+00 4.63328e-01
1.38400e+00 4.63600e-01
1.38800e+00 4.64426e-01
1.39200e+00 4.66152e-01
1.39600e+00 4.68927e-01
1.40000e+00 4.72722e-01
1.40400e+00 4.77778e-01
1.40800e+00 4.85187e-01
1.41200e+00 4.96683e-01
1.41600e+00 5.10181e-01
1.42000e+00 5.16845e-01
1.42400e+00 5.17607e-01
1.42800e+00 5.17618e-01
1.43200e+00 5.17618e-01
1.43600e+00 5.17618e-01
1.44000e+00 5.17616e-01
1.44400e+00 5.17598e-01
1.44800e+00 5.17468e-01
1.45200e+00 5.16553e-01
1.45600e+00 5.11037e-01
1.46000e+00 4.91232e-01
1.46400e+00 4.67050e-01
1.46800e+00 4.60739e-01
1.47200e+00 4.60548e-01
1.47600e+00 4.60607e-01
1.48000e+00 4.60955e-01
1.48400e+00 4.62003e-01
1.48800e+00 4.64436e-01
1.49200e+00 4.69459e-01
1.49600e+00 4.78242e-01
1.50000e+00 4.87470e-01
1.50400e+00 4.90847e-01
1.50800e+00 4.91099e-01
1.51200e+00 4.91104e-01
1.51600e+00 4.91106e-01
1.52000e+00 4.91111e-01
1.52400e+00 4.91129e-01
1.52800e+00 4.91180e-01
1.53200e+00 4.91307e-01
1.53600e+00 4.91579e-01
1.54000e+00 4.92086e-01
1.54400e+00 4.92951e-01
1.54800e+00 4.94376e-01
1.55200e+00 4.96831e-01
1.55600e+00 5.01457e-01
1.56000e+00 5.10433e-01
1.56400e+00 5.24075e-01
1.56800e+00 5.33625e-01
1.57200e+00 5.35330e-01
1.57600e+00 5.35374e-01
1.58000e+00 5.35374e-01
1.58400e+00 5.35374e-01
1.58800e+00 5.35374e-01
1.59200e+00 5.35374e-01
1.59600e+00 5.35374e-01
1.60000e+00 5.35374e-01
1.60400e+00 5.35374e-01
1.60800e+00 5.35374e-01
1.61200e+00 5.35375e-01
1.61600e+00 5.35376e-01
1.62000e+00 5.35376e-01
1.62400e+00 5.35375e-01
1.62800e+00 5.35368e-01
1.63200e+00 5.35310e-01
1.63600e+00 5.34868e-01
1.64000e+00 5.31873e-01
1.64400e+00 5.18147e-01
1.64800e+00 4.93503e-01
1.65200e+00 4.83331e-01
1.65600e+00 4.82873e-01
1.66000e+00 4.83279e-01
1.66400e+00 4.85639e-01
1.66800e+00 4.92245e-01
1.67200e+00 5.00950e-01
1.67600e+00 5.04440e-01
1.68000e+00 5.04695e-01
1.68400e+00 5.04697e-01
1.68800e+00 5.04697e-01
1.69200e+00 5.04697e-01
1.69600e+00 5.04697e-01
1.70000e+00 5.04697e-01
1.70400e+00 5.04697e-01
1.70800e+00 5.04697e-01
1.71200e+00 5.04697e-01
1.71600e+00 5.04697e-01
1.72000e+00 5.04698e-01
1.72400e+00 5.04698e-01
1.72800e+00 5.04700e-01
1.73200e+00 5.04704e-01
1.73600e+00 5.04713e-01
1.74000e+00 5.04733e-01
1.74400e+00 5.04777e-01
1.74800e+00 5.04879e-01
1.75200e+00 5.05139e-01
1.75600e+00 5.05859e-01
1.76000e+00 5.07899e-01
1.76400e+00 5.12846e-01
1.76800e+00 5.19875e-01
1.77200e+00 5.23269e-01
1.77600e+00 5.23596e-01
1.78000e+00 5.23600e-01
1.78400e+00 5.23600e-01
1.78800e+00 5.23601e-01
1.79200e+00 5.23604e-01
1.79600e+00 5.23615e-01
1.80000e+00 5.23648e-01
1.80400e+00 5.23759e-01
1.80800e+00 5.24195e-01
1.81200e+00 5.26076e-01
1.81600e+00 5.32667e-01
1.82000e+00 5.41613e-01
1.82400e+00 5.42971e-01
1.82800e+00 5.39298e-01
1.83200e+00 5.12885e-01
1.83600e+00 4.69473e-01
1.84000e+00 4.57045e-01
1.84400e+00 4.56874e-01
1.84800e+00 4.57915e-01
1.85200e+00 4.61346e-01
1.85600e+00 4.66951e-01
1.86000e+00 4.72932e-01
1.86400e+00 4.77091e-01
1.86800e+00 4.78432e-01
1.87200e+00 4.78554e-01
1.87600e+00 4.78557e-01
1.88000e+00 4.78557e-01
1.88400e+00 4.78558e-01
1.88800e+00 4.78561e-01
1.89200e+00 4.78571e-01
1.89600e+00 4.78608e-01
1.90000e+00 4.78729e-01
1.90400e+00 4.79108e-01
1.90800e+00 4.80244e-01
1.91200e+00 4.83217e-01
1.91600e+00 4.88471e-01
1.92000e+00 4.92348e-01
1.92400e+00 4.93050e-01
1.92800e+00 4.93068e-01
1.93200e+00 4.93068e-01
1.93600e+00 4.93068e-01
1.94000e+00 4.93068e-01
1.94400e+00 4.93068e-01
1.94800e+00 4.93068e-01
1.95200e+00 4.93068e-01
1.95600e+00 4.93068e-01
1.96000e+00 4.93068e-01
1.96400e+00 4.93070e-01
1.96800e+00 4.93073e-01
1.97200e+00 4.93081e-01
1.97600e+00 4.93098e-01
1.98000e+00 4.93133e-01
1.98400e+00 4.93204e-01
1.98800e+00 4.93320e-01
1.99200e+00 4.94301e-01
1.99600e+00 4.94398e-01
