0.00000e+00 4.99095e-01
4.00000e-03 4.99095e-01
8.00000e-03 4.99096e-01
1.20000e-02 4.99113e-01
1.60000e-02 4.99308e-01
2.00000e-02 5.00704e-01
2.40000e-02 5.07135e-01
2.80000e-02 5.25247e-01
3.20000e-02 5.48905e-01
3.60000e-02 5.57405e-01
4.00000e-02 5.57791e-01
4.40000e-02 5.57501e-01
4.80000e-02 5.54298e-01
5.20000e-02 5.37110e-01
5.60000e-02 5.05582e-01
6.00000e-02 4.93344e-01
6.40000e-02 4.92846e-01
6.80000e-02 4.93263e-01
7.20000e-02 4.95750e-01
7.60000e-02 5.03943e-01
8.00000e-02 5.20408e-01
8.40000e-02 5.32320e-01
8.80000e-02 5.33341e-01
9.20000e-02 5.30831e-01
9.60000e-02 5.10582e-01
1.00000e-01 4.66686e-01
1.04000e-01 4.48567e-01
1.08000e-01 4.48048e-01
1.12000e-01 4.49756e-01
1.16000e-01 4.57104e-01
1.20000e-01 4.71920e-01
1.24000e-01 4.83022e-01
1.28000e-01 4.84420e-01
1.32000e-01 4.83701e-01
1.36000e-01 4.76705e-01
1.40000e-01 4.50033e-01
1.44000e-01 4.20041e-01
1.48000e-01 4.13270e-01
1.52000e-01 4.13106e-01
1.56000e-01 4.13182e-01
1.60000e-01 4.13597e-01
1.64000e-01 4.14817e-01
1.68000e-01 4.17479e-01
1.72000e-01 4.22154e-01
1.76000e-01 4.29009e-01
1.80000e-01 4.37661e-01
1.84000e-01 4.47374e-01
1.88000e-01 4.57446e-01
1.92000e-01 4.67508e-01
1.96000e-01 4.77695e-01
2.00000e-01 4.88807e-01
2.04000e-01 5.02642e-01
2.08000e-01 5.21936e-01
2.12000e-01 5.45229e-01
2.16000e-01 5.58969e-01
2.20000e-01 5.61052e-01
2.24000e-01 5.61094e-01
2.28000e-01 5.61092e-01
2.32000e-01 5.61047e-01
2.36000e-01 5.60571e-01
2.40000e-01 5.56300e-01
2.44000e-01 5.33118e-01
2.48000e-01 4.92307e-01
2.52000e-01 4.77696e-01
2.56000e-01 4.77051e-01
2.60000e-01 4.77137e-01
2.64000e-01 4.77690e-01
2.68000e-01 4.79427e-01
2.72000e-01 4.83467e-01
2.76000e-01 4.91674e-01
2.80000e-01 5.06207e-01
2.84000e-01 5.23020e-01
2.88000e-01 5.30343e-01
2.92000e-01 5.31023e-01
2.96000e-01 5.31034e-01
3.00000e-01 5.31037e-01
3.04000e-01 5.31043e-01
3.08000e-01 5.31068e-01
3.12000e-01 5.31169e-01
3.16000e-01 5.31549e-01
3.20000e-01 5.33026e-01
3.24000e-01 5.38603e-01
3.28000e-01 5.51547e-01
3.32000e-01 5.58248e-01
3.36000e-01 5.56388e-01
3.40000e-01 5.27152e-01
3.44000e-01 4.47340e-01
3.48000e-01 4.12852e-01
3.52000e-01 4.11207e-01
3.56000e-01 4.11459e-01
3.60000e-01 4.12680e-01
3.64000e-01 4.15237e-01
3.68000e-01 4.18523e-01
3.72000e-01 4.21440e-01
3.76000e-01 4.23517e-01
3.80000e-01 4.25052e-01
3.84000e-01 4.26494e-01
3.88000e-01 4.28213e-01
3.92000e-01 4.30559e-01
3.96000e-01 4.33956e-01
4.00000e-01 4.38867e-01
4.04000e-01 4.45046e-01
4.08000e-01 4.50042e-01
4.12000e-01 4.51874e-01
4.16000e-01 4.52205e-01
4.20000e-01 4.52320e-01
4.24000e-01 4.52455e-01
4.28000e-01 4.52719e-01
4.32000e-01 4.53258e-01
4.36000e-01 4.54260e-01
4.40000e-01 4.55956e-01
4.44000e-01 4.58678e-01
4.48000e-01 4.63096e-01
4.52000e-01 4.70578e-01
4.56000e-01 4.82518e-01
4.60000e-01 4.94960e-01
4.64000e-01 4.99730e-01
4.68000e-01 5.00111e-01
4.72000e-01 5.00115e-01
4.76000e-01 5.00115e-01
4.80000e-01 5.00116e-01
4.84000e-01 5.00119e-01
4.88000e-01 5.00133e-01
4.92000e-01 5.00184e-01
4.96000e-01 5.00375e-01
5.00000e-01 5.01076e-01
5.04000e-01 5.03484e-01
5.08000e-01 5.09908e-01
5.12000e-01 5.17985e-01
5.16000e-01 5.20220e-01
5.20000e-01 5.20031e-01
5.24000e-01 5.17356e-01
5.28000e-01 5.05968e-01
5.32000e-01 4.90570e-01
5.36000e-01 4.86409e-01
5.40000e-01 4.86404e-01
5.44000e-01 4.87275e-01
5.48000e-01 4.90434e-01
5.52000e-01 4.94628e-01
5.56000e-01 4.96106e-01
5.60000e-01 4.96207e-01
5.64000e-01 4.96217e-01
5.68000e-01 4.96232e-01
5.72000e-01 4.96281e-01
5.76000e-01 4.96427e-01
5.80000e-01 4.96797e-01
5.84000e-01 4.97586e-01
5.88000e-01 4.99007e-01
5.92000e-01 5.01187e-01
5.96000e-01 5.04114e-01
6.00000e-01 5.07818e-01
6.04000e-01 5.12753e-01
6.08000e-01 5.20334e-01
6.12000e-01 5.33249e-01
6.16000e-01 5.51341e-01
6.20000e-01 5.63027e-01
6.24000e-01 5.64896e-01
6.28000e-01 5.64937e-01
6.32000e-01 5.64937e-01
6.36000e-01 5.64935e-01
6.40000e-01 5.64917e-01
6.44000e-01 5.64734e-01
6.48000e-01 5.62716e-01
6.52000e-01 5.44790e-01
6.56000e-01 4.84403e-01
6.60000e-01 4.42455e-01
6.64000e-01 4.38132e-01
6.68000e-01 4.38120e-01
6.72000e-01 4.38292e-01
6.76000e-01 4.39008e-01
6.80000e-01 4.40926e-01
6.84000e-01 4.44950e-01
6.88000e-01 4.51985e-01
6.92000e-01 4.61891e-01
6.96000e-01 4.71013e-01
7.00000e-01 4.75005e-01
7.04000e-01 4.75821e-01
7.08000e-01 4.76060e-01
7.12000e-01 4.76294e-01
7.16000e-01 4.76706e-01
7.20000e-01 4.77488e-01
7.24000e-01 4.78838e-01
7.28000e-01 4.80889e-01
7.32000e-01 4.83683e-01
7.36000e-01 4.87257e-01
7.40000e-01 4.91740e-01
7.44000e-01 4.97046e-01
7.48000e-01 5.01948e-01
7.52000e-01 5.04632e-01
7.56000e-01 5.05457e-01
7.60000e-01 5.05735e-01
7.64000e-01 5.05965e-01
7.68000e-01 5.06372e-01
7.72000e-01 5.07426e-01
7.76000e-01 5.10529e-01
7.80000e-01 5.18457e-01
7.84000e-01 5.28739e-01
7.88000e-01 5.31797e-01
7.92000e-01 5.31562e-01
7.96000e-01 5.27792e-01
8.00000e-01 5.10890e-01
8.04000e-01 4.88119e-01
8.08000e-01 4.81962e-01
8.12000e-01 4.81835e-01
8.16000e-01 4.82159e-01
8.20000e-01 4.83764e-01
8.24000e-01 4.88419e-01
8.28000e-01 4.98813e-01
8.32000e-01 5.14984e-01
8.36000e-01 5.26313e-01
8.40000e-01 5.28345e-01
8.44000e-01 5.28398e-01
8.48000e-01 5.28398e-01
8.52000e-01 5.28398e-01
8.56000e-01 5.28398e-01
8.60000e-01 5.28398e-01
8.64000e-01 5.28398e-01
8.68000e-01 5.28398e-01
8.72000e-01 5.28398e-01
8.76000e-01 5.28398e-01
8.80000e-01 5.28399e-01
8.84000e-01 5.28402e-01
8.88000e-01 5.28414e-01
8.92000e-01 5.28463e-01
8.96000e-01 5.28658e-01
9.00000e-01 5.29390e-01
9.04000e-01 5.31707e-01
9.08000e-01 5.36185e-01
9.12000e-01 5.39345e-01
9.16000e-01 5.39825e-01
9.20000e-01 5.39835e-01
9.24000e-01 5.39835e-01
9.28000e-01 5.39835e-01
9.32000e-01 5.39835e-01
9.36000e-01 5.39838e-01
9.40000e-01 5.39848e-01
9.44000e-01 5.39891e-01
9.48000e-01 5.40066e-01
9.52000e-01 5.40765e-01
9.56000e-01 5.43331e-01
9.60000e-01 5.50073e-01
9.64000e-01 5.57520e-01
9.68000e-01 5.59212e-01
9.72000e-01 5.59078e-01
9.76000e-01 5.56943e-01
9.80000e-01 5.45098e-01
9.84000e-01 5.21642e-01
9.88000e-01 5.10859e-01
9.92000e-01 5.10156e-01
9.96000e-01 5.10204e-01
1.00000e+00 5.10688e-01
1.00400e+00 5.13118e-01
1.00800e+00 5.19755e-01
1.01200e+00 5.24741e-01
1.01600e+00 5.24814e-01
1.02000e+00 5.20661e-01
1.02400e+00 4.99133e-01
1.02800e+00 4.68782e-01
1.03200e+00 4.60551e-01
1.03600e+00 4.60378e-01
1.04000e+00 4.60744e-01
1.04400e+00 4.62265e-01
1.04800e+00 4.65308e-01
1.05200e+00 4.69048e-01
1.05600e+00 4.72533e-01
1.06000e+00 4.76102e-01
1.06400e+00 4.81263e-01
1.06800e+00 4.89913e-01
1.07200e+00 4.99264e-01
1.07600e+00 5.02354e-01
1.08000e+00 5.02425e-01
1.08400e+00 5.01848e-01
1.08800e+00 4.97745e-01
1.09200e+00 4.83505e-01
1.09600e+00 4.66133e-01
1.10000e+00 4.61332e-01
1.10400e+00 4.61153e-01
1.10800e+00 4.61163e-01
1.11200e+00 4.61231e-01
1.11600e+00 4.61434e-01
1.12000e+00 4.61836e-01
1.12400e+00 4.62507e-01
1.12800e+00 4.63681e-01
1.13200e+00 4.66004e-01
1.13600e+00 4.70363e-01
1.14000e+00 4.75382e-01
1.14400e+00 4.77389e-01
1.14800e+00 4.77551e-01
1.15200e+00 4.77553e-01
1.15600e+00 4.77553e-01
1.16000e+00 4.77553e-01
1.16400e+00 4.77553e-01
1.16800e+00 4.77555e-01
1.17200e+00 4.77558e-01
1.17600e+00 4.77568e-01
1.18000e+00 4.77595e-01
1.18400e+00 4.77658e-01
1.18800e+00 4.77797e-01
1.19200e+00 4.78067e-01
1.19600e+00 4.78517e-01
1.20000e+00 4.79165e-01
1.20400e+00 4.80075e-01
1.20800e+00 4.81621e-01
1.21200e+00 4.85056e-01
1.21600e+00 4.92648e-01
1.22000e+00 5.01110e-01
1.22400e+00 5.02870e-01
1.22800e+00 5.02072e-01
1.23200e+00 4.93946e-01
1.23600e+00 4.65944e-01
1.24000e+00 4.40400e-01
1.24400e+00 4.36207e-01
1.24800e+00 4.36187e-01
1.25200e+00 4.36501e-01
1.25600e+00 4.37752e-01
1.26000e+00 4.40947e-01
1.26400e+00 4.47535e-01
1.26800e+00 4.57966e-01
1.27200e+00 4.66781e-01
1.27600e+00 4.69096e-01
1.28000e+00 4.69206e-01
1.28400e+00 4.69206e-01
1.28800e+00 4.69206e-01
1.29200e+00 4.69206e-01
1.29600e+00 4.69207e-01
1.30000e+00 4.69207e-01
1.30400e+00 4.69208e-01
1.30800e+00 4.69212e-01
1.31200e+00 4.69221e-01
1.31600e+00 4.69245e-01
1.32000e+00 4.69301e-01
1.32400e+00 4.69422e-01
1.32800e+00 4.69669e-01
1.33200e+00 4.70141e-01
1.33600e+00 4.70976e-01
1.34000e+00 4.72338e-01
1.34400e+00 4.74374e-01
1.34800e+00 4.77147e-01
1.35200e+00 4.80556e-01
1.35600e+00 4.84246e-01
1.36000e+00 4.87606e-01
1.36400e+00 4.90103e-01
1.36800e+00 4.91755e-01
1.37200e+00 4.93019e-01
1.37600e+00 4.94477e-01
1.38000e+00 4.96946e-01
1.38400e+00 5.01075e-01
1.38800e+00 5.04667e-01
1.39200e+00 5.05498e-01
1.39600e+00 5.05511e-01
1.40000e+00 5.05415e-01
1.40400e+00 5.04631e-01
1.40800e+00 5.00304e-01
1.41200e+00 4.85965e-01
1.41600e+00 4.68486e-01
1.42000e+00 4.63618e-01
1.42400e+00 4.63449e-01
1.42800e+00 4.63489e-01
1.43200e+00 4.63735e-01
1.43600e+00 4.64489e-01
1.44000e+00 4.66081e-01
1.44400e+00 4.68666e-01
1.44800e+00 4.72200e-01
1.45200e+00 4.76826e-01
1.45600e+00 4.83437e-01
1.46000e+00 4.93800e-01
1.46400e+00 5.07443e-01
1.46800e+00 5.16126e-01
1.47200e+00 5.17582e-01
1.47600e+00 5.17618e-01
1.48000e+00 5.17618e-01
1.48400e+00 5.17618e-01
1.48800e+00 5.17616e-01
1.49200e+00 5.17600e-01
1.49600e+00 5.17484e-01
1.50000e+00 5.16667e-01
1.50400e+00 5.11666e-01
1.50800e+00 4.92906e-01
1.51200e+00 4.68171e-01
1.51600e+00 4.61018e-01
1.52000e+00 4.60763e-01
1.52400e+00 4.60816e-01
1.52800e+00 4.61149e-01
1.53200e+00 4.62220e-01
1.53600e+00 4.64873e-01
1.54000e+00 4.70582e-01
1.54400e+00 4.80203e-01
1.54800e+00 4.88718e-01
1.55200e+00 4.90998e-01
1.55600e+00 4.91106e-01
1.56000e+00 4.91108e-01
1.56400e+00 4.91109e-01
1.56800e+00 4.91111e-01
1.57200e+00 4.91121e-01
1.57600e+00 4.91148e-01
1.58000e+00 4.91221e-01
1.58400e+00 4.91388e-01
1.58800e+00 4.91721e-01
1.59200e+00 4.92317e-01
1.59600e+00 4.93304e-01
1.60000e+00 4.94926e-01
1.60400e+00 4.97769e-01
1.60800e+00 5.03217e-01
1.61200e+00 5.13540e-01
1.61600e+00 5.27264e-01
1.62000e+00 5.34512e-01
1.62400e+00 5.35362e-01
1.62800e+00 5.35374e-01
1.63200e+00 5.35374e-01
1.63600e+00 5.35374e-01
1.64000e+00 5.35374e-01
1.64400e+00 5.35374e-01
1.64800e+00 5.35374e-01
1.65200e+00 5.35374e-01
1.65600e+00 5.35374e-01
1.66000e+00 5.35374e-01
1.66400e+00 5.35375e-01
1.66800e+00 5.35375e-01
1.67200e+00 5.35375e-01
1.67600e+00 5.35372e-01
1.68000e+00 5.35352e-01
1.68400e+00 5.35196e-01
1.68800e+00 5.34065e-01
1.69200e+00 5.27427e-01
1.69600e+00 5.06685e-01
1.70000e+00 4.87305e-01
1.70400e+00 4.84085e-01
1.70800e+00 4.84171e-01
1.71200e+00 4.85282e-01
1.71600e+00 4.89532e-01
1.72000e+00 4.97782e-01
1.72400e+00 5.03708e-01
1.72800e+00 5.04676e-01
1.73200e+00 5.04697e-01
1.73600e+00 5.04697e-01
1.74000e+00 5.04697e-01
1.74400e+00 5.04697e-01
1.74800e+00 5.04697e-01
1.75200e+00 5.04697e-01
1.75600e+00 5.04697e-01
1.76000e+00 5.04697e-01
1.76400e+00 5.04697e-01
1.76800e+00 5.04697e-01
1.77200e+00 5.04698e-01
1.77600e+00 5.04698e-01
1.78000e+00 5.04700e-01
1.78400e+00 5.04704e-01
1.78800e+00 5.04713e-01
1.79200e+00 5.04733e-01
1.79600e+00 5.04780e-01
1.80000e+00 5.04896e-01
1.80400e+00 5.05213e-01
1.80800e+00 5.06135e-01
1.81200e+00 5.08745e-01
1.81600e+00 5.14572e-01
1.82000e+00 5.21227e-01
1.82400e+00 5.23470e-01
1.82800e+00 5.23600e-01
1.83200e+00 5.23601e-01
1.83600e+00 5.23601e-01
1.84000e+00 5.23602e-01
1.84400e+00 5.23603e-01
1.84800e+00 5.23610e-01
1.85200e+00 5.23638e-01
1.85600e+00 5.23771e-01
1.86000e+00 5.24460e-01
1.86400e+00 5.27526e-01
1.86800e+00 5.33929e-01
1.87200e+00 5.36186e-01
1.87600e+00 5.34934e-01
1.88000e+00 5.21572e-01
1.88400e+00 4.83485e-01
1.88800e+00 4.60620e-01
1.89200e+00 4.58860e-01
1.89600e+00 4.59271e-01
1.90000e+00 4.61705e-01
1.90400e+00 4.67959e-01
1.90800e+00 4.75480e-01
1.91200e+00 4.78345e-01
1.91600e+00 4.78555e-01
1.92000e+00 4.78557e-01
1.92400e+00 4.78557e-01
1.92800e+00 4.78558e-01
1.93200e+00 4.78558e-01
1.93600e+00 4.78561e-01
1.94000e+00 4.78572e-01
1.94400e+00 4.78608e-01
1.94800e+00 4.78722e-01
1.95200e+00 4.79078e-01
1.95600e+00 4.80146e-01
1.96000e+00 4.82976e-01
1.96400e+00 4.88151e-01
1.96800e+00 4.92230e-01
1.97200e+00 4.93044e-01
1.97600e+00 4.93068e-01
1.98000e+00 4.93068e-01
1.98400e+00 4.93068e-01
1.98800e+00 4.93068e-01
1.99200e+00 4.93068e-01
1.99600e+00 4.93068e-01
