0.00000e+00 4.15322e-01
4.00000e-03 4.15323e-01
8.00000e-03 4.15346e-01
1.20000e-02 4.15639e-01
1.60000e-02 4.17674e-01
2.00000e-02 4.26148e-01
2.40000e-02 4.48094e-01
2.80000e-02 4.79560e-01
3.20000e-02 4.96589e-01
3.60000e-02 4.99201e-01
4.00000e-02 4.99779e-01
4.40000e-02 5.00781e-01
4.80000e-02 5.04187e-01
5.20000e-02 5.14229e-01
5.60000e-02 5.34486e-01
6.00000e-02 5.53100e-01
6.40000e-02 5.57287e-01
6.80000e-02 5.57310e-01
7.20000e-02 5.56234e-01
7.60000e-02 5.47742e-01
8.00000e-02 5.20049e-01
8.40000e-02 4.96666e-01
8.80000e-02 4.93484e-01
9.20000e-02 4.93615e-01
9.60000e-02 4.94990e-01
1.00000e-01 5.00626e-01
1.04000e-01 5.14609e-01
1.08000e-01 5.28490e-01
1.12000e-01 5.30609e-01
1.16000e-01 5.28583e-01
1.20000e-01 5.10685e-01
1.24000e-01 4.69193e-01
1.28000e-01 4.50686e-01
1.32000e-01 4.50085e-01
1.36000e-01 4.51871e-01
1.40000e-01 4.59626e-01
1.44000e-01 4.74095e-01
1.48000e-01 4.82451e-01
1.52000e-01 4.82891e-01
1.56000e-01 4.80905e-01
1.60000e-01 4.67106e-01
1.64000e-01 4.34229e-01
1.68000e-01 4.15066e-01
1.72000e-01 4.13241e-01
1.76000e-01 4.13261e-01
1.80000e-01 4.13507e-01
1.84000e-01 4.14377e-01
1.88000e-01 4.16411e-01
1.92000e-01 4.20120e-01
1.96000e-01 4.25749e-01
2.00000e-01 4.33120e-01
2.04000e-01 4.41697e-01
2.08000e-01 4.50831e-01
2.12000e-01 4.60002e-01
2.16000e-01 4.68967e-01
2.20000e-01 4.77829e-01
2.24000e-01 4.87124e-01
2.28000e-01 4.98092e-01
2.32000e-01 5.13078e-01
2.36000e-01 5.34137e-01
2.40000e-01 5.54024e-01
2.44000e-01 5.60664e-01
2.48000e-01 5.61086e-01
2.52000e-01 5.61087e-01
2.56000e-01 5.61071e-01
2.60000e-01 5.60874e-01
2.64000e-01 5.58953e-01
2.68000e-01 5.45464e-01
2.72000e-01 5.06558e-01
2.76000e-01 4.80095e-01
2.80000e-01 4.77283e-01
2.84000e-01 4.77305e-01
2.88000e-01 4.77660e-01
2.92000e-01 4.78973e-01
2.96000e-01 4.82229e-01
3.00000e-01 4.88992e-01
3.04000e-01 5.01556e-01
3.08000e-01 5.18790e-01
3.12000e-01 5.29375e-01
3.16000e-01 5.30999e-01
3.20000e-01 5.31036e-01
3.24000e-01 5.31038e-01
3.28000e-01 5.31040e-01
3.32000e-01 5.31049e-01
3.36000e-01 5.31086e-01
3.40000e-01 5.31236e-01
3.44000e-01 5.31922e-01
3.48000e-01 5.35183e-01
3.52000e-01 5.44972e-01
3.56000e-01 5.51171e-01
3.60000e-01 5.49137e-01
3.64000e-01 5.19099e-01
3.68000e-01 4.43399e-01
3.72000e-01 4.13179e-01
3.76000e-01 4.11951e-01
3.80000e-01 4.12363e-01
3.84000e-01 4.14106e-01
3.88000e-01 4.17276e-01
3.92000e-01 4.20677e-01
3.96000e-01 4.23191e-01
4.00000e-01 4.24853e-01
4.04000e-01 4.26188e-01
4.08000e-01 4.27626e-01
4.12000e-01 4.29512e-01
4.16000e-01 4.32229e-01
4.20000e-01 4.36299e-01
4.24000e-01 4.42109e-01
4.28000e-01 4.48300e-01
4.32000e-01 4.51584e-01
4.36000e-01 4.52233e-01
4.40000e-01 4.52336e-01
4.44000e-01 4.52408e-01
4.48000e-01 4.52538e-01
4.52000e-01 4.52827e-01
4.56000e-01 4.53419e-01
4.60000e-01 4.54500e-01
4.64000e-01 4.56288e-01
4.68000e-01 4.59112e-01
4.72000e-01 4.63661e-01
4.76000e-01 4.71345e-01
4.80000e-01 4.83450e-01
4.84000e-01 4.95529e-01
4.88000e-01 4.99808e-01
4.92000e-01 5.00112e-01
4.96000e-01 5.00115e-01
5.00000e-01 5.00116e-01
5.04000e-01 5.00116e-01
5.08000e-01 5.00118e-01
5.12000e-01 5.00128e-01
5.16000e-01 5.00164e-01
5.20000e-01 5.00301e-01
5.24000e-01 5.00808e-01
5.28000e-01 5.02598e-01
5.32000e-01 5.07797e-01
5.36000e-01 5.15877e-01
5.40000e-01 5.19203e-01
5.44000e-01 5.19216e-01
5.48000e-01 5.17660e-01
5.52000e-01 5.09378e-01
5.56000e-01 4.93926e-01
5.60000e-01 4.87265e-01
5.64000e-01 4.86990e-01
5.68000e-01 4.87458e-01
5.72000e-01 4.89747e-01
5.76000e-01 4.93833e-01
5.80000e-01 4.95987e-01
5.84000e-01 4.96216e-01
5.88000e-01 4.96228e-01
5.92000e-01 4.96238e-01
5.96000e-01 4.96268e-01
6.00000e-01 4.96365e-01
6.04000e-01 4.96625e-01
6.08000e-01 4.97212e-01
6.12000e-01 4.98340e-01
6.16000e-01 5.00178e-01
6.20000e-01 5.02750e-01
6.24000e-01 5.05981e-01
6.28000e-01 5.09993e-01
6.32000e-01 5.15528e-01
6.36000e-01 5.24488e-01
6.40000e-01 5.39546e-01
6.44000e-01 5.56926e-01
6.48000e-01 5.64300e-01
6.52000e-01 5.64931e-01
6.56000e-01 5.64936e-01
6.60000e-01 5.64936e-01
6.64000e-01 5.64928e-01
6.68000e-01 5.64824e-01
6.72000e-01 5.63438e-01
6.76000e-01 5.49362e-01
6.80000e-01 4.92669e-01
6.84000e-01 4.44542e-01
6.88000e-01 4.38340e-01
6.92000e-01 4.38312e-01
6.96000e-01 4.38565e-01
7.00000e-01 4.39554e-01
7.04000e-01 4.41960e-01
7.08000e-01 4.46633e-01
7.12000e-01 4.54447e-01
7.16000e-01 4.64857e-01
7.20000e-01 4.73061e-01
7.24000e-01 4.75686e-01
7.28000e-01 4.76065e-01
7.32000e-01 4.76193e-01
7.36000e-01 4.76358e-01
7.40000e-01 4.76696e-01
7.44000e-01 4.77385e-01
7.48000e-01 4.78617e-01
7.52000e-01 4.80532e-01
7.56000e-01 4.83170e-01
7.60000e-01 4.86583e-01
7.64000e-01 4.90979e-01
7.68000e-01 4.96483e-01
7.72000e-01 5.01902e-01
7.76000e-01 5.04861e-01
7.80000e-01 5.05618e-01
7.84000e-01 5.05805e-01
7.88000e-01 5.05944e-01
7.92000e-01 5.06200e-01
7.96000e-01 5.06887e-01
8.00000e-01 5.08993e-01
8.04000e-01 5.14969e-01
8.08000e-01 5.25181e-01
8.12000e-01 5.30305e-01
8.16000e-01 5.30436e-01
8.20000e-01 5.28531e-01
8.24000e-01 5.16959e-01
8.28000e-01 4.93652e-01
8.32000e-01 4.82834e-01
8.36000e-01 4.82179e-01
8.40000e-01 4.82339e-01
8.44000e-01 4.83380e-01
8.48000e-01 4.86793e-01
8.52000e-01 4.95054e-01
8.56000e-01 5.09944e-01
8.60000e-01 5.24106e-01
8.64000e-01 5.28193e-01
8.68000e-01 5.28397e-01
8.72000e-01 5.28398e-01
8.76000e-01 5.28398e-01
8.80000e-01 5.28398e-01
8.84000e-01 5.28398e-01
8.88000e-01 5.28398e-01
8.92000e-01 5.28398e-01
8.96000e-01 5.28398e-01
9.00000e-01 5.28398e-01
9.04000e-01 5.28398e-01
9.08000e-01 5.28400e-01
9.12000e-01 5.28405e-01
9.16000e-01 5.28425e-01
9.20000e-01 5.28507e-01
9.24000e-01 5.28829e-01
9.28000e-01 5.29990e-01
9.32000e-01 5.33208e-01
9.36000e-01 5.37763e-01
9.40000e-01 5.39689e-01
9.44000e-01 5.39834e-01
9.48000e-01 5.39835e-01
9.52000e-01 5.39835e-01
9.56000e-01 5.39835e-01
9.60000e-01 5.39836e-01
9.64000e-01 5.39839e-01
9.68000e-01 5.39853e-01
9.72000e-01 5.39911e-01
9.76000e-01 5.40148e-01
9.80000e-01 5.41105e-01
9.84000e-01 5.44487e-01
9.88000e-01 5.52044e-01
9.92000e-01 5.57865e-01
9.96000e-01 5.58531e-01
1.00000e+00 5.58102e-01
1.00400e+00 5.53775e-01
1.00800e+00 5.36435e-01
1.01200e+00 5.15448e-01
1.01600e+00 5.10454e-01
1.02000e+00 5.10363e-01
1.02400e+00 5.10618e-01
1.02800e+00 5.12296e-01
1.03200e+00 5.17593e-01
1.03600e+00 5.22405e-01
1.04000e+00 5.22648e-01
1.04400e+00 5.19650e-01
1.04800e+00 5.01921e-01
1.05200e+00 4.71765e-01
1.05600e+00 4.61198e-01
1.06000e+00 4.60807e-01
1.06400e+00 4.61070e-01
1.06800e+00 4.62338e-01
1.07200e+00 4.65125e-01
1.07600e+00 4.68842e-01
1.08000e+00 4.72515e-01
1.08400e+00 4.76327e-01
1.08800e+00 4.81728e-01
1.09200e+00 4.90454e-01
1.09600e+00 4.99325e-01
1.10000e+00 5.01988e-01
1.10400e+00 5.02026e-01
1.10800e+00 5.01416e-01
1.11200e+00 4.97225e-01
1.11600e+00 4.82958e-01
1.12000e+00 4.65932e-01
1.12400e+00 4.61346e-01
1.12800e+00 4.61181e-01
1.13200e+00 4.61189e-01
1.13600e+00 4.61250e-01
1.14000e+00 4.61439e-01
1.14400e+00 4.61836e-01
1.14800e+00 4.62555e-01
1.15200e+00 4.63909e-01
1.15600e+00 4.66647e-01
1.16000e+00 4.71471e-01
1.16400e+00 4.76103e-01
1.16800e+00 4.77479e-01
1.17200e+00 4.77553e-01
1.17600e+00 4.77553e-01
1.18000e+00 4.77553e-01
1.18400e+00 4.77553e-01
1.18800e+00 4.77553e-01
1.19200e+00 4.77555e-01
1.19600e+00 4.77558e-01
1.20000e+00 4.77567e-01
1.20400e+00 4.77592e-01
1.20800e+00 4.77650e-01
1.21200e+00 4.77777e-01
1.21600e+00 4.78025e-01
1.22000e+00 4.78435e-01
1.22400e+00 4.79027e-01
1.22800e+00 4.79894e-01
1.23200e+00 4.81479e-01
1.23600e+00 4.85190e-01
1.24000e+00 4.93052e-01
1.24400e+00 5.00236e-01
1.24800e+00 5.01164e-01
1.25200e+00 4.99911e-01
1.25600e+00 4.89425e-01
1.26000e+00 4.59849e-01
1.26400e+00 4.38908e-01
1.26800e+00 4.36450e-01
1.27200e+00 4.36491e-01
1.27600e+00 4.36973e-01
1.28000e+00 4.38679e-01
1.28400e+00 4.42846e-01
1.28800e+00 4.50972e-01
1.29200e+00 4.61861e-01
1.29600e+00 4.68239e-01
1.30000e+00 4.69186e-01
1.30400e+00 4.69206e-01
1.30800e+00 4.69206e-01
1.31200e+00 4.69206e-01
1.31600e+00 4.69206e-01
1.32000e+00 4.69207e-01
1.32400e+00 4.69207e-01
1.32800e+00 4.69208e-01
1.33200e+00 4.69212e-01
1.33600e+00 4.69222e-01
1.34000e+00 4.69246e-01
1.34400e+00 4.69302e-01
1.34800e+00 4.69422e-01
1.35200e+00 4.69667e-01
1.35600e+00 4.70133e-01
1.36000e+00 4.70953e-01
1.36400e+00 4.72285e-01
1.36800e+00 4.74276e-01
1.37200e+00 4.77006e-01
1.37600e+00 4.80423e-01
1.38000e+00 4.84212e-01
1.38400e+00 4.87701e-01
1.38800e+00 4.90232e-01
1.39200e+00 4.91807e-01
1.39600e+00 4.92953e-01
1.40000e+00 4.94273e-01
1.40400e+00 4.96579e-01
1.40800e+00 5.00635e-01
1.41200e+00 5.04444e-01
1.41600e+00 5.05421e-01
1.42000e+00 5.05442e-01
1.42400e+00 5.05346e-01
1.42800e+00 5.04549e-01
1.43200e+00 5.00155e-01
1.43600e+00 4.85727e-01
1.44000e+00 4.68411e-01
1.44400e+00 4.63685e-01
1.44800e+00 4.63525e-01
1.45200e+00 4.63563e-01
1.45600e+00 4.63799e-01
1.46000e+00 4.64522e-01
1.46400e+00 4.66055e-01
1.46800e+00 4.68557e-01
1.47200e+00 4.71976e-01
1.47600e+00 4.76410e-01
1.48000e+00 4.82655e-01
1.48400e+00 4.92437e-01
1.48800e+00 5.05936e-01
1.49200e+00 5.15605e-01
1.49600e+00 5.17556e-01
1.50000e+00 5.17618e-01
1.50400e+00 5.17618e-01
1.50800e+00 5.17618e-01
1.51200e+00 5.17616e-01
1.51600e+00 5.17601e-01
1.52000e+00 5.17492e-01
1.52400e+00 5.16721e-01
1.52800e+00 5.11971e-01
1.53200e+00 4.93754e-01
1.53600e+00 4.68776e-01
1.54000e+00 4.61166e-01
1.54400e+00 4.60873e-01
1.54800e+00 4.60925e-01
1.55200e+00 4.61259e-01
1.55600e+00 4.62361e-01
1.56000e+00 4.65154e-01
1.56400e+00 4.71218e-01
1.56800e+00 4.81144e-01
1.57200e+00 4.89181e-01
1.57600e+00 4.91037e-01
1.58000e+00 4.91108e-01
1.58400e+00 4.91109e-01
1.58800e+00 4.91110e-01
1.59200e+00 4.91111e-01
1.59600e+00 4.91118e-01
1.60000e+00 4.91139e-01
1.60400e+00 4.91194e-01
1.60800e+00 4.91323e-01
1.61200e+00 4.91590e-01
1.61600e+00 4.92082e-01
1.62000e+00 4.92908e-01
1.62400e+00 4.94250e-01
1.62800e+00 4.96525e-01
1.63200e+00 5.00748e-01
1.63600e+00 5.08985e-01
1.64000e+00 5.22260e-01
1.64400e+00 5.32932e-01
1.64800e+00 5.35293e-01
1.65200e+00 5.35374e-01
1.65600e+00 5.35374e-01
1.66000e+00 5.35374e-01
1.66400e+00 5.35374e-01
1.66800e+00 5.35374e-01
1.67200e+00 5.35374e-01
1.67600e+00 5.35374e-01
1.68000e+00 5.35374e-01
1.68400e+00 5.35374e-01
1.68800e+00 5.35375e-01
1.69200e+00 5.35375e-01
1.69600e+00 5.35375e-01
1.70000e+00 5.35373e-01
1.70400e+00 5.35361e-01
1.70800e+00 5.35270e-01
1.71200e+00 5.34595e-01
1.71600e+00 5.30306e-01
1.72000e+00 5.13615e-01
1.72400e+00 4.91087e-01
1.72800e+00 4.84816e-01
1.73200e+00 4.84724e-01
1.73600e+00 4.85405e-01
1.74000e+00 4.88599e-01
1.74400e+00 4.96005e-01
1.74800e+00 5.02974e-01
1.75200e+00 5.04638e-01
1.75600e+00 5.04697e-01
1.76000e+00 5.04697e-01
1.76400e+00 5.04697e-01
1.76800e+00 5.04697e-01
1.77200e+00 5.04697e-01
1.77600e+00 5.04697e-01
1.78000e+00 5.04697e-01
1.78400e+00 5.04697e-01
1.78800e+00 5.04697e-01
1.79200e+00 5.04697e-01
1.79600e+00 5.04697e-01
1.80000e+00 5.04698e-01
1.80400e+00 5.04699e-01
1.80800e+00 5.04702e-01
1.81200e+00 5.04708e-01
1.81600e+00 5.04721e-01
1.82000e+00 5.04753e-01
1.82400e+00 5.04830e-01
1.82800e+00 5.05040e-01
1.83200e+00 5.05649e-01
1.83600e+00 5.07432e-01
1.84000e+00 5.11968e-01
1.84400e+00 5.19078e-01
1.84800e+00 5.23111e-01
1.85200e+00 5.23594e-01
1.85600e+00 5.23601e-01
1.86000e+00 5.23601e-01
1.86400e+00 5.23602e-01
1.86800e+00 5.23602e-01
1.87200e+00 5.23605e-01
1.87600e+00 5.23620e-01
1.88000e+00 5.23698e-01
1.88400e+00 5.24133e-01
1.88800e+00 5.26233e-01
1.89200e+00 5.31279e-01
1.89600e+00 5.33544e-01
1.90000e+00 5.32782e-01
1.90400e+00 5.23213e-01
1.90800e+00 4.89790e-01
1.91200e+00 4.63021e-01
1.91600e+00 4.59879e-01
1.92000e+00 4.60194e-01
1.92400e+00 4.62467e-01
1.92800e+00 4.68746e-01
1.93200e+00 4.76020e-01
1.93600e+00 4.78419e-01
1.94000e+00 4.78557e-01
1.94400e+00 4.78557e-01
1.94800e+00 4.78557e-01
1.95200e+00 4.78558e-01
1.95600e+00 4.78558e-01
1.96000e+00 4.78562e-01
1.96400e+00 4.78572e-01
1.96800e+00 4.78607e-01
1.97200e+00 4.78718e-01
1.97600e+00 4.79064e-01
1.98000e+00 4.80099e-01
1.98400e+00 4.82859e-01
1.98800e+00 4.87976e-01
1.99200e+00 4.92341e-01
1.99600e+00 4.92497e-01
