0.00000e+00 4.60124e-01
4.00000e-03 4.60124e-01
8.00000e-03 4.60119e-01
1.20000e-02 4.60035e-01
1.60000e-02 4.59125e-01
2.00000e-02 4.53061e-01
2.40000e-02 4.34431e-01
2.80000e-02 4.18757e-01
3.20000e-02 4.16949e-01
3.60000e-02 4.17736e-01
4.00000e-02 4.22126e-01
4.40000e-02 4.33849e-01
4.80000e-02 4.55358e-01
5.20000e-02 4.81509e-01
5.60000e-02 4.96455e-01
6.00000e-02 4.99516e-01
6.40000e-02 5.00164e-01
6.80000e-02 5.00888e-01
7.20000e-02 5.02829e-01
7.60000e-02 5.08421e-01
8.00000e-02 5.21912e-01
8.40000e-02 5.43004e-01
8.80000e-02 5.55460e-01
9.20000e-02 5.56779e-01
9.60000e-02 5.56514e-01
1.00000e-01 5.53130e-01
1.04000e-01 5.35277e-01
1.08000e-01 5.04993e-01
1.12000e-01 4.94529e-01
1.16000e-01 4.94226e-01
1.20000e-01 4.94886e-01
1.24000e-01 4.98617e-01
1.28000e-01 5.09870e-01
1.32000e-01 5.24189e-01
1.36000e-01 5.27413e-01
1.40000e-01 5.25825e-01
1.44000e-01 5.10412e-01
1.48000e-01 4.71858e-01
1.52000e-01 4.52982e-01
1.56000e-01 4.52261e-01
1.60000e-01 4.54120e-01
1.64000e-01 4.62228e-01
1.68000e-01 4.75636e-01
1.72000e-01 4.81007e-01
1.76000e-01 4.80801e-01
1.80000e-01 4.75873e-01
1.84000e-01 4.53248e-01
1.88000e-01 4.22401e-01
1.92000e-01 4.13688e-01
1.96000e-01 4.13407e-01
2.00000e-01 4.13513e-01
2.04000e-01 4.14075e-01
2.08000e-01 4.15590e-01
2.12000e-01 4.18546e-01
2.16000e-01 4.23214e-01
2.20000e-01 4.29525e-01
2.24000e-01 4.37093e-01
2.28000e-01 4.45380e-01
2.32000e-01 4.53874e-01
2.36000e-01 4.62221e-01
2.40000e-01 4.70271e-01
2.44000e-01 4.78099e-01
2.48000e-01 4.86062e-01
2.52000e-01 4.94981e-01
2.56000e-01 5.06538e-01
2.60000e-01 5.23440e-01
2.64000e-01 5.45035e-01
2.68000e-01 5.58749e-01
2.72000e-01 5.61028e-01
2.76000e-01 5.61080e-01
2.80000e-01 5.61074e-01
2.84000e-01 5.60996e-01
2.88000e-01 5.60168e-01
2.92000e-01 5.53267e-01
2.96000e-01 5.23159e-01
3.00000e-01 4.86108e-01
3.04000e-01 4.77693e-01
3.08000e-01 4.77528e-01
3.12000e-01 4.77720e-01
3.16000e-01 4.78660e-01
3.20000e-01 4.81229e-01
3.24000e-01 4.86770e-01
3.28000e-01 4.97429e-01
3.32000e-01 5.13995e-01
3.36000e-01 5.27611e-01
3.40000e-01 5.30904e-01
3.44000e-01 5.31038e-01
3.48000e-01 5.31039e-01
3.52000e-01 5.31040e-01
3.56000e-01 5.31043e-01
3.60000e-01 5.31057e-01
3.64000e-01 5.31123e-01
3.68000e-01 5.31501e-01
3.72000e-01 5.33704e-01
3.76000e-01 5.40751e-01
3.80000e-01 5.44481e-01
3.84000e-01 5.41687e-01
3.88000e-01 5.09371e-01
3.92000e-01 4.38547e-01
3.96000e-01 4.13681e-01
4.00000e-01 4.12907e-01
4.04000e-01 4.13528e-01
4.08000e-01 4.15812e-01
4.12000e-01 4.19416e-01
4.16000e-01 4.22637e-01
4.20000e-01 4.24669e-01
4.24000e-01 4.26006e-01
4.28000e-01 4.27234e-01
4.32000e-01 4.28744e-01
4.36000e-01 4.30891e-01
4.40000e-01 4.34152e-01
4.44000e-01 4.39165e-01
4.48000e-01 4.45740e-01
4.52000e-01 4.50772e-01
4.56000e-01 4.52209e-01
4.60000e-01 4.52362e-01
4.64000e-01 4.52406e-01
4.68000e-01 4.52466e-01
4.72000e-01 4.52607e-01
4.76000e-01 4.52931e-01
4.80000e-01 4.53585e-01
4.84000e-01 4.54748e-01
4.88000e-01 4.56627e-01
4.92000e-01 4.59550e-01
4.96000e-01 4.64230e-01
5.00000e-01 4.72118e-01
5.04000e-01 4.84369e-01
5.08000e-01 4.96054e-01
5.12000e-01 4.99872e-01
5.16000e-01 5.00114e-01
5.20000e-01 5.00116e-01
5.24000e-01 5.00116e-01
5.28000e-01 5.00116e-01
5.32000e-01 5.00118e-01
5.36000e-01 5.00124e-01
5.40000e-01 5.00150e-01
5.44000e-01 5.00249e-01
5.48000e-01 5.00616e-01
5.52000e-01 5.01941e-01
5.56000e-01 5.06050e-01
5.60000e-01 5.13700e-01
5.64000e-01 5.18155e-01
5.68000e-01 5.18405e-01
5.72000e-01 5.17554e-01
5.76000e-01 5.11843e-01
5.80000e-01 4.97673e-01
5.84000e-01 4.88409e-01
5.88000e-01 4.87543e-01
5.92000e-01 4.87778e-01
5.96000e-01 4.89322e-01
6.00000e-01 4.92961e-01
6.04000e-01 4.95746e-01
6.08000e-01 4.96218e-01
6.12000e-01 4.96237e-01
6.16000e-01 4.96245e-01
6.20000e-01 4.96264e-01
6.24000e-01 4.96327e-01
6.28000e-01 4.96506e-01
6.32000e-01 4.96934e-01
6.36000e-01 4.97810e-01
6.40000e-01 4.99331e-01
6.44000e-01 5.01581e-01
6.48000e-01 5.04476e-01
6.52000e-01 5.07944e-01
6.56000e-01 5.12285e-01
6.60000e-01 5.18595e-01
6.64000e-01 5.29266e-01
6.68000e-01 5.46109e-01
6.72000e-01 5.60919e-01
6.76000e-01 5.64771e-01
6.80000e-01 5.64935e-01
6.84000e-01 5.64935e-01
6.88000e-01 5.64930e-01
6.92000e-01 5.64857e-01
6.96000e-01 5.63852e-01
7.00000e-01 5.52916e-01
7.04000e-01 5.01348e-01
7.08000e-01 4.47519e-01
7.12000e-01 4.38674e-01
7.16000e-01 4.38598e-01
7.20000e-01 4.38918e-01
7.24000e-01 4.40162e-01
7.28000e-01 4.43063e-01
7.32000e-01 4.48478e-01
7.36000e-01 4.57245e-01
7.40000e-01 4.67950e-01
7.44000e-01 4.74629e-01
7.48000e-01 4.76049e-01
7.52000e-01 4.76200e-01
7.56000e-01 4.76271e-01
7.60000e-01 4.76393e-01
7.64000e-01 4.76676e-01
7.68000e-01 4.77284e-01
7.72000e-01 4.78409e-01
7.76000e-01 4.80191e-01
7.80000e-01 4.82674e-01
7.84000e-01 4.85918e-01
7.88000e-01 4.90215e-01
7.92000e-01 4.95910e-01
7.96000e-01 5.01868e-01
8.00000e-01 5.05084e-01
8.04000e-01 5.05754e-01
8.08000e-01 5.05867e-01
8.12000e-01 5.05945e-01
8.16000e-01 5.06098e-01
8.20000e-01 5.06536e-01
8.24000e-01 5.07940e-01
8.28000e-01 5.12254e-01
8.32000e-01 5.21418e-01
8.36000e-01 5.28512e-01
8.40000e-01 5.29258e-01
8.44000e-01 5.28370e-01
8.48000e-01 5.21094e-01
8.52000e-01 5.00216e-01
8.56000e-01 4.84492e-01
8.60000e-01 4.82529e-01
8.64000e-01 4.82590e-01
8.68000e-01 4.83230e-01
8.72000e-01 4.85654e-01
8.76000e-01 4.92030e-01
8.80000e-01 5.04924e-01
8.84000e-01 5.20747e-01
8.88000e-01 5.27753e-01
8.92000e-01 5.28391e-01
8.96000e-01 5.28398e-01
9.00000e-01 5.28398e-01
9.04000e-01 5.28398e-01
9.08000e-01 5.28398e-01
9.12000e-01 5.28398e-01
9.16000e-01 5.28398e-01
9.20000e-01 5.28398e-01
9.24000e-01 5.28398e-01
9.28000e-01 5.28398e-01
9.32000e-01 5.28399e-01
9.36000e-01 5.28401e-01
9.40000e-01 5.28409e-01
9.44000e-01 5.28444e-01
9.48000e-01 5.28581e-01
9.52000e-01 5.29108e-01
9.56000e-01 5.30888e-01
9.60000e-01 5.34965e-01
9.64000e-01 5.38879e-01
9.68000e-01 5.39803e-01
9.72000e-01 5.39835e-01
9.76000e-01 5.39835e-01
9.80000e-01 5.39835e-01
9.84000e-01 5.39835e-01
9.88000e-01 5.39836e-01
9.92000e-01 5.39841e-01
9.96000e-01 5.39859e-01
1.00000e+00 5.39938e-01
1.00400e+00 5.40269e-01
1.00800e+00 5.41601e-01
1.01200e+00 5.46001e-01
1.01600e+00 5.53810e-01
1.02000e+00 5.57625e-01
1.02400e+00 5.57749e-01
1.02800e+00 5.56651e-01
1.03200e+00 5.48701e-01
1.03600e+00 5.27157e-01
1.04000e+00 5.12269e-01
1.04400e+00 5.10662e-01
1.04800e+00 5.10763e-01
1.05200e+00 5.11827e-01
1.05600e+00 5.15886e-01
1.06000e+00 5.20316e-01
1.06400e+00 5.20688e-01
1.06800e+00 5.18474e-01
1.07200e+00 5.03857e-01
1.07600e+00 4.74683e-01
1.08000e+00 4.61916e-01
1.08400e+00 4.61216e-01
1.08800e+00 4.61403e-01
1.09200e+00 4.62442e-01
1.09600e+00 4.64948e-01
1.10000e+00 4.68569e-01
1.10400e+00 4.72398e-01
1.10800e+00 4.76490e-01
1.11200e+00 4.82219e-01
1.11600e+00 4.91098e-01
1.12000e+00 4.99435e-01
1.12400e+00 5.01645e-01
1.12800e+00 5.01655e-01
1.13200e+00 5.01003e-01
1.13600e+00 4.96699e-01
1.14000e+00 4.82369e-01
1.14400e+00 4.65708e-01
1.14800e+00 4.61357e-01
1.15200e+00 4.61205e-01
1.15600e+00 4.61213e-01
1.16000e+00 4.61269e-01
1.16400e+00 4.61448e-01
1.16800e+00 4.61845e-01
1.17200e+00 4.62623e-01
1.17600e+00 4.64188e-01
1.18000e+00 4.67396e-01
1.18400e+00 4.72600e-01
1.18800e+00 4.76655e-01
1.19200e+00 4.77523e-01
1.19600e+00 4.77553e-01
1.20000e+00 4.77553e-01
1.20400e+00 4.77553e-01
1.20800e+00 4.77553e-01
1.21200e+00 4.77554e-01
1.21600e+00 4.77555e-01
1.22000e+00 4.77558e-01
1.22400e+00 4.77566e-01
1.22800e+00 4.77589e-01
1.23200e+00 4.77642e-01
1.23600e+00 4.77760e-01
1.24000e+00 4.77985e-01
1.24400e+00 4.78356e-01
1.24800e+00 4.78897e-01
1.25200e+00 4.79735e-01
1.25600e+00 4.81399e-01
1.26000e+00 4.85469e-01
1.26400e+00 4.93462e-01
1.26800e+00 4.99149e-01
1.27200e+00 4.99498e-01
1.27600e+00 4.97559e-01
1.28000e+00 4.84295e-01
1.28400e+00 4.54218e-01
1.28800e+00 4.38039e-01
1.29200e+00 4.36748e-01
1.29600e+00 4.36848e-01
1.30000e+00 4.37560e-01
1.30400e+00 4.39864e-01
1.30800e+00 4.45229e-01
1.31200e+00 4.54844e-01
1.31600e+00 4.65046e-01
1.32000e+00 4.68902e-01
1.32400e+00 4.69204e-01
1.32800e+00 4.69206e-01
1.33200e+00 4.69206e-01
1.33600e+00 4.69206e-01
1.34000e+00 4.69206e-01
1.34400e+00 4.69207e-01
1.34800e+00 4.69207e-01
1.35200e+00 4.69208e-01
1.35600e+00 4.69212e-01
1.36000e+00 4.69222e-01
1.36400e+00 4.69247e-01
1.36800e+00 4.69303e-01
1.37200e+00 4.69423e-01
1.37600e+00 4.69666e-01
1.38000e+00 4.70125e-01
1.38400e+00 4.70930e-01
1.38800e+00 4.72233e-01
1.39200e+00 4.74178e-01
1.39600e+00 4.76864e-01
1.40000e+00 4.80287e-01
1.40400e+00 4.84176e-01
1.40800e+00 4.87805e-01
1.41200e+00 4.90381e-01
1.41600e+00 4.91889e-01
1.42000e+00 4.92925e-01
1.42400e+00 4.94105e-01
1.42800e+00 4.96223e-01
1.43200e+00 5.00148e-01
1.43600e+00 5.04165e-01
1.44000e+00 5.05331e-01
1.44400e+00 5.05364e-01
1.44800e+00 5.05269e-01
1.45200e+00 5.04463e-01
1.45600e+00 5.00008e-01
1.46000e+00 4.85502e-01
1.46400e+00 4.68344e-01
1.46800e+00 4.63749e-01
1.47200e+00 4.63597e-01
1.47600e+00 4.63633e-01
1.48000e+00 4.63859e-01
1.48400e+00 4.64554e-01
1.48800e+00 4.66034e-01
1.49200e+00 4.68459e-01
1.49600e+00 4.71773e-01
1.50000e+00 4.76030e-01
1.50400e+00 4.81932e-01
1.50800e+00 4.91139e-01
1.51200e+00 5.04365e-01
1.51600e+00 5.14955e-01
1.52000e+00 5.17513e-01
1.52400e+00 5.17617e-01
1.52800e+00 5.17618e-01
1.53200e+00 5.17618e-01
1.53600e+00 5.17616e-01
1.54000e+00 5.17602e-01
1.54400e+00 5.17499e-01
1.54800e+00 5.16773e-01
1.55200e+00 5.12268e-01
1.55600e+00 4.94606e-01
1.56000e+00 4.69413e-01
1.56400e+00 4.61324e-01
1.56800e+00 4.60986e-01
1.57200e+00 4.61038e-01
1.57600e+00 4.61377e-01
1.58000e+00 4.62522e-01
1.58400e+00 4.65470e-01
1.58800e+00 4.71890e-01
1.59200e+00 4.82045e-01
1.59600e+00 4.89560e-01
1.60000e+00 4.91062e-01
1.60400e+00 4.91109e-01
1.60800e+00 4.91110e-01
1.61200e+00 4.91110e-01
1.61600e+00 4.91111e-01
1.62000e+00 4.91116e-01
1.62400e+00 4.91132e-01
1.62800e+00 4.91173e-01
1.63200e+00 4.91273e-01
1.63600e+00 4.91486e-01
1.64000e+00 4.91889e-01
1.64400e+00 4.92580e-01
1.64800e+00 4.93702e-01
1.65200e+00 4.95550e-01
1.65600e+00 4.98853e-01
1.66000e+00 5.05267e-01
1.66400e+00 5.16903e-01
1.66800e+00 5.29967e-01
1.67200e+00 5.34997e-01
1.67600e+00 5.35371e-01
1.68000e+00 5.35374e-01
1.68400e+00 5.35374e-01
1.68800e+00 5.35374e-01
1.69200e+00 5.35374e-01
1.69600e+00 5.35374e-01
1.70000e+00 5.35374e-01
1.70400e+00 5.35374e-01
1.70800e+00 5.35374e-01
1.71200e+00 5.35374e-01
1.71600e+00 5.35375e-01
1.72000e+00 5.35375e-01
1.72400e+00 5.35374e-01
1.72800e+00 5.35367e-01
1.73200e+00 5.35314e-01
1.73600e+00 5.34916e-01
1.74000e+00 5.32246e-01
1.74400e+00 5.19825e-01
1.74800e+00 4.96344e-01
1.75200e+00 4.85849e-01
1.75600e+00 4.85307e-01
1.76000e+00 4.85689e-01
1.76400e+00 4.87974e-01
1.76800e+00 4.94278e-01
1.77200e+00 5.01918e-01
1.77600e+00 5.04543e-01
1.78000e+00 5.04696e-01
1.78400e+00 5.04697e-01
1.78800e+00 5.04697e-01
1.79200e+00 5.04697e-01
1.79600e+00 5.04697e-01
1.80000e+00 5.04697e-01
1.80400e+00 5.04697e-01
1.80800e+00 5.04697e-01
1.81200e+00 5.04697e-01
1.81600e+00 5.04697e-01
1.82000e+00 5.04697e-01
1.82400e+00 5.04698e-01
1.82800e+00 5.04698e-01
1.83200e+00 5.04700e-01
1.83600e+00 5.04704e-01
1.84000e+00 5.04713e-01
1.84400e+00 5.04734e-01
1.84800e+00 5.04786e-01
1.85200e+00 5.04924e-01
1.85600e+00 5.05325e-01
1.86000e+00 5.06516e-01
1.86400e+00 5.09815e-01
1.86800e+00 5.16387e-01
1.87200e+00 5.22221e-01
1.87600e+00 5.23556e-01
1.88000e+00 5.23601e-01
1.88400e+00 5.23602e-01
1.88800e+00 5.23602e-01
1.89200e+00 5.23602e-01
1.89600e+00 5.23603e-01
1.90000e+00 5.23612e-01
1.90400e+00 5.23660e-01
1.90800e+00 5.23944e-01
1.91200e+00 5.25405e-01
1.91600e+00 5.29297e-01
1.92000e+00 5.31370e-01
1.92400e+00 5.30888e-01
1.92800e+00 5.23881e-01
1.93200e+00 4.95161e-01
1.93600e+00 4.65846e-01
1.94000e+00 4.61022e-01
1.94400e+00 4.61246e-01
1.94800e+00 4.63335e-01
1.95200e+00 4.69392e-01
1.95600e+00 4.76309e-01
1.96000e+00 4.78447e-01
1.96400e+00 4.78557e-01
1.96800e+00 4.78558e-01
1.97200e+00 4.78558e-01
1.97600e+00 4.78558e-01
1.98000e+00 4.78559e-01
1.98400e+00 4.78562e-01
1.98800e+00 4.78570e-01
1.99200e+00 4.78753e-01
1.99600e+00 4.78772e-01
