0.00000e+00 4.87330e-01
4.00000e-03 4.87330e-01
8.00000e-03 4.87329e-01
1.20000e-02 4.87310e-01
1.60000e-02 4.87088e-01
2.00000e-02 4.85395e-01
2.40000e-02 4.78325e-01
2.80000e-02 4.66883e-01
3.20000e-02 4.61099e-01
3.60000e-02 4.58844e-01
4.00000e-02 4.54850e-01
4.40000e-02 4.42142e-01
4.80000e-02 4.23980e-01
5.20000e-02 4.18474e-01
5.60000e-02 4.18565e-01
6.00000e-02 4.20416e-01
6.40000e-02 4.26676e-01
6.80000e-02 4.39819e-01
7.20000e-02 4.60677e-01
7.60000e-02 4.84049e-01
8.00000e-02 4.97156e-01
8.40000e-02 4.99932e-01
8.80000e-02 5.00472e-01
9.20000e-02 5.00962e-01
9.60000e-02 5.02118e-01
1.00000e-01 5.05336e-01
1.04000e-01 5.13577e-01
1.08000e-01 5.30543e-01
1.12000e-01 5.49697e-01
1.16000e-01 5.55903e-01
1.20000e-01 5.56058e-01
1.24000e-01 5.54978e-01
1.28000e-01 5.46163e-01
1.32000e-01 5.18778e-01
1.36000e-01 4.97499e-01
1.40000e-01 4.95012e-01
1.44000e-01 4.95283e-01
1.48000e-01 4.97622e-01
1.52000e-01 5.06308e-01
1.56000e-01 5.19882e-01
1.60000e-01 5.23963e-01
1.64000e-01 5.22745e-01
1.68000e-01 5.09684e-01
1.72000e-01 4.74458e-01
1.76000e-01 4.55449e-01
1.80000e-01 4.54600e-01
1.84000e-01 4.56536e-01
1.88000e-01 4.64846e-01
1.92000e-01 4.76161e-01
1.96000e-01 4.78797e-01
2.00000e-01 4.77689e-01
2.04000e-01 4.67448e-01
2.08000e-01 4.37847e-01
2.12000e-01 4.16309e-01
2.16000e-01 4.13614e-01
2.20000e-01 4.13627e-01
2.24000e-01 4.13930e-01
2.28000e-01 4.14981e-01
2.32000e-01 4.17290e-01
2.36000e-01 4.21171e-01
2.40000e-01 4.26613e-01
2.44000e-01 4.33315e-01
2.48000e-01 4.40825e-01
2.52000e-01 4.48685e-01
2.56000e-01 4.56533e-01
2.60000e-01 4.64142e-01
2.64000e-01 4.71425e-01
2.68000e-01 4.78436e-01
2.72000e-01 4.85408e-01
2.76000e-01 4.92873e-01
2.80000e-01 5.01956e-01
2.84000e-01 5.14848e-01
2.88000e-01 5.33891e-01
2.92000e-01 5.53304e-01
2.96000e-01 5.60537e-01
3.00000e-01 5.61066e-01
3.04000e-01 5.61068e-01
3.08000e-01 5.61038e-01
3.12000e-01 5.60694e-01
3.16000e-01 5.57472e-01
3.20000e-01 5.38124e-01
3.24000e-01 4.97289e-01
3.28000e-01 4.78889e-01
3.32000e-01 4.77781e-01
3.36000e-01 4.77870e-01
3.40000e-01 4.78489e-01
3.44000e-01 4.80450e-01
3.48000e-01 4.84938e-01
3.52000e-01 4.93856e-01
3.56000e-01 5.09018e-01
3.60000e-01 5.24866e-01
3.64000e-01 5.30626e-01
3.68000e-01 5.31036e-01
3.72000e-01 5.31040e-01
3.76000e-01 5.31040e-01
3.80000e-01 5.31042e-01
3.84000e-01 5.31047e-01
3.88000e-01 5.31084e-01
3.92000e-01 5.31353e-01
3.96000e-01 5.33105e-01
4.00000e-01 5.37851e-01
4.04000e-01 5.39186e-01
4.08000e-01 5.35009e-01
4.12000e-01 4.98414e-01
4.16000e-01 4.33117e-01
4.20000e-01 4.14375e-01
4.24000e-01 4.14031e-01
4.28000e-01 4.14921e-01
4.32000e-01 4.17713e-01
4.36000e-01 4.21496e-01
4.40000e-01 4.24315e-01
4.44000e-01 4.25903e-01
4.48000e-01 4.27024e-01
4.52000e-01 4.28227e-01
4.56000e-01 4.29891e-01
4.60000e-01 4.32442e-01
4.64000e-01 4.36527e-01
4.68000e-01 4.42684e-01
4.72000e-01 4.49122e-01
4.76000e-01 4.52004e-01
4.80000e-01 4.52381e-01
4.84000e-01 4.52418e-01
4.88000e-01 4.52446e-01
4.92000e-01 4.52510e-01
4.96000e-01 4.52671e-01
5.00000e-01 4.53038e-01
5.04000e-01 4.53759e-01
5.08000e-01 4.55005e-01
5.12000e-01 4.56974e-01
5.16000e-01 4.59993e-01
5.20000e-01 4.64803e-01
5.24000e-01 4.72895e-01
5.28000e-01 4.85274e-01
5.32000e-01 4.96536e-01
5.36000e-01 4.99923e-01
5.40000e-01 5.00115e-01
5.44000e-01 5.00116e-01
5.48000e-01 5.00116e-01
5.52000e-01 5.00116e-01
5.56000e-01 5.00117e-01
5.60000e-01 5.00122e-01
5.64000e-01 5.00141e-01
5.68000e-01 5.00211e-01
5.72000e-01 5.00478e-01
5.76000e-01 5.01454e-01
5.80000e-01 5.04644e-01
5.84000e-01 5.11551e-01
5.88000e-01 5.17002e-01
5.92000e-01 5.17646e-01
5.96000e-01 5.17197e-01
6.00000e-01 5.13441e-01
6.04000e-01 5.01441e-01
6.08000e-01 4.90008e-01
6.12000e-01 4.88071e-01
6.16000e-01 4.88166e-01
6.20000e-01 4.89145e-01
6.24000e-01 4.92127e-01
6.28000e-01 4.95348e-01
6.32000e-01 4.96202e-01
6.36000e-01 4.96245e-01
6.40000e-01 4.96252e-01
6.44000e-01 4.96264e-01
6.48000e-01 4.96304e-01
6.52000e-01 4.96426e-01
6.56000e-01 4.96733e-01
6.60000e-01 4.97398e-01
6.64000e-01 4.98628e-01
6.68000e-01 5.00568e-01
6.72000e-01 5.03181e-01
6.76000e-01 5.06312e-01
6.80000e-01 5.09976e-01
6.84000e-01 5.14714e-01
6.88000e-01 5.22043e-01
6.92000e-01 5.34707e-01
6.96000e-01 5.52329e-01
7.00000e-01 5.63269e-01
7.04000e-01 5.64902e-01
7.08000e-01 5.64932e-01
7.12000e-01 5.64930e-01
7.16000e-01 5.64878e-01
7.20000e-01 5.64147e-01
7.24000e-01 5.55754e-01
7.28000e-01 5.09992e-01
7.32000e-01 4.51407e-01
7.36000e-01 4.39165e-01
7.40000e-01 4.38990e-01
7.44000e-01 4.39353e-01
7.48000e-01 4.40830e-01
7.52000e-01 4.44250e-01
7.56000e-01 4.50559e-01
7.60000e-01 4.60421e-01
7.64000e-01 4.70876e-01
7.68000e-01 4.75599e-01
7.72000e-01 4.76213e-01
7.76000e-01 4.76271e-01
7.80000e-01 4.76314e-01
7.84000e-01 4.76410e-01
7.88000e-01 4.76652e-01
7.92000e-01 4.77192e-01
7.96000e-01 4.78217e-01
8.00000e-01 4.79869e-01
8.04000e-01 4.82195e-01
8.08000e-01 4.85268e-01
8.12000e-01 4.89465e-01
8.16000e-01 4.95353e-01
8.20000e-01 5.01838e-01
8.24000e-01 5.05265e-01
8.28000e-01 5.05848e-01
8.32000e-01 5.05912e-01
8.36000e-01 5.05953e-01
8.40000e-01 5.06041e-01
8.44000e-01 5.06315e-01
8.48000e-01 5.07236e-01
8.52000e-01 5.10252e-01
8.56000e-01 5.17835e-01
8.60000e-01 5.26263e-01
8.64000e-01 5.28096e-01
8.68000e-01 5.27718e-01
8.72000e-01 5.23451e-01
8.76000e-01 5.06777e-01
8.80000e-01 4.87358e-01
8.84000e-01 4.82936e-01
8.88000e-01 4.82885e-01
8.92000e-01 4.83244e-01
8.96000e-01 4.84911e-01
9.00000e-01 4.89702e-01
9.04000e-01 5.00340e-01
9.08000e-01 5.16363e-01
9.12000e-01 5.26725e-01
9.16000e-01 5.28362e-01
9.20000e-01 5.28398e-01
9.24000e-01 5.28398e-01
9.28000e-01 5.28398e-01
9.32000e-01 5.28398e-01
9.36000e-01 5.28398e-01
9.40000e-01 5.28398e-01
9.44000e-01 5.28398e-01
9.48000e-01 5.28398e-01
9.52000e-01 5.28398e-01
9.56000e-01 5.28398e-01
9.60000e-01 5.28399e-01
9.64000e-01 5.28403e-01
9.68000e-01 5.28417e-01
9.72000e-01 5.28475e-01
9.76000e-01 5.28703e-01
9.80000e-01 5.29553e-01
9.84000e-01 5.32146e-01
9.88000e-01 5.36724e-01
9.92000e-01 5.39491e-01
9.96000e-01 5.39830e-01
1.00000e+00 5.39835e-01
1.00400e+00 5.39835e-01
1.00800e+00 5.39835e-01
1.01200e+00 5.39835e-01
1.01600e+00 5.39837e-01
1.02000e+00 5.39843e-01
1.02400e+00 5.39869e-01
1.02800e+00 5.39980e-01
1.03200e+00 5.40453e-01
1.03600e+00 5.42329e-01
1.04000e+00 5.47856e-01
1.04400e+00 5.55022e-01
1.04800e+00 5.56982e-01
1.05200e+00 5.56830e-01
1.05600e+00 5.54320e-01
1.06000e+00 5.41380e-01
1.06400e+00 5.19375e-01
1.06800e+00 5.11429e-01
1.07200e+00 5.11176e-01
1.07600e+00 5.11721e-01
1.08000e+00 5.14593e-01
1.08400e+00 5.18446e-01
1.08800e+00 5.18920e-01
1.09200e+00 5.17239e-01
1.09600e+00 5.05126e-01
1.10000e+00 4.77423e-01
1.10400e+00 4.62706e-01
1.10800e+00 4.61602e-01
1.11200e+00 4.61734e-01
1.11600e+00 4.62574e-01
1.12000e+00 4.64786e-01
1.12400e+00 4.68247e-01
1.12800e+00 4.72185e-01
1.13200e+00 4.76583e-01
1.13600e+00 4.82737e-01
1.14000e+00 4.91839e-01
1.14400e+00 4.99576e-01
1.14800e+00 5.01327e-01
1.15200e+00 5.01311e-01
1.15600e+00 5.00612e-01
1.16000e+00 4.96168e-01
1.16400e+00 4.81740e-01
1.16800e+00 4.65463e-01
1.17200e+00 4.61364e-01
1.17600e+00 4.61227e-01
1.18000e+00 4.61235e-01
1.18400e+00 4.61288e-01
1.18800e+00 4.61460e-01
1.19200e+00 4.61865e-01
1.19600e+00 4.62719e-01
1.20000e+00 4.64536e-01
1.20400e+00 4.68259e-01
1.20800e+00 4.73690e-01
1.21200e+00 4.77039e-01
1.21600e+00 4.77542e-01
1.22000e+00 4.77553e-01
1.22400e+00 4.77553e-01
1.22800e+00 4.77553e-01
1.23200e+00 4.77553e-01
1.23600e+00 4.77554e-01
1.24000e+00 4.77555e-01
1.24400e+00 4.77557e-01
1.24800e+00 4.77565e-01
1.25200e+00 4.77586e-01
1.25600e+00 4.77636e-01
1.26000e+00 4.77743e-01
1.26400e+00 4.77948e-01
1.26800e+00 4.78280e-01
1.27200e+00 4.78777e-01
1.27600e+00 4.79603e-01
1.28000e+00 4.81395e-01
1.28400e+00 4.85897e-01
1.28800e+00 4.93771e-01
1.29200e+00 4.97881e-01
1.29600e+00 4.97878e-01
1.30000e+00 4.94915e-01
1.30400e+00 4.78583e-01
1.30800e+00 4.49332e-01
1.31200e+00 4.37671e-01
1.31600e+00 4.37090e-01
1.32000e+00 4.37267e-01
1.32400e+00 4.38297e-01
1.32800e+00 4.41373e-01
1.33200e+00 4.48147e-01
1.33600e+00 4.58838e-01
1.34000e+00 4.67218e-01
1.34400e+00 4.69132e-01
1.34800e+00 4.69206e-01
1.35200e+00 4.69206e-01
1.35600e+00 4.69206e-01
1.36000e+00 4.69206e-01
1.36400e+00 4.69206e-01
1.36800e+00 4.69207e-01
1.37200e+00 4.69207e-01
1.37600e+00 4.69209e-01
1.38000e+00 4.69213e-01
1.38400e+00 4.69223e-01
1.38800e+00 4.69248e-01
1.39200e+00 4.69303e-01
1.39600e+00 4.69423e-01
1.40000e+00 4.69664e-01
1.40400e+00 4.70117e-01
1.40800e+00 4.70908e-01
1.41200e+00 4.72182e-01
1.41600e+00 4.74082e-01
1.42000e+00 4.76722e-01
1.42400e+00 4.80146e-01
1.42800e+00 4.84136e-01
1.43200e+00 4.87918e-01
1.43600e+00 4.90551e-01
1.44000e+00 4.91998e-01
1.44400e+00 4.92929e-01
1.44800e+00 4.93972e-01
1.45200e+00 4.95886e-01
1.45600e+00 4.99625e-01
1.46000e+00 5.03827e-01
1.46400e+00 5.05224e-01
1.46800e+00 5.05276e-01
1.47200e+00 5.05184e-01
1.47600e+00 5.04369e-01
1.48000e+00 4.99862e-01
1.48400e+00 4.85292e-01
1.48800e+00 4.68286e-01
1.49200e+00 4.63810e-01
1.49600e+00 4.63666e-01
1.50000e+00 4.63701e-01
1.50400e+00 4.63918e-01
1.50800e+00 4.64587e-01
1.51200e+00 4.66018e-01
1.51600e+00 4.68373e-01
1.52000e+00 4.71591e-01
1.52400e+00 4.75685e-01
1.52800e+00 4.81268e-01
1.53200e+00 4.89911e-01
1.53600e+00 5.02752e-01
1.54000e+00 5.14164e-01
1.54400e+00 5.17446e-01
1.54800e+00 5.17617e-01
1.55200e+00 5.17618e-01
1.55600e+00 5.17617e-01
1.56000e+00 5.17616e-01
1.56400e+00 5.17603e-01
1.56800e+00 5.17506e-01
1.57200e+00 5.16823e-01
1.57600e+00 5.12557e-01
1.58000e+00 4.95459e-01
1.58400e+00 4.70083e-01
1.58800e+00 4.61492e-01
1.59200e+00 4.61106e-01
1.59600e+00 4.61157e-01
1.60000e+00 4.61505e-01
1.60400e+00 4.62701e-01
1.60800e+00 4.65818e-01
1.61200e+00 4.72588e-01
1.61600e+00 4.82898e-01
1.62000e+00 4.89869e-01
1.62400e+00 4.91078e-01
1.62800e+00 4.91110e-01
1.63200e+00 4.91110e-01
1.63600e+00 4.91110e-01
1.64000e+00 4.91111e-01
1.64400e+00 4.91115e-01
1.64800e+00 4.91126e-01
1.65200e+00 4.91158e-01
1.65600e+00 4.91235e-01
1.66000e+00 4.91404e-01
1.66400e+00 4.91733e-01
1.66800e+00 4.92310e-01
1.67200e+00 4.93252e-01
1.67600e+00 4.94774e-01
1.68000e+00 4.97393e-01
1.68400e+00 5.02354e-01
1.68800e+00 5.11896e-01
1.69200e+00 5.25608e-01
1.69600e+00 5.34092e-01
1.70000e+00 5.35349e-01
1.70400e+00 5.35374e-01
1.70800e+00 5.35374e-01
1.71200e+00 5.35374e-01
1.71600e+00 5.35374e-01
1.72000e+00 5.35374e-01
1.72400e+00 5.35374e-01
1.72800e+00 5.35374e-01
1.73200e+00 5.35374e-01
1.73600e+00 5.35374e-01
1.74000e+00 5.35374e-01
1.74400e+00 5.35374e-01
1.74800e+00 5.35374e-01
1.75200e+00 5.35370e-01
1.75600e+00 5.35339e-01
1.76000e+00 5.35108e-01
1.76400e+00 5.33494e-01
1.76800e+00 5.24864e-01
1.77200e+00 5.02818e-01
1.77600e+00 4.87542e-01
1.78000e+00 4.85902e-01
1.78400e+00 4.86097e-01
1.78800e+00 4.87642e-01
1.79200e+00 4.92730e-01
1.79600e+00 5.00544e-01
1.80000e+00 5.04338e-01
1.80400e+00 5.04694e-01
1.80800e+00 5.04697e-01
1.81200e+00 5.04697e-01
1.81600e+00 5.04697e-01
1.82000e+00 5.04697e-01
1.82400e+00 5.04697e-01
1.82800e+00 5.04697e-01
1.83200e+00 5.04697e-01
1.83600e+00 5.04697e-01
1.84000e+00 5.04697e-01
1.84400e+00 5.04697e-01
1.84800e+00 5.04698e-01
1.85200e+00 5.04698e-01
1.85600e+00 5.04699e-01
1.86000e+00 5.04702e-01
1.86400e+00 5.04708e-01
1.86800e+00 5.04722e-01
1.87200e+00 5.04756e-01
1.87600e+00 5.04848e-01
1.88000e+00 5.05110e-01
1.88400e+00 5.05896e-01
1.88800e+00 5.08186e-01
1.89200e+00 5.13600e-01
1.89600e+00 5.20564e-01
1.90000e+00 5.23388e-01
1.90400e+00 5.23600e-01
1.90800e+00 5.23602e-01
1.91200e+00 5.23602e-01
1.91600e+00 5.23602e-01
1.92000e+00 5.23603e-01
1.92400e+00 5.23608e-01
1.92800e+00 5.23638e-01
1.93200e+00 5.23830e-01
1.93600e+00 5.24867e-01
1.94000e+00 5.27842e-01
1.94400e+00 5.29609e-01
1.94800e+00 5.29289e-01
1.95200e+00 5.24026e-01
1.95600e+00 4.99596e-01
1.96000e+00 4.68987e-01
1.96400e+00 4.62282e-01
1.96800e+00 4.62395e-01
1.97200e+00 4.64231e-01
1.97600e+00 4.69887e-01
1.98000e+00 4.76449e-01
1.98400e+00 4.78458e-01
1.98800e+00 4.78556e-01
1.99200e+00 4.78558e-01
1.99600e+00 4.78558e-01
