0.00000e+00 5.92598e-01
4.00000e-03 5.92598e-01
8.00000e-03 5.92598e-01
1.20000e-02 5.92596e-01
1.60000e-02 5.92558e-01
2.00000e-02 5.91861e-01
2.40000e-02 5.83591e-01
2.80000e-02 5.43175e-01
3.20000e-02 4.97216e-01
3.60000e-02 4.87447e-01
4.00000e-02 4.86044e-01
4.40000e-02 4.83951e-01
4.80000e-02 4.77919e-01
5.20000e-02 4.68475e-01
5.60000e-02 4.61508e-01
6.00000e-02 4.55979e-01
6.40000e-02 4.46061e-01
6.80000e-02 4.29325e-01
7.20000e-02 4.20151e-01
7.60000e-02 4.19544e-01
8.00000e-02 4.20172e-01
8.40000e-02 4.23298e-01
8.80000e-02 4.31072e-01
9.20000e-02 4.44968e-01
9.60000e-02 4.65169e-01
1.00000e-01 4.86621e-01
1.04000e-01 4.98076e-01
1.08000e-01 5.00330e-01
1.12000e-01 5.00712e-01
1.16000e-01 5.01024e-01
1.20000e-01 5.01720e-01
1.24000e-01 5.03624e-01
1.28000e-01 5.08581e-01
1.32000e-01 5.20114e-01
1.36000e-01 5.39528e-01
1.40000e-01 5.53365e-01
1.44000e-01 5.55335e-01
1.48000e-01 5.55080e-01
1.52000e-01 5.51591e-01
1.56000e-01 5.33643e-01
1.60000e-01 5.05073e-01
1.64000e-01 4.96197e-01
1.68000e-01 4.96080e-01
1.72000e-01 4.97414e-01
1.76000e-01 5.03833e-01
1.80000e-01 5.15901e-01
1.84000e-01 5.20454e-01
1.88000e-01 5.19536e-01
1.92000e-01 5.08551e-01
1.96000e-01 4.76834e-01
2.00000e-01 4.58066e-01
2.04000e-01 4.57108e-01
2.08000e-01 4.59111e-01
2.12000e-01 4.67209e-01
2.16000e-01 4.75313e-01
2.20000e-01 4.75999e-01
2.24000e-01 4.72945e-01
2.28000e-01 4.55144e-01
2.32000e-01 4.25231e-01
2.36000e-01 4.14332e-01
2.40000e-01 4.13828e-01
2.44000e-01 4.13945e-01
2.48000e-01 4.14588e-01
2.52000e-01 4.16301e-01
2.56000e-01 4.19478e-01
2.60000e-01 4.24183e-01
2.64000e-01 4.30157e-01
2.68000e-01 4.36987e-01
2.72000e-01 4.44252e-01
2.76000e-01 4.51616e-01
2.80000e-01 4.58844e-01
2.84000e-01 4.65801e-01
2.88000e-01 4.72440e-01
2.92000e-01 4.78795e-01
2.96000e-01 4.85017e-01
3.00000e-01 4.91444e-01
3.04000e-01 4.98804e-01
3.08000e-01 5.08615e-01
3.12000e-01 5.23509e-01
3.16000e-01 5.43804e-01
3.20000e-01 5.58188e-01
3.24000e-01 5.60978e-01
3.28000e-01 5.61054e-01
3.32000e-01 5.61045e-01
3.36000e-01 5.60907e-01
3.40000e-01 5.59493e-01
3.44000e-01 5.48840e-01
3.48000e-01 5.12844e-01
3.52000e-01 4.82372e-01
3.56000e-01 4.78094e-01
3.60000e-01 4.78090e-01
3.64000e-01 4.78457e-01
3.68000e-01 4.79884e-01
3.72000e-01 4.83449e-01
3.76000e-01 4.90819e-01
3.80000e-01 5.04192e-01
3.84000e-01 5.21132e-01
3.88000e-01 5.29965e-01
3.92000e-01 5.31024e-01
3.96000e-01 5.31040e-01
4.00000e-01 5.31041e-01
4.04000e-01 5.31041e-01
4.08000e-01 5.31045e-01
4.12000e-01 5.31073e-01
4.16000e-01 5.31319e-01
4.20000e-01 5.32857e-01
4.24000e-01 5.35469e-01
4.28000e-01 5.35509e-01
4.32000e-01 5.28909e-01
4.36000e-01 4.86508e-01
4.40000e-01 4.28021e-01
4.44000e-01 4.15300e-01
4.48000e-01 4.15264e-01
4.52000e-01 4.16495e-01
4.56000e-01 4.19695e-01
4.60000e-01 4.23385e-01
4.64000e-01 4.25704e-01
4.68000e-01 4.26948e-01
4.72000e-01 4.27951e-01
4.76000e-01 4.29207e-01
4.80000e-01 4.31140e-01
4.84000e-01 4.34333e-01
4.88000e-01 4.39588e-01
4.92000e-01 4.46554e-01
4.96000e-01 4.51337e-01
5.00000e-01 4.52366e-01
5.04000e-01 4.52431e-01
5.08000e-01 4.52447e-01
5.12000e-01 4.52474e-01
5.16000e-01 4.52548e-01
5.20000e-01 4.52737e-01
5.24000e-01 4.53152e-01
5.28000e-01 4.53943e-01
5.32000e-01 4.55273e-01
5.36000e-01 4.57329e-01
5.40000e-01 4.60440e-01
5.44000e-01 4.65380e-01
5.48000e-01 4.73677e-01
5.52000e-01 4.86162e-01
5.56000e-01 4.96976e-01
5.60000e-01 4.99965e-01
5.64000e-01 5.00115e-01
5.68000e-01 5.00116e-01
5.72000e-01 5.00116e-01
5.76000e-01 5.00116e-01
5.80000e-01 5.00117e-01
5.84000e-01 5.00120e-01
5.88000e-01 5.00134e-01
5.92000e-01 5.00185e-01
5.96000e-01 5.00378e-01
6.00000e-01 5.01097e-01
6.04000e-01 5.03539e-01
6.08000e-01 5.09530e-01
6.12000e-01 5.15701e-01
6.16000e-01 5.16931e-01
6.20000e-01 5.16711e-01
6.24000e-01 5.14337e-01
6.28000e-01 5.04858e-01
6.32000e-01 4.92169e-01
6.36000e-01 4.88617e-01
6.40000e-01 4.88586e-01
6.44000e-01 4.89160e-01
6.48000e-01 4.91432e-01
6.52000e-01 4.94788e-01
6.56000e-01 4.96148e-01
6.60000e-01 4.96252e-01
6.64000e-01 4.96259e-01
6.68000e-01 4.96267e-01
6.72000e-01 4.96292e-01
6.76000e-01 4.96373e-01
6.80000e-01 4.96590e-01
6.84000e-01 4.97084e-01
6.88000e-01 4.98057e-01
6.92000e-01 4.99692e-01
6.96000e-01 5.02033e-01
7.00000e-01 5.04925e-01
7.04000e-01 5.08210e-01
7.08000e-01 5.12063e-01
7.12000e-01 5.17323e-01
7.16000e-01 5.25974e-01
7.20000e-01 5.40702e-01
7.24000e-01 5.57515e-01
7.28000e-01 5.64376e-01
7.32000e-01 5.64921e-01
7.36000e-01 5.64923e-01
7.40000e-01 5.64889e-01
7.44000e-01 5.64360e-01
7.48000e-01 5.58002e-01
7.52000e-01 5.18362e-01
7.56000e-01 4.56295e-01
7.60000e-01 4.39857e-01
7.64000e-01 4.39490e-01
7.68000e-01 4.39880e-01
7.72000e-01 4.41568e-01
7.76000e-01 4.45563e-01
7.80000e-01 4.52965e-01
7.84000e-01 4.63888e-01
7.88000e-01 4.73257e-01
7.92000e-01 4.76070e-01
7.96000e-01 4.76284e-01
8.00000e-01 4.76309e-01
8.04000e-01 4.76339e-01
8.08000e-01 4.76418e-01
8.12000e-01 4.76628e-01
8.16000e-01 4.77110e-01
8.20000e-01 4.78042e-01
8.24000e-01 4.79567e-01
8.28000e-01 4.81735e-01
8.32000e-01 4.84640e-01
8.36000e-01 4.88747e-01
8.40000e-01 4.94823e-01
8.44000e-01 5.01783e-01
8.48000e-01 5.05382e-01
8.52000e-01 5.05904e-01
8.56000e-01 5.05941e-01
8.60000e-01 5.05961e-01
8.64000e-01 5.06011e-01
8.68000e-01 5.06180e-01
8.72000e-01 5.06776e-01
8.76000e-01 5.08836e-01
8.80000e-01 5.14727e-01
8.84000e-01 5.23567e-01
8.88000e-01 5.26901e-01
8.92000e-01 5.26835e-01
8.96000e-01 5.24479e-01
9.00000e-01 5.12385e-01
9.04000e-01 4.91584e-01
9.08000e-01 4.83554e-01
9.12000e-01 4.83192e-01
9.16000e-01 4.83374e-01
9.20000e-01 4.84473e-01
9.24000e-01 4.87985e-01
9.28000e-01 4.96437e-01
9.32000e-01 5.11373e-01
9.36000e-01 5.24760e-01
9.40000e-01 5.28247e-01
9.44000e-01 5.28397e-01
9.48000e-01 5.28398e-01
9.52000e-01 5.28398e-01
9.56000e-01 5.28398e-01
9.60000e-01 5.28398e-01
9.64000e-01 5.28398e-01
9.68000e-01 5.28398e-01
9.72000e-01 5.28398e-01
9.76000e-01 5.28398e-01
9.80000e-01 5.28398e-01
9.84000e-01 5.28398e-01
9.88000e-01 5.28400e-01
9.92000e-01 5.28406e-01
9.96000e-01 5.28430e-01
1.00000e+00 5.28527e-01
1.00400e+00 5.28904e-01
1.00800e+00 5.30239e-01
1.01200e+00 5.33747e-01
1.01600e+00 5.38174e-01
1.02000e+00 5.39742e-01
1.02400e+00 5.39834e-01
1.02800e+00 5.39835e-01
1.03200e+00 5.39835e-01
1.03600e+00 5.39835e-01
1.04000e+00 5.39836e-01
1.04400e+00 5.39837e-01
1.04800e+00 5.39846e-01
1.05200e+00 5.39883e-01
1.05600e+00 5.40044e-01
1.06000e+00 5.40736e-01
1.06400e+00 5.43377e-01
1.06800e+00 5.49878e-01
1.07200e+00 5.55454e-01
1.07600e+00 5.56145e-01
1.08000e+00 5.55612e-01
1.08400e+00 5.50512e-01
1.08800e+00 5.32431e-01
1.09200e+00 5.14754e-01
1.09600e+00 5.11874e-01
1.10000e+00 5.12054e-01
1.10400e+00 5.13756e-01
1.10800e+00 5.16793e-01
1.11200e+00 5.17317e-01
1.11600e+00 5.16010e-01
1.12000e+00 5.05893e-01
1.12400e+00 4.79914e-01
1.12800e+00 4.63557e-01
1.13200e+00 4.61966e-01
1.13600e+00 4.62055e-01
1.14000e+00 4.62726e-01
1.14400e+00 4.64648e-01
1.14800e+00 4.67896e-01
1.15200e+00 4.71887e-01
1.15600e+00 4.76607e-01
1.16000e+00 4.83284e-01
1.16400e+00 4.92663e-01
1.16800e+00 4.99720e-01
1.17200e+00 5.01037e-01
1.17600e+00 5.00998e-01
1.18000e+00 5.00243e-01
1.18400e+00 4.95631e-01
1.18800e+00 4.81069e-01
1.19200e+00 4.65200e-01
1.19600e+00 4.61368e-01
1.20000e+00 4.61248e-01
1.20400e+00 4.61255e-01
1.20800e+00 4.61306e-01
1.21200e+00 4.61477e-01
1.21600e+00 4.61900e-01
1.22000e+00 4.62851e-01
1.22400e+00 4.64970e-01
1.22800e+00 4.69228e-01
1.23200e+00 4.74681e-01
1.23600e+00 4.77281e-01
1.24000e+00 4.77550e-01
1.24400e+00 4.77553e-01
1.24800e+00 4.77553e-01
1.25200e+00 4.77553e-01
1.25600e+00 4.77553e-01
1.26000e+00 4.77554e-01
1.26400e+00 4.77554e-01
1.26800e+00 4.77557e-01
1.27200e+00 4.77565e-01
1.27600e+00 4.77584e-01
1.28000e+00 4.77629e-01
1.28400e+00 4.77728e-01
1.28800e+00 4.77911e-01
1.29200e+00 4.78209e-01
1.29600e+00 4.78669e-01
1.30000e+00 4.79505e-01
1.30400e+00 4.81481e-01
1.30800e+00 4.86461e-01
1.31200e+00 4.93865e-01
1.31600e+00 4.96519e-01
1.32000e+00 4.96230e-01
1.32400e+00 4.91893e-01
1.32800e+00 4.72406e-01
1.33200e+00 4.45411e-01
1.33600e+00 4.37666e-01
1.34000e+00 4.37465e-01
1.34400e+00 4.37766e-01
1.34800e+00 4.39228e-01
1.35200e+00 4.43274e-01
1.35600e+00 4.51569e-01
1.36000e+00 4.62504e-01
1.36400e+00 4.68423e-01
1.36800e+00 4.69193e-01
1.37200e+00 4.69206e-01
1.37600e+00 4.69206e-01
1.38000e+00 4.69206e-01
1.38400e+00 4.69206e-01
1.38800e+00 4.69207e-01
1.39200e+00 4.69207e-01
1.39600e+00 4.69207e-01
1.40000e+00 4.69209e-01
1.40400e+00 4.69213e-01
1.40800e+00 4.69223e-01
1.41200e+00 4.69248e-01
1.41600e+00 4.69304e-01
1.42000e+00 4.69423e-01
1.42400e+00 4.69662e-01
1.42800e+00 4.70109e-01
1.43200e+00 4.70886e-01
1.43600e+00 4.72132e-01
1.44000e+00 4.73987e-01
1.44400e+00 4.76580e-01
1.44800e+00 4.80002e-01
1.45200e+00 4.84092e-01
1.45600e+00 4.88040e-01
1.46000e+00 4.90743e-01
1.46400e+00 4.92133e-01
1.46800e+00 4.92963e-01
1.47200e+00 4.93873e-01
1.47600e+00 4.95575e-01
1.48000e+00 4.99081e-01
1.48400e+00 5.03426e-01
1.48800e+00 5.05094e-01
1.49200e+00 5.05176e-01
1.49600e+00 5.05086e-01
1.50000e+00 5.04268e-01
1.50400e+00 4.99716e-01
1.50800e+00 4.85097e-01
1.51200e+00 4.68237e-01
1.51600e+00 4.63870e-01
1.52000e+00 4.63731e-01
1.52400e+00 4.63765e-01
1.52800e+00 4.63974e-01
1.53200e+00 4.64620e-01
1.53600e+00 4.66006e-01
1.54000e+00 4.68298e-01
1.54400e+00 4.71428e-01
1.54800e+00 4.75373e-01
1.55200e+00 4.80659e-01
1.55600e+00 4.88758e-01
1.56000e+00 5.01120e-01
1.56400e+00 5.13222e-01
1.56800e+00 5.17343e-01
1.57200e+00 5.17616e-01
1.57600e+00 5.17617e-01
1.58000e+00 5.17617e-01
1.58400e+00 5.17616e-01
1.58800e+00 5.17603e-01
1.59200e+00 5.17513e-01
1.59600e+00 5.16871e-01
1.60000e+00 5.12836e-01
1.60400e+00 4.96311e-01
1.60800e+00 4.70787e-01
1.61200e+00 4.61672e-01
1.61600e+00 4.61232e-01
1.62000e+00 4.61283e-01
1.62400e+00 4.61643e-01
1.62800e+00 4.62896e-01
1.63200e+00 4.66191e-01
1.63600e+00 4.73305e-01
1.64000e+00 4.83700e-01
1.64400e+00 4.90119e-01
1.64800e+00 4.91089e-01
1.65200e+00 4.91110e-01
1.65600e+00 4.91110e-01
1.66000e+00 4.91111e-01
1.66400e+00 4.91111e-01
1.66800e+00 4.91114e-01
1.67200e+00 4.91123e-01
1.67600e+00 4.91146e-01
1.68000e+00 4.91206e-01
1.68400e+00 4.91339e-01
1.68800e+00 4.91606e-01
1.69200e+00 4.92086e-01
1.69600e+00 4.92880e-01
1.70000e+00 4.94149e-01
1.70400e+00 4.96258e-01
1.70800e+00 5.00112e-01
1.71200e+00 5.07638e-01
1.71600e+00 5.20394e-01
1.72000e+00 5.32059e-01
1.72400e+00 5.35229e-01
1.72800e+00 5.35373e-01
1.73200e+00 5.35374e-01
1.73600e+00 5.35374e-01
1.74000e+00 5.35374e-01
1.74400e+00 5.35374e-01
1.74800e+00 5.35374e-01
1.75200e+00 5.35374e-01
1.75600e+00 5.35374e-01
1.76000e+00 5.35374e-01
1.76400e+00 5.35374e-01
1.76800e+00 5.35374e-01
1.77200e+00 5.35374e-01
1.77600e+00 5.35372e-01
1.78000e+00 5.35354e-01
1.78400e+00 5.35221e-01
1.78800e+00 5.34267e-01
1.79200e+00 5.28611e-01
1.79600e+00 5.09868e-01
1.80000e+00 4.90338e-01
1.80400e+00 4.86542e-01
1.80800e+00 4.86589e-01
1.81200e+00 4.87570e-01
1.81600e+00 4.91464e-01
1.82000e+00 4.98920e-01
1.82400e+00 5.03946e-01
1.82800e+00 5.04684e-01
1.83200e+00 5.04697e-01
1.83600e+00 5.04697e-01
1.84000e+00 5.04697e-01
1.84400e+00 5.04697e-01
1.84800e+00 5.04697e-01
1.85200e+00 5.04697e-01
1.85600e+00 5.04697e-01
1.86000e+00 5.04697e-01
1.86400e+00 5.04697e-01
1.86800e+00 5.04697e-01
1.87200e+00 5.04697e-01
1.87600e+00 5.04698e-01
1.88000e+00 5.04698e-01
1.88400e+00 5.04700e-01
1.88800e+00 5.04704e-01
1.89200e+00 5.04714e-01
1.89600e+00 5.04737e-01
1.90000e+00 5.04797e-01
1.90400e+00 5.04968e-01
1.90800e+00 5.05483e-01
1.91200e+00 5.07025e-01
1.91600e+00 5.11117e-01
1.92000e+00 5.18165e-01
1.92400e+00 5.22876e-01
1.92800e+00 5.23588e-01
1.93200e+00 5.23602e-01
1.93600e+00 5.23602e-01
1.94000e+00 5.23602e-01
1.94400e+00 5.23602e-01
1.94800e+00 5.23605e-01
1.95200e+00 5.23626e-01
1.95600e+00 5.23760e-01
1.96000e+00 5.24513e-01
1.96400e+00 5.26775e-01
1.96800e+00 5.28210e-01
1.97200e+00 5.27982e-01
1.97600e+00 5.23930e-01
1.98000e+00 5.03236e-01
1.98400e+00 4.72333e-01
1.98800e+00 4.63616e-01
1.99200e+00 4.64629e-01
1.99600e+00 4.64754e-01
