0.00000e+00 5.15242e-01
4.00000e-03 5.15242e-01
8.00000e-03 5.15242e-01
1.20000e-02 5.15254e-01
1.60000e-02 5.15396e-01
2.00000e-02 5.16503e-01
2.40000e-02 5.22040e-01
2.80000e-02 5.39889e-01
3.20000e-02 5.71298e-01
3.60000e-02 5.90278e-01
4.00000e-02 5.92387e-01
4.40000e-02 5.92302e-01
4.80000e-02 5.90450e-01
5.20000e-02 5.74381e-01
5.60000e-02 5.25533e-01
6.00000e-02 4.91051e-01
6.40000e-02 4.84425e-01
6.80000e-02 4.81721e-01
7.20000e-02 4.77342e-01
7.60000e-02 4.70110e-01
8.00000e-02 4.61287e-01
8.40000e-02 4.49371e-01
8.80000e-02 4.32658e-01
9.20000e-02 4.21706e-01
9.60000e-02 4.20279e-01
1.00000e-01 4.20482e-01
1.04000e-01 4.21944e-01
1.08000e-01 4.26390e-01
1.12000e-01 4.35307e-01
1.16000e-01 4.49572e-01
1.20000e-01 4.69201e-01
1.24000e-01 4.89134e-01
1.28000e-01 4.98978e-01
1.32000e-01 5.00648e-01
1.36000e-01 5.00885e-01
1.40000e-01 5.01071e-01
1.44000e-01 5.01489e-01
1.48000e-01 5.02637e-01
1.52000e-01 5.05646e-01
1.56000e-01 5.12978e-01
1.60000e-01 5.28251e-01
1.64000e-01 5.47086e-01
1.68000e-01 5.54219e-01
1.72000e-01 5.54465e-01
1.76000e-01 5.53367e-01
1.80000e-01 5.44390e-01
1.84000e-01 5.17884e-01
1.88000e-01 4.99008e-01
1.92000e-01 4.97233e-01
1.96000e-01 4.97876e-01
2.00000e-01 5.02305e-01
2.04000e-01 5.12417e-01
2.08000e-01 5.17035e-01
2.12000e-01 5.16350e-01
2.16000e-01 5.07129e-01
2.20000e-01 4.78914e-01
2.24000e-01 4.60794e-01
2.28000e-01 4.59756e-01
2.32000e-01 4.61756e-01
2.36000e-01 4.68811e-01
2.40000e-01 4.73122e-01
2.44000e-01 4.72670e-01
2.48000e-01 4.65547e-01
2.52000e-01 4.40685e-01
2.56000e-01 4.17926e-01
2.60000e-01 4.14117e-01
2.64000e-01 4.14103e-01
2.68000e-01 4.14422e-01
2.72000e-01 4.15577e-01
2.76000e-01 4.18074e-01
2.80000e-01 4.22099e-01
2.84000e-01 4.27447e-01
2.88000e-01 4.33704e-01
2.92000e-01 4.40446e-01
2.96000e-01 4.47349e-01
3.00000e-01 4.54195e-01
3.04000e-01 4.60848e-01
3.08000e-01 4.67234e-01
3.12000e-01 4.73327e-01
3.16000e-01 4.79150e-01
3.20000e-01 4.84792e-01
3.24000e-01 4.90467e-01
3.28000e-01 4.96636e-01
3.32000e-01 5.04289e-01
3.36000e-01 5.15431e-01
3.40000e-01 5.32652e-01
3.44000e-01 5.51924e-01
3.48000e-01 5.60281e-01
3.52000e-01 5.61030e-01
3.56000e-01 5.61033e-01
3.60000e-01 5.60982e-01
3.64000e-01 5.60389e-01
3.68000e-01 5.55175e-01
3.72000e-01 5.29318e-01
3.76000e-01 4.90224e-01
3.80000e-01 4.78718e-01
3.84000e-01 4.78366e-01
3.88000e-01 4.78548e-01
3.92000e-01 4.79522e-01
3.96000e-01 4.82274e-01
4.00000e-01 4.88277e-01
4.04000e-01 4.99746e-01
4.08000e-01 5.16608e-01
4.12000e-01 5.28650e-01
4.16000e-01 5.30972e-01
4.20000e-01 5.31040e-01
4.24000e-01 5.31041e-01
4.28000e-01 5.31041e-01
4.32000e-01 5.31045e-01
4.36000e-01 5.31075e-01
4.40000e-01 5.31342e-01
4.44000e-01 5.32617e-01
4.48000e-01 5.33576e-01
4.52000e-01 5.32947e-01
4.56000e-01 5.22784e-01
4.60000e-01 4.74061e-01
4.64000e-01 4.24084e-01
4.68000e-01 4.16404e-01
4.72000e-01 4.16582e-01
4.76000e-01 4.18173e-01
4.80000e-01 4.21642e-01
4.84000e-01 4.25014e-01
4.88000e-01 4.26847e-01
4.92000e-01 4.27861e-01
4.96000e-01 4.28829e-01
5.00000e-01 4.30236e-01
5.04000e-01 4.32622e-01
5.08000e-01 4.36803e-01
5.12000e-01 4.43361e-01
5.16000e-01 4.49832e-01
5.20000e-01 4.52224e-01
5.24000e-01 4.52439e-01
5.28000e-01 4.52453e-01
5.32000e-01 4.52465e-01
5.36000e-01 4.52497e-01
5.40000e-01 4.52586e-01
5.44000e-01 4.52807e-01
5.48000e-01 4.53276e-01
5.52000e-01 4.54140e-01
5.56000e-01 4.55553e-01
5.60000e-01 4.57692e-01
5.64000e-01 4.60892e-01
5.68000e-01 4.65961e-01
5.72000e-01 4.74462e-01
5.76000e-01 4.87031e-01
5.80000e-01 4.97374e-01
5.84000e-01 4.99999e-01
5.88000e-01 5.00116e-01
5.92000e-01 5.00116e-01
5.96000e-01 5.00116e-01
6.00000e-01 5.00116e-01
6.04000e-01 5.00117e-01
6.08000e-01 5.00119e-01
6.12000e-01 5.00129e-01
6.16000e-01 5.00166e-01
6.20000e-01 5.00306e-01
6.24000e-01 5.00834e-01
6.28000e-01 5.02685e-01
6.32000e-01 5.07709e-01
6.36000e-01 5.14244e-01
6.40000e-01 5.16237e-01
6.44000e-01 5.16168e-01
6.48000e-01 5.14723e-01
6.52000e-01 5.07670e-01
6.56000e-01 4.94857e-01
6.60000e-01 4.89267e-01
6.64000e-01 4.89007e-01
6.68000e-01 4.89312e-01
6.72000e-01 4.90932e-01
6.76000e-01 4.94114e-01
6.80000e-01 4.96022e-01
6.84000e-01 4.96256e-01
6.88000e-01 4.96265e-01
6.92000e-01 4.96271e-01
6.96000e-01 4.96287e-01
7.00000e-01 4.96340e-01
7.04000e-01 4.96490e-01
7.08000e-01 4.96851e-01
7.12000e-01 4.97602e-01
7.16000e-01 4.98948e-01
7.20000e-01 5.01006e-01
7.24000e-01 5.03685e-01
7.28000e-01 5.06752e-01
7.32000e-01 5.10131e-01
7.36000e-01 5.14213e-01
7.40000e-01 5.20181e-01
7.44000e-01 5.30485e-01
7.48000e-01 5.46925e-01
7.52000e-01 5.61202e-01
7.56000e-01 5.64771e-01
7.60000e-01 5.64902e-01
7.64000e-01 5.64882e-01
7.68000e-01 5.64508e-01
7.72000e-01 5.59760e-01
7.76000e-01 5.26259e-01
7.80000e-01 4.62260e-01
7.84000e-01 4.40812e-01
7.88000e-01 4.40108e-01
7.92000e-01 4.40511e-01
7.96000e-01 4.42401e-01
8.00000e-01 4.47066e-01
8.04000e-01 4.55751e-01
8.08000e-01 4.67366e-01
8.12000e-01 4.74861e-01
8.16000e-01 4.76253e-01
8.20000e-01 4.76317e-01
8.24000e-01 4.76330e-01
8.28000e-01 4.76353e-01
8.32000e-01 4.76421e-01
8.36000e-01 4.76606e-01
8.40000e-01 4.77038e-01
8.44000e-01 4.77885e-01
8.48000e-01 4.79285e-01
8.52000e-01 4.81296e-01
8.56000e-01 4.84043e-01
8.60000e-01 4.88070e-01
8.64000e-01 4.94305e-01
8.68000e-01 5.01670e-01
8.72000e-01 5.05438e-01
8.76000e-01 5.05934e-01
8.80000e-01 5.05957e-01
8.84000e-01 5.05969e-01
8.88000e-01 5.05997e-01
8.92000e-01 5.06100e-01
8.96000e-01 5.06483e-01
9.00000e-01 5.07867e-01
9.04000e-01 5.12228e-01
9.08000e-01 5.20591e-01
9.12000e-01 5.25582e-01
9.16000e-01 5.25842e-01
9.20000e-01 5.24647e-01
9.24000e-01 5.16532e-01
9.28000e-01 4.96857e-01
9.32000e-01 4.84666e-01
9.36000e-01 4.83495e-01
9.40000e-01 4.83578e-01
9.44000e-01 4.84267e-01
9.48000e-01 4.86773e-01
9.52000e-01 4.93291e-01
9.56000e-01 5.06314e-01
9.60000e-01 5.21637e-01
9.64000e-01 5.27889e-01
9.68000e-01 5.28393e-01
9.72000e-01 5.28398e-01
9.76000e-01 5.28398e-01
9.80000e-01 5.28398e-01
9.84000e-01 5.28398e-01
9.88000e-01 5.28398e-01
9.92000e-01 5.28398e-01
9.96000e-01 5.28398e-01
1.00000e+00 5.28398e-01
1.00400e+00 5.28398e-01
1.00800e+00 5.28398e-01
1.01200e+00 5.28399e-01
1.01600e+00 5.28401e-01
1.02000e+00 5.28411e-01
1.02400e+00 5.28452e-01
1.02800e+00 5.28613e-01
1.03200e+00 5.29228e-01
1.03600e+00 5.31247e-01
1.04000e+00 5.35538e-01
1.04400e+00 5.39124e-01
1.04800e+00 5.39817e-01
1.05200e+00 5.39835e-01
1.05600e+00 5.39835e-01
1.06000e+00 5.39835e-01
1.06400e+00 5.39835e-01
1.06800e+00 5.39836e-01
1.07200e+00 5.39839e-01
1.07600e+00 5.39851e-01
1.08000e+00 5.39905e-01
1.08400e+00 5.40145e-01
1.08800e+00 5.41179e-01
1.09200e+00 5.44823e-01
1.09600e+00 5.51689e-01
1.10000e+00 5.55142e-01
1.10400e+00 5.55220e-01
1.10800e+00 5.53806e-01
1.11200e+00 5.44598e-01
1.11600e+00 5.23918e-01
1.12000e+00 5.13380e-01
1.12400e+00 5.12836e-01
1.12800e+00 5.13509e-01
1.13200e+00 5.15432e-01
1.13600e+00 5.15883e-01
1.14000e+00 5.14834e-01
1.14400e+00 5.06290e-01
1.14800e+00 4.82117e-01
1.15200e+00 4.64451e-01
1.15600e+00 4.62308e-01
1.16000e+00 4.62360e-01
1.16400e+00 4.62890e-01
1.16800e+00 4.64539e-01
1.17200e+00 4.67537e-01
1.17600e+00 4.71525e-01
1.18000e+00 4.76576e-01
1.18400e+00 4.83867e-01
1.18800e+00 4.93536e-01
1.19200e+00 4.99839e-01
1.19600e+00 5.00773e-01
1.20000e+00 5.00715e-01
1.20400e+00 4.99896e-01
1.20800e+00 4.95085e-01
1.21200e+00 4.80358e-01
1.21600e+00 4.64923e-01
1.22000e+00 4.61372e-01
1.22400e+00 4.61267e-01
1.22800e+00 4.61274e-01
1.23200e+00 4.61325e-01
1.23600e+00 4.61500e-01
1.24000e+00 4.61953e-01
1.24400e+00 4.63030e-01
1.24800e+00 4.65503e-01
1.25200e+00 4.70278e-01
1.25600e+00 4.75521e-01
1.26000e+00 4.77419e-01
1.26400e+00 4.77552e-01
1.26800e+00 4.77553e-01
1.27200e+00 4.77553e-01
1.27600e+00 4.77553e-01
1.28000e+00 4.77553e-01
1.28400e+00 4.77554e-01
1.28800e+00 4.77554e-01
1.29200e+00 4.77557e-01
1.29600e+00 4.77564e-01
1.30000e+00 4.77582e-01
1.30400e+00 4.77624e-01
1.30800e+00 4.77713e-01
1.31200e+00 4.77877e-01
1.31600e+00 4.78142e-01
1.32000e+00 4.78576e-01
1.32400e+00 4.79447e-01
1.32800e+00 4.81674e-01
1.33200e+00 4.87119e-01
1.33600e+00 4.93660e-01
1.34000e+00 4.95127e-01
1.34400e+00 4.94520e-01
1.34800e+00 4.88369e-01
1.35200e+00 4.66000e-01
1.35600e+00 4.42565e-01
1.36000e+00 4.37897e-01
1.36400e+00 4.37875e-01
1.36800e+00 4.38373e-01
1.37200e+00 4.40400e-01
1.37600e+00 4.45630e-01
1.38000e+00 4.55338e-01
1.38400e+00 4.65412e-01
1.38800e+00 4.68957e-01
1.39200e+00 4.69205e-01
1.39600e+00 4.69206e-01
1.40000e+00 4.69206e-01
1.40400e+00 4.69206e-01
1.40800e+00 4.69206e-01
1.41200e+00 4.69207e-01
1.41600e+00 4.69207e-01
1.42000e+00 4.69207e-01
1.42400e+00 4.69209e-01
1.42800e+00 4.69213e-01
1.43200e+00 4.69224e-01
1.43600e+00 4.69249e-01
1.44000e+00 4.69305e-01
1.44400e+00 4.69424e-01
1.44800e+00 4.69661e-01
1.45200e+00 4.70102e-01
1.45600e+00 4.70865e-01
1.46000e+00 4.72083e-01
1.46400e+00 4.73893e-01
1.46800e+00 4.76437e-01
1.47200e+00 4.79854e-01
1.47600e+00 4.84046e-01
1.48000e+00 4.88173e-01
1.48400e+00 4.90957e-01
1.48800e+00 4.92290e-01
1.49200e+00 4.93023e-01
1.49600e+00 4.93804e-01
1.50000e+00 4.95295e-01
1.50400e+00 4.98531e-01
1.50800e+00 5.02960e-01
1.51200e+00 5.04936e-01
1.51600e+00 5.05061e-01
1.52000e+00 5.04975e-01
1.52400e+00 5.04155e-01
1.52800e+00 4.99569e-01
1.53200e+00 4.84916e-01
1.53600e+00 4.68197e-01
1.54000e+00 4.63927e-01
1.54400e+00 4.63794e-01
1.54800e+00 4.63827e-01
1.55200e+00 4.64029e-01
1.55600e+00 4.64652e-01
1.56000e+00 4.65998e-01
1.56400e+00 4.68231e-01
1.56800e+00 4.71282e-01
1.57200e+00 4.75092e-01
1.57600e+00 4.80104e-01
1.58000e+00 4.87683e-01
1.58400e+00 4.99492e-01
1.58800e+00 5.12127e-01
1.59200e+00 5.17190e-01
1.59600e+00 5.17613e-01
1.60000e+00 5.17617e-01
1.60400e+00 5.17617e-01
1.60800e+00 5.17616e-01
1.61200e+00 5.17604e-01
1.61600e+00 5.17519e-01
1.62000e+00 5.16917e-01
1.62400e+00 5.13107e-01
1.62800e+00 4.97161e-01
1.63200e+00 4.71527e-01
1.63600e+00 4.61869e-01
1.64000e+00 4.61365e-01
1.64400e+00 4.61418e-01
1.64800e+00 4.61791e-01
1.65200e+00 4.63106e-01
1.65600e+00 4.66587e-01
1.66000e+00 4.74034e-01
1.66400e+00 4.84448e-01
1.66800e+00 4.90322e-01
1.67200e+00 4.91097e-01
1.67600e+00 4.91110e-01
1.68000e+00 4.91111e-01
1.68400e+00 4.91111e-01
1.68800e+00 4.91111e-01
1.69200e+00 4.91113e-01
1.69600e+00 4.91120e-01
1.70000e+00 4.91138e-01
1.70400e+00 4.91184e-01
1.70800e+00 4.91288e-01
1.71200e+00 4.91504e-01
1.71600e+00 4.91902e-01
1.72000e+00 4.92571e-01
1.72400e+00 4.93638e-01
1.72800e+00 4.95364e-01
1.73200e+00 4.98392e-01
1.73600e+00 5.04226e-01
1.74000e+00 5.15101e-01
1.74400e+00 5.28572e-01
1.74800e+00 5.34772e-01
1.75200e+00 5.35367e-01
1.75600e+00 5.35374e-01
1.76000e+00 5.35374e-01
1.76400e+00 5.35374e-01
1.76800e+00 5.35374e-01
1.77200e+00 5.35374e-01
1.77600e+00 5.35374e-01
1.78000e+00 5.35374e-01
1.78400e+00 5.35374e-01
1.78800e+00 5.35374e-01
1.79200e+00 5.35374e-01
1.79600e+00 5.35374e-01
1.80000e+00 5.35373e-01
1.80400e+00 5.35363e-01
1.80800e+00 5.35286e-01
1.81200e+00 5.34733e-01
1.81600e+00 5.31196e-01
1.82000e+00 5.16663e-01
1.82400e+00 4.94611e-01
1.82800e+00 4.87333e-01
1.83200e+00 4.87146e-01
1.83600e+00 4.87704e-01
1.84000e+00 4.90533e-01
1.84400e+00 4.97182e-01
1.84800e+00 5.03279e-01
1.85200e+00 5.04652e-01
1.85600e+00 5.04697e-01
1.86000e+00 5.04697e-01
1.86400e+00 5.04697e-01
1.86800e+00 5.04697e-01
1.87200e+00 5.04697e-01
1.87600e+00 5.04697e-01
1.88000e+00 5.04697e-01
1.88400e+00 5.04697e-01
1.88800e+00 5.04697e-01
1.89200e+00 5.04697e-01
1.89600e+00 5.04697e-01
1.90000e+00 5.04698e-01
1.90400e+00 5.04698e-01
1.90800e+00 5.04699e-01
1.91200e+00 5.04702e-01
1.91600e+00 5.04708e-01
1.92000e+00 5.04723e-01
1.92400e+00 5.04763e-01
1.92800e+00 5.04875e-01
1.93200e+00 5.05210e-01
1.93600e+00 5.06231e-01
1.94000e+00 5.09142e-01
1.94400e+00 5.15368e-01
1.94800e+00 5.21727e-01
1.95200e+00 5.23520e-01
1.95600e+00 5.23601e-01
1.96000e+00 5.23602e-01
1.96400e+00 5.23602e-01
1.96800e+00 5.23602e-01
1.97200e+00 5.23604e-01
1.97600e+00 5.23619e-01
1.98000e+00 5.23716e-01
1.98400e+00 5.24268e-01
1.98800e+00 5.26198e-01
1.99200e+00 5.26018e-01
1.99600e+00 5.25965e-01
