0.00000e+00 4.28276e-01
4.00000e-03 4.28276e-01
8.00000e-03 4.28291e-01
1.20000e-02 4.28500e-01
1.60000e-02 4.30061e-01
2.00000e-02 4.37079e-01
2.40000e-02 4.56911e-01
2.80000e-02 4.89469e-01
3.20000e-02 5.11220e-01
3.60000e-02 5.15173e-01
4.00000e-02 5.15707e-01
4.40000e-02 5.16352e-01
4.80000e-02 5.18516e-01
5.20000e-02 5.25496e-01
5.60000e-02 5.43039e-01
6.00000e-02 5.71540e-01
6.40000e-02 5.89634e-01
6.80000e-02 5.91860e-01
7.20000e-02 5.91655e-01
7.60000e-02 5.87996e-01
8.00000e-02 5.62978e-01
8.40000e-02 5.10393e-01
8.80000e-02 4.84171e-01
9.20000e-02 4.78925e-01
9.60000e-02 4.75765e-01
1.00000e-01 4.70119e-01
1.04000e-01 4.57591e-01
1.08000e-01 4.36923e-01
1.12000e-01 4.22871e-01
1.16000e-01 4.20756e-01
1.20000e-01 4.20813e-01
1.24000e-01 4.21505e-01
1.28000e-01 4.24005e-01
1.32000e-01 4.29663e-01
1.36000e-01 4.39377e-01
1.40000e-01 4.53782e-01
1.44000e-01 4.72943e-01
1.48000e-01 4.91518e-01
1.52000e-01 4.99736e-01
1.56000e-01 5.00867e-01
1.60000e-01 5.00998e-01
1.64000e-01 5.01104e-01
1.68000e-01 5.01353e-01
1.72000e-01 5.02052e-01
1.76000e-01 5.03904e-01
1.80000e-01 5.08490e-01
1.84000e-01 5.19004e-01
1.88000e-01 5.37290e-01
1.92000e-01 5.51385e-01
1.96000e-01 5.53630e-01
2.00000e-01 5.53372e-01
2.04000e-01 5.49771e-01
2.08000e-01 5.31980e-01
2.12000e-01 5.05805e-01
2.16000e-01 4.98804e-01
2.20000e-01 4.98947e-01
2.24000e-01 5.01667e-01
2.28000e-01 5.09493e-01
2.32000e-01 5.13817e-01
2.36000e-01 5.13307e-01
2.40000e-01 5.05554e-01
2.44000e-01 4.80716e-01
2.48000e-01 4.63544e-01
2.52000e-01 4.62435e-01
2.56000e-01 4.64218e-01
2.60000e-01 4.69019e-01
2.64000e-01 4.70228e-01
2.68000e-01 4.68289e-01
2.72000e-01 4.54874e-01
2.76000e-01 4.27751e-01
2.80000e-01 4.15173e-01
2.84000e-01 4.14353e-01
2.88000e-01 4.14465e-01
2.92000e-01 4.15136e-01
2.96000e-01 4.16960e-01
3.00000e-01 4.20296e-01
3.04000e-01 4.25055e-01
3.08000e-01 4.30825e-01
3.12000e-01 4.37135e-01
3.16000e-01 4.43635e-01
3.20000e-01 4.50113e-01
3.24000e-01 4.56451e-01
3.28000e-01 4.62583e-01
3.32000e-01 4.68472e-01
3.36000e-01 4.74103e-01
3.40000e-01 4.79486e-01
3.44000e-01 4.84671e-01
3.48000e-01 4.89788e-01
3.52000e-01 4.95127e-01
3.56000e-01 5.01315e-01
3.60000e-01 5.09697e-01
3.64000e-01 5.22777e-01
3.68000e-01 5.41818e-01
3.72000e-01 5.57235e-01
3.76000e-01 5.60880e-01
3.80000e-01 5.61008e-01
3.84000e-01 5.60993e-01
3.88000e-01 5.60756e-01
3.92000e-01 5.58408e-01
3.96000e-01 5.42880e-01
4.00000e-01 5.03351e-01
4.04000e-01 4.80580e-01
4.08000e-01 4.78670e-01
4.12000e-01 4.78743e-01
4.16000e-01 4.79352e-01
4.20000e-01 4.81392e-01
4.24000e-01 4.86190e-01
4.28000e-01 4.95808e-01
4.32000e-01 5.11637e-01
4.36000e-01 5.26414e-01
4.40000e-01 5.30805e-01
4.44000e-01 5.31039e-01
4.48000e-01 5.31041e-01
4.52000e-01 5.31042e-01
4.56000e-01 5.31046e-01
4.60000e-01 5.31083e-01
4.64000e-01 5.31386e-01
4.68000e-01 5.32193e-01
4.72000e-01 5.32328e-01
4.76000e-01 5.30961e-01
4.80000e-01 5.15903e-01
4.84000e-01 4.61812e-01
4.88000e-01 4.21679e-01
4.92000e-01 4.17597e-01
4.96000e-01 4.17947e-01
5.00000e-01 4.19890e-01
5.04000e-01 4.23456e-01
5.08000e-01 4.26371e-01
5.12000e-01 4.27807e-01
5.16000e-01 4.28693e-01
5.20000e-01 4.29714e-01
5.24000e-01 4.31411e-01
5.28000e-01 4.34534e-01
5.32000e-01 4.40050e-01
5.36000e-01 4.47289e-01
5.40000e-01 4.51691e-01
5.44000e-01 4.52430e-01
5.48000e-01 4.52460e-01
5.52000e-01 4.52466e-01
5.56000e-01 4.52479e-01
5.60000e-01 4.52519e-01
5.64000e-01 4.52627e-01
5.68000e-01 4.52885e-01
5.72000e-01 4.53410e-01
5.76000e-01 4.54349e-01
5.80000e-01 4.55844e-01
5.84000e-01 4.58061e-01
5.88000e-01 4.61347e-01
5.92000e-01 4.66545e-01
5.96000e-01 4.75249e-01
6.00000e-01 4.87876e-01
6.04000e-01 4.97733e-01
6.08000e-01 5.00026e-01
6.12000e-01 5.00116e-01
6.16000e-01 5.00116e-01
6.20000e-01 5.00116e-01
6.24000e-01 5.00116e-01
6.28000e-01 5.00117e-01
6.32000e-01 5.00118e-01
6.36000e-01 5.00125e-01
6.40000e-01 5.00152e-01
6.44000e-01 5.00254e-01
6.48000e-01 5.00642e-01
6.52000e-01 5.02034e-01
6.56000e-01 5.06133e-01
6.60000e-01 5.12659e-01
6.64000e-01 5.15536e-01
6.68000e-01 5.15602e-01
6.72000e-01 5.14769e-01
6.76000e-01 5.09776e-01
6.80000e-01 4.97893e-01
6.84000e-01 4.90158e-01
6.88000e-01 4.89402e-01
6.92000e-01 4.89555e-01
6.96000e-01 4.90637e-01
7.00000e-01 4.93406e-01
7.04000e-01 4.95787e-01
7.08000e-01 4.96253e-01
7.12000e-01 4.96271e-01
7.16000e-01 4.96276e-01
7.20000e-01 4.96286e-01
7.24000e-01 4.96320e-01
7.28000e-01 4.96422e-01
7.32000e-01 4.96682e-01
7.36000e-01 4.97250e-01
7.40000e-01 4.98330e-01
7.44000e-01 5.00095e-01
7.48000e-01 5.02547e-01
7.52000e-01 5.05463e-01
7.56000e-01 5.08606e-01
7.60000e-01 5.12055e-01
7.64000e-01 5.16453e-01
7.68000e-01 5.23378e-01
7.72000e-01 5.35628e-01
7.76000e-01 5.52839e-01
7.80000e-01 5.63360e-01
7.84000e-01 5.64829e-01
7.88000e-01 5.64837e-01
7.92000e-01 5.64587e-01
7.96000e-01 5.61105e-01
8.00000e-01 5.33518e-01
8.04000e-01 4.69337e-01
8.08000e-01 4.42129e-01
8.12000e-01 4.40859e-01
8.16000e-01 4.41269e-01
8.20000e-01 4.43374e-01
8.24000e-01 4.48829e-01
8.28000e-01 4.58874e-01
8.32000e-01 4.70450e-01
8.36000e-01 4.75737e-01
8.40000e-01 4.76315e-01
8.44000e-01 4.76334e-01
8.48000e-01 4.76342e-01
8.52000e-01 4.76361e-01
8.56000e-01 4.76421e-01
8.60000e-01 4.76587e-01
8.64000e-01 4.76975e-01
8.68000e-01 4.77742e-01
8.72000e-01 4.79023e-01
8.76000e-01 4.80884e-01
8.80000e-01 4.83482e-01
8.84000e-01 4.87427e-01
8.88000e-01 4.93775e-01
8.92000e-01 5.01482e-01
8.96000e-01 5.05449e-01
9.00000e-01 5.05950e-01
9.04000e-01 5.05967e-01
9.08000e-01 5.05974e-01
9.12000e-01 5.05990e-01
9.16000e-01 5.06054e-01
9.20000e-01 5.06299e-01
9.24000e-01 5.07219e-01
9.28000e-01 5.10340e-01
9.32000e-01 5.17607e-01
9.36000e-01 5.23995e-01
9.40000e-01 5.24859e-01
9.44000e-01 5.24284e-01
9.48000e-01 5.19191e-01
9.52000e-01 5.02481e-01
9.56000e-01 4.86613e-01
9.60000e-01 4.83816e-01
9.64000e-01 4.83820e-01
9.68000e-01 4.84227e-01
9.72000e-01 4.85963e-01
9.76000e-01 4.90865e-01
9.80000e-01 5.01647e-01
9.84000e-01 5.17430e-01
9.88000e-01 5.27002e-01
9.92000e-01 5.28372e-01
9.96000e-01 5.28398e-01
1.00000e+00 5.28398e-01
1.00400e+00 5.28398e-01
1.00800e+00 5.28398e-01
1.01200e+00 5.28398e-01
1.01600e+00 5.28398e-01
1.02000e+00 5.28398e-01
1.02400e+00 5.28398e-01
1.02800e+00 5.28398e-01
1.03200e+00 5.28398e-01
1.03600e+00 5.28398e-01
1.04000e+00 5.28399e-01
1.04400e+00 5.28403e-01
1.04800e+00 5.28420e-01
1.05200e+00 5.28489e-01
1.05600e+00 5.28756e-01
1.06000e+00 5.29741e-01
1.06400e+00 5.32621e-01
1.06800e+00 5.37231e-01
1.07200e+00 5.39601e-01
1.07600e+00 5.39833e-01
1.08000e+00 5.39835e-01
1.08400e+00 5.39835e-01
1.08800e+00 5.39835e-01
1.09200e+00 5.39835e-01
1.09600e+00 5.39836e-01
1.10000e+00 5.39840e-01
1.10400e+00 5.39858e-01
1.10800e+00 5.39940e-01
1.11200e+00 5.40310e-01
1.11600e+00 5.41866e-01
1.12000e+00 5.46645e-01
1.12400e+00 5.52829e-01
1.12800e+00 5.54381e-01
1.13200e+00 5.54134e-01
1.13600e+00 5.50916e-01
1.14000e+00 5.36769e-01
1.14400e+00 5.18274e-01
1.14800e+00 5.13835e-01
1.15200e+00 5.13894e-01
1.15600e+00 5.14560e-01
1.16000e+00 5.14730e-01
1.16400e+00 5.13813e-01
1.16800e+00 5.06421e-01
1.17200e+00 4.83981e-01
1.17600e+00 4.65355e-01
1.18000e+00 4.62626e-01
1.18400e+00 4.62646e-01
1.18800e+00 4.63060e-01
1.19200e+00 4.64457e-01
1.19600e+00 4.67187e-01
1.20000e+00 4.71128e-01
1.20400e+00 4.76513e-01
1.20800e+00 4.84489e-01
1.21200e+00 4.94408e-01
1.21600e+00 4.99910e-01
1.22000e+00 5.00537e-01
1.22400e+00 5.00461e-01
1.22800e+00 4.99571e-01
1.23200e+00 4.94530e-01
1.23600e+00 4.79608e-01
1.24000e+00 4.64635e-01
1.24400e+00 4.61374e-01
1.24800e+00 4.61285e-01
1.25200e+00 4.61293e-01
1.25600e+00 4.61346e-01
1.26000e+00 4.61529e-01
1.26400e+00 4.62027e-01
1.26800e+00 4.63265e-01
1.27200e+00 4.66142e-01
1.27600e+00 4.71371e-01
1.28000e+00 4.76187e-01
1.28400e+00 4.77492e-01
1.28800e+00 4.77553e-01
1.29200e+00 4.77553e-01
1.29600e+00 4.77553e-01
1.30000e+00 4.77553e-01
1.30400e+00 4.77553e-01
1.30800e+00 4.77554e-01
1.31200e+00 4.77554e-01
1.31600e+00 4.77557e-01
1.32000e+00 4.77563e-01
1.32400e+00 4.77580e-01
1.32800e+00 4.77618e-01
1.33200e+00 4.77698e-01
1.33600e+00 4.77843e-01
1.34000e+00 4.78081e-01
1.34400e+00 4.78501e-01
1.34800e+00 4.79438e-01
1.35200e+00 4.81989e-01
1.35600e+00 4.87796e-01
1.36000e+00 4.93122e-01
1.36400e+00 4.93758e-01
1.36800e+00 4.92694e-01
1.37200e+00 4.84215e-01
1.37600e+00 4.59725e-01
1.38000e+00 4.40764e-01
1.38400e+00 4.38260e-01
1.38800e+00 4.38337e-01
1.39200e+00 4.39110e-01
1.39600e+00 4.41867e-01
1.40000e+00 4.48465e-01
1.40400e+00 4.59147e-01
1.40800e+00 4.67364e-01
1.41200e+00 4.69143e-01
1.41600e+00 4.69206e-01
1.42000e+00 4.69206e-01
1.42400e+00 4.69206e-01
1.42800e+00 4.69206e-01
1.43200e+00 4.69206e-01
1.43600e+00 4.69207e-01
1.44000e+00 4.69207e-01
1.44400e+00 4.69207e-01
1.44800e+00 4.69209e-01
1.45200e+00 4.69213e-01
1.45600e+00 4.69224e-01
1.46000e+00 4.69250e-01
1.46400e+00 4.69306e-01
1.46800e+00 4.69424e-01
1.47200e+00 4.69659e-01
1.47600e+00 4.70095e-01
1.48000e+00 4.70844e-01
1.48400e+00 4.72035e-01
1.48800e+00 4.73800e-01
1.49200e+00 4.76295e-01
1.49600e+00 4.79702e-01
1.50000e+00 4.83998e-01
1.50400e+00 4.88320e-01
1.50800e+00 4.91192e-01
1.51200e+00 4.92466e-01
1.51600e+00 4.93104e-01
1.52000e+00 4.93763e-01
1.52400e+00 4.95049e-01
1.52800e+00 4.97989e-01
1.53200e+00 5.02433e-01
1.53600e+00 5.04742e-01
1.54000e+00 5.04929e-01
1.54400e+00 5.04847e-01
1.54800e+00 5.04030e-01
1.55200e+00 4.99420e-01
1.55600e+00 4.84749e-01
1.56000e+00 4.68166e-01
1.56400e+00 4.63983e-01
1.56800e+00 4.63855e-01
1.57200e+00 4.63886e-01
1.57600e+00 4.64081e-01
1.58000e+00 4.64685e-01
1.58400e+00 4.65993e-01
1.58800e+00 4.68174e-01
1.59200e+00 4.71152e-01
1.59600e+00 4.74839e-01
1.60000e+00 4.79600e-01
1.60400e+00 4.86686e-01
1.60800e+00 4.97889e-01
1.61200e+00 5.10882e-01
1.61600e+00 5.16971e-01
1.62000e+00 5.17609e-01
1.62400e+00 5.17617e-01
1.62800e+00 5.17617e-01
1.63200e+00 5.17615e-01
1.63600e+00 5.17605e-01
1.64000e+00 5.17526e-01
1.64400e+00 5.16961e-01
1.64800e+00 5.13367e-01
1.65200e+00 4.98007e-01
1.65600e+00 4.72303e-01
1.66000e+00 4.62082e-01
1.66400e+00 4.61508e-01
1.66800e+00 4.61561e-01
1.67200e+00 4.61949e-01
1.67600e+00 4.63330e-01
1.68000e+00 4.67002e-01
1.68400e+00 4.74768e-01
1.68800e+00 4.85142e-01
1.69200e+00 4.90485e-01
1.69600e+00 4.91101e-01
1.70000e+00 4.91111e-01
1.70400e+00 4.91111e-01
1.70800e+00 4.91111e-01
1.71200e+00 4.91111e-01
1.71600e+00 4.91113e-01
1.72000e+00 4.91118e-01
1.72400e+00 4.91131e-01
1.72800e+00 4.91166e-01
1.73200e+00 4.91248e-01
1.73600e+00 4.91421e-01
1.74000e+00 4.91750e-01
1.74400e+00 4.92314e-01
1.74800e+00 4.93217e-01
1.75200e+00 4.94650e-01
1.75600e+00 4.97066e-01
1.76000e+00 5.01578e-01
1.76400e+00 5.10342e-01
1.76800e+00 5.23830e-01
1.77200e+00 5.33525e-01
1.77600e+00 5.35325e-01
1.78000e+00 5.35374e-01
1.78400e+00 5.35374e-01
1.78800e+00 5.35374e-01
1.79200e+00 5.35374e-01
1.79600e+00 5.35374e-01
1.80000e+00 5.35374e-01
1.80400e+00 5.35374e-01
1.80800e+00 5.35374e-01
1.81200e+00 5.35374e-01
1.81600e+00 5.35374e-01
1.82000e+00 5.35374e-01
1.82400e+00 5.35373e-01
1.82800e+00 5.35368e-01
1.83200e+00 5.35324e-01
1.83600e+00 5.35007e-01
1.84000e+00 5.32877e-01
1.84400e+00 5.22495e-01
1.84800e+00 5.00389e-01
1.85200e+00 4.88559e-01
1.85600e+00 4.87718e-01
1.86000e+00 4.88011e-01
1.86400e+00 4.89943e-01
1.86800e+00 4.95497e-01
1.87200e+00 5.02276e-01
1.87600e+00 5.04567e-01
1.88000e+00 5.04697e-01
1.88400e+00 5.04697e-01
1.88800e+00 5.04697e-01
1.89200e+00 5.04697e-01
1.89600e+00 5.04697e-01
1.90000e+00 5.04697e-01
1.90400e+00 5.04697e-01
1.90800e+00 5.04697e-01
1.91200e+00 5.04697e-01
1.91600e+00 5.04697e-01
1.92000e+00 5.04697e-01
1.92400e+00 5.04697e-01
1.92800e+00 5.04698e-01
1.93200e+00 5.04699e-01
1.93600e+00 5.04700e-01
1.94000e+00 5.04704e-01
1.94400e+00 5.04715e-01
1.94800e+00 5.04741e-01
1.95200e+00 5.04814e-01
1.95600e+00 5.05032e-01
1.96000e+00 5.05699e-01
1.96400e+00 5.07689e-01
1.96800e+00 5.12639e-01
1.97200e+00 5.19775e-01
1.97600e+00 5.23260e-01
1.98000e+00 5.23598e-01
1.98400e+00 5.23602e-01
1.98800e+00 5.23602e-01
1.99200e+00 5.23613e-01
1.99600e+00 5.23614e-01
