0.00000e+00 4.56605e-01
4.00000e-03 4.56605e-01
8.00000e-03 4.56609e-01
1.20000e-02 4.56677e-01
1.60000e-02 4.57287e-01
2.00000e-02 4.60674e-01
2.40000e-02 4.72449e-01
2.80000e-02 4.95197e-01
3.20000e-02 5.11030e-01
3.60000e-02 5.12876e-01
4.00000e-02 5.12125e-01
4.40000e-02 5.03882e-01
4.80000e-02 4.70900e-01
5.20000e-02 4.37294e-01
5.60000e-02 4.31946e-01
6.00000e-02 4.32406e-01
6.40000e-02 4.35703e-01
6.80000e-02 4.44997e-01
7.20000e-02 4.62483e-01
7.60000e-02 4.87185e-01
8.00000e-02 5.08231e-01
8.40000e-02 5.15292e-01
8.80000e-02 5.16214e-01
9.20000e-02 5.16513e-01
9.60000e-02 5.16988e-01
1.00000e-01 5.18290e-01
1.04000e-01 5.21812e-01
1.08000e-01 5.30403e-01
1.12000e-01 5.48768e-01
1.16000e-01 5.75170e-01
1.20000e-01 5.88893e-01
1.24000e-01 5.89914e-01
1.28000e-01 5.88811e-01
1.32000e-01 5.76261e-01
1.36000e-01 5.30102e-01
1.40000e-01 4.85023e-01
1.44000e-01 4.66593e-01
1.48000e-01 4.51509e-01
1.52000e-01 4.32234e-01
1.56000e-01 4.22279e-01
1.60000e-01 4.21384e-01
1.64000e-01 4.21488e-01
1.68000e-01 4.22213e-01
1.72000e-01 4.24444e-01
1.76000e-01 4.29034e-01
1.80000e-01 4.36431e-01
1.84000e-01 4.46932e-01
1.88000e-01 4.61359e-01
1.92000e-01 4.79814e-01
1.96000e-01 4.95540e-01
2.00000e-01 5.00659e-01
2.04000e-01 5.01071e-01
2.08000e-01 5.01104e-01
2.12000e-01 5.01136e-01
2.16000e-01 5.01223e-01
2.20000e-01 5.01487e-01
2.24000e-01 5.02212e-01
2.28000e-01 5.04035e-01
2.32000e-01 5.08417e-01
2.36000e-01 5.18406e-01
2.40000e-01 5.35932e-01
2.44000e-01 5.49610e-01
2.48000e-01 5.51800e-01
2.52000e-01 5.51518e-01
2.56000e-01 5.47780e-01
2.60000e-01 5.30469e-01
2.64000e-01 5.07564e-01
2.68000e-01 5.02485e-01
2.72000e-01 5.02885e-01
2.76000e-01 5.05798e-01
2.80000e-01 5.08322e-01
2.84000e-01 5.07997e-01
2.88000e-01 5.02580e-01
2.92000e-01 4.83944e-01
2.96000e-01 4.68349e-01
3.00000e-01 4.66376e-01
3.04000e-01 4.66378e-01
3.08000e-01 4.66222e-01
3.12000e-01 4.64133e-01
3.16000e-01 4.52654e-01
3.20000e-01 4.28628e-01
3.24000e-01 4.15958e-01
3.28000e-01 4.14944e-01
3.32000e-01 4.15047e-01
3.36000e-01 4.15714e-01
3.40000e-01 4.17582e-01
3.44000e-01 4.21011e-01
3.48000e-01 4.25827e-01
3.52000e-01 4.31482e-01
3.56000e-01 4.37432e-01
3.60000e-01 4.43350e-01
3.64000e-01 4.49116e-01
3.68000e-01 4.54709e-01
3.72000e-01 4.60135e-01
3.76000e-01 4.65394e-01
3.80000e-01 4.70477e-01
3.84000e-01 4.75373e-01
3.88000e-01 4.80076e-01
3.92000e-01 4.84591e-01
3.96000e-01 4.88956e-01
4.00000e-01 4.93275e-01
4.04000e-01 4.97795e-01
4.08000e-01 5.03056e-01
4.12000e-01 5.10227e-01
4.16000e-01 5.21629e-01
4.20000e-01 5.39295e-01
4.24000e-01 5.55808e-01
4.28000e-01 5.60693e-01
4.32000e-01 5.60924e-01
4.36000e-01 5.60898e-01
4.40000e-01 5.60502e-01
4.44000e-01 5.56739e-01
4.48000e-01 5.35524e-01
4.52000e-01 4.95601e-01
4.56000e-01 4.80067e-01
4.60000e-01 4.79335e-01
4.64000e-01 4.79488e-01
4.68000e-01 4.80424e-01
4.72000e-01 4.83240e-01
4.76000e-01 4.89600e-01
4.80000e-01 5.01826e-01
4.84000e-01 5.18841e-01
4.88000e-01 5.29379e-01
4.92000e-01 5.31004e-01
4.96000e-01 5.31042e-01
5.00000e-01 5.31045e-01
5.04000e-01 5.31053e-01
5.08000e-01 5.31118e-01
5.12000e-01 5.31322e-01
5.16000e-01 5.31369e-01
5.20000e-01 5.31060e-01
5.24000e-01 5.26846e-01
5.28000e-01 4.98349e-01
5.32000e-01 4.41618e-01
5.36000e-01 4.20685e-01
5.40000e-01 4.19980e-01
5.44000e-01 4.20692e-01
5.48000e-01 4.23200e-01
5.52000e-01 4.26440e-01
5.56000e-01 4.28425e-01
5.60000e-01 4.29427e-01
5.64000e-01 4.30341e-01
5.68000e-01 4.31838e-01
5.72000e-01 4.34831e-01
5.76000e-01 4.40455e-01
5.80000e-01 4.47794e-01
5.84000e-01 4.51880e-01
5.88000e-01 4.52456e-01
5.92000e-01 4.52473e-01
5.96000e-01 4.52476e-01
6.00000e-01 4.52483e-01
6.04000e-01 4.52504e-01
6.08000e-01 4.52567e-01
6.12000e-01 4.52724e-01
6.16000e-01 4.53066e-01
6.20000e-01 4.53716e-01
6.24000e-01 4.54807e-01
6.28000e-01 4.56458e-01
6.32000e-01 4.58821e-01
6.36000e-01 4.62268e-01
6.40000e-01 4.67720e-01
6.44000e-01 4.76826e-01
6.48000e-01 4.89488e-01
6.52000e-01 4.98340e-01
6.56000e-01 5.00063e-01
6.60000e-01 5.00116e-01
6.64000e-01 5.00116e-01
6.68000e-01 5.00116e-01
6.72000e-01 5.00116e-01
6.76000e-01 5.00117e-01
6.80000e-01 5.00117e-01
6.84000e-01 5.00121e-01
6.88000e-01 5.00135e-01
6.92000e-01 5.00190e-01
6.96000e-01 5.00398e-01
7.00000e-01 5.01174e-01
7.04000e-01 5.03735e-01
7.08000e-01 5.09343e-01
7.12000e-01 5.13921e-01
7.16000e-01 5.14538e-01
7.20000e-01 5.14296e-01
7.24000e-01 5.12088e-01
7.28000e-01 5.03847e-01
7.32000e-01 4.93164e-01
7.36000e-01 4.90188e-01
7.40000e-01 4.90152e-01
7.44000e-01 4.90548e-01
7.48000e-01 4.92227e-01
7.52000e-01 4.94933e-01
7.56000e-01 4.96172e-01
7.60000e-01 4.96280e-01
7.64000e-01 4.96285e-01
7.68000e-01 4.96289e-01
7.72000e-01 4.96303e-01
7.76000e-01 4.96349e-01
7.80000e-01 4.96476e-01
7.84000e-01 4.96785e-01
7.88000e-01 4.97435e-01
7.92000e-01 4.98634e-01
7.96000e-01 5.00545e-01
8.00000e-01 5.03128e-01
8.04000e-01 5.06092e-01
8.08000e-01 5.09125e-01
8.12000e-01 5.12232e-01
8.16000e-01 5.15916e-01
8.20000e-01 5.21425e-01
8.24000e-01 5.31309e-01
8.28000e-01 5.47535e-01
8.32000e-01 5.61343e-01
8.36000e-01 5.64319e-01
8.40000e-01 5.64299e-01
8.44000e-01 5.62636e-01
8.48000e-01 5.45576e-01
8.52000e-01 4.86721e-01
8.56000e-01 4.46489e-01
8.60000e-01 4.42898e-01
8.64000e-01 4.43311e-01
8.68000e-01 4.45910e-01
8.72000e-01 4.53185e-01
8.76000e-01 4.65266e-01
8.80000e-01 4.74374e-01
8.84000e-01 4.76276e-01
8.88000e-01 4.76346e-01
8.92000e-01 4.76350e-01
8.96000e-01 4.76354e-01
9.00000e-01 4.76370e-01
9.04000e-01 4.76419e-01
9.08000e-01 4.76554e-01
9.12000e-01 4.76869e-01
9.16000e-01 4.77498e-01
9.20000e-01 4.78562e-01
9.24000e-01 4.80148e-01
9.28000e-01 4.82471e-01
9.32000e-01 4.86222e-01
9.36000e-01 4.92634e-01
9.40000e-01 5.00883e-01
9.44000e-01 5.05376e-01
9.48000e-01 5.05964e-01
9.52000e-01 5.05978e-01
9.56000e-01 5.05981e-01
9.60000e-01 5.05987e-01
9.64000e-01 5.06011e-01
9.68000e-01 5.06112e-01
9.72000e-01 5.06514e-01
9.76000e-01 5.08016e-01
9.80000e-01 5.12581e-01
9.84000e-01 5.19882e-01
9.88000e-01 5.22891e-01
9.92000e-01 5.22878e-01
9.96000e-01 5.21169e-01
1.00000e+00 5.11885e-01
1.00400e+00 4.93643e-01
1.00800e+00 4.84918e-01
1.01200e+00 4.84339e-01
1.01600e+00 4.84447e-01
1.02000e+00 4.85194e-01
1.02400e+00 4.87783e-01
1.02800e+00 4.94412e-01
1.03200e+00 5.07481e-01
1.03600e+00 5.22315e-01
1.04000e+00 5.27979e-01
1.04400e+00 5.28395e-01
1.04800e+00 5.28398e-01
1.05200e+00 5.28398e-01
1.05600e+00 5.28398e-01
1.06000e+00 5.28398e-01
1.06400e+00 5.28398e-01
1.06800e+00 5.28398e-01
1.07200e+00 5.28398e-01
1.07600e+00 5.28398e-01
1.08000e+00 5.28398e-01
1.08400e+00 5.28398e-01
1.08800e+00 5.28398e-01
1.09200e+00 5.28399e-01
1.09600e+00 5.28402e-01
1.10000e+00 5.28414e-01
1.10400e+00 5.28462e-01
1.10800e+00 5.28651e-01
1.11200e+00 5.29367e-01
1.11600e+00 5.31643e-01
1.12000e+00 5.36102e-01
1.12400e+00 5.39320e-01
1.12800e+00 5.39825e-01
1.13200e+00 5.39835e-01
1.13600e+00 5.39835e-01
1.14000e+00 5.39835e-01
1.14400e+00 5.39835e-01
1.14800e+00 5.39836e-01
1.15200e+00 5.39838e-01
1.15600e+00 5.39847e-01
1.16000e+00 5.39890e-01
1.16400e+00 5.40098e-01
1.16800e+00 5.41031e-01
1.17200e+00 5.44356e-01
1.17600e+00 5.50160e-01
1.18000e+00 5.52551e-01
1.18400e+00 5.52502e-01
1.18800e+00 5.50656e-01
1.19200e+00 5.40832e-01
1.19600e+00 5.22896e-01
1.20000e+00 5.15032e-01
1.20400e+00 5.14252e-01
1.20800e+00 5.13955e-01
1.21200e+00 5.12800e-01
1.21600e+00 5.06346e-01
1.22000e+00 4.86288e-01
1.22400e+00 4.66853e-01
1.22800e+00 4.63181e-01
1.23200e+00 4.63148e-01
1.23600e+00 4.63395e-01
1.24000e+00 4.64379e-01
1.24400e+00 4.66588e-01
1.24800e+00 4.70359e-01
1.25200e+00 4.76400e-01
1.25600e+00 4.85810e-01
1.26000e+00 4.95920e-01
1.26400e+00 4.99886e-01
1.26800e+00 5.00135e-01
1.27200e+00 5.00026e-01
1.27600e+00 4.98966e-01
1.28000e+00 4.93378e-01
1.28400e+00 4.78008e-01
1.28800e+00 4.64056e-01
1.29200e+00 4.61382e-01
1.29600e+00 4.61322e-01
1.30000e+00 4.61331e-01
1.30400e+00 4.61394e-01
1.30800e+00 4.61617e-01
1.31200e+00 4.62258e-01
1.31600e+00 4.63932e-01
1.32000e+00 4.67737e-01
1.32400e+00 4.73492e-01
1.32800e+00 4.77026e-01
1.33200e+00 4.77543e-01
1.33600e+00 4.77553e-01
1.34000e+00 4.77553e-01
1.34400e+00 4.77553e-01
1.34800e+00 4.77553e-01
1.35200e+00 4.77553e-01
1.35600e+00 4.77554e-01
1.36000e+00 4.77554e-01
1.36400e+00 4.77556e-01
1.36800e+00 4.77562e-01
1.37200e+00 4.77576e-01
1.37600e+00 4.77608e-01
1.38000e+00 4.77671e-01
1.38400e+00 4.77783e-01
1.38800e+00 4.77984e-01
1.39200e+00 4.78419e-01
1.39600e+00 4.79614e-01
1.40000e+00 4.82998e-01
1.40400e+00 4.88753e-01
1.40800e+00 4.91268e-01
1.41200e+00 4.91134e-01
1.41600e+00 4.88260e-01
1.42000e+00 4.73888e-01
1.42400e+00 4.49220e-01
1.42800e+00 4.39593e-01
1.43200e+00 4.39170e-01
1.43600e+00 4.39473e-01
1.44000e+00 4.41122e-01
1.44400e+00 4.45897e-01
1.44800e+00 4.55289e-01
1.45200e+00 4.65344e-01
1.45600e+00 4.68950e-01
1.46000e+00 4.69204e-01
1.46400e+00 4.69206e-01
1.46800e+00 4.69206e-01
1.47200e+00 4.69206e-01
1.47600e+00 4.69206e-01
1.48000e+00 4.69206e-01
1.48400e+00 4.69207e-01
1.48800e+00 4.69207e-01
1.49200e+00 4.69207e-01
1.49600e+00 4.69209e-01
1.50000e+00 4.69214e-01
1.50400e+00 4.69225e-01
1.50800e+00 4.69251e-01
1.51200e+00 4.69307e-01
1.51600e+00 4.69425e-01
1.52000e+00 4.69656e-01
1.52400e+00 4.70082e-01
1.52800e+00 4.70805e-01
1.53200e+00 4.71941e-01
1.53600e+00 4.73617e-01
1.54000e+00 4.76010e-01
1.54400e+00 4.79394e-01
1.54800e+00 4.83911e-01
1.55200e+00 4.88668e-01
1.55600e+00 4.91724e-01
1.56000e+00 4.92855e-01
1.56400e+00 4.93308e-01
1.56800e+00 4.93750e-01
1.57200e+00 4.94662e-01
1.57600e+00 4.96984e-01
1.58000e+00 5.01232e-01
1.58400e+00 5.04217e-01
1.58800e+00 5.04602e-01
1.59200e+00 5.04530e-01
1.59600e+00 5.03728e-01
1.60000e+00 4.99106e-01
1.60400e+00 4.84461e-01
1.60800e+00 4.68133e-01
1.61200e+00 4.64091e-01
1.61600e+00 4.63970e-01
1.62000e+00 4.63999e-01
1.62400e+00 4.64182e-01
1.62800e+00 4.64750e-01
1.63200e+00 4.65992e-01
1.63600e+00 4.68080e-01
1.64000e+00 4.70937e-01
1.64400e+00 4.74413e-01
1.64800e+00 4.78734e-01
1.65200e+00 4.84924e-01
1.65600e+00 4.94833e-01
1.66000e+00 5.07992e-01
1.66400e+00 5.16247e-01
1.66800e+00 5.17585e-01
1.67200e+00 5.17616e-01
1.67600e+00 5.17616e-01
1.68000e+00 5.17615e-01
1.68400e+00 5.17606e-01
1.68800e+00 5.17537e-01
1.69200e+00 5.17043e-01
1.69600e+00 5.13860e-01
1.70000e+00 4.99684e-01
1.70400e+00 4.73971e-01
1.70800e+00 4.62567e-01
1.71200e+00 4.61824e-01
1.71600e+00 4.61878e-01
1.72000e+00 4.62296e-01
1.72400e+00 4.63816e-01
1.72800e+00 4.67875e-01
1.73200e+00 4.76228e-01
1.73600e+00 4.86361e-01
1.74000e+00 4.90720e-01
1.74400e+00 4.91107e-01
1.74800e+00 4.91111e-01
1.75200e+00 4.91111e-01
1.75600e+00 4.91111e-01
1.76000e+00 4.91111e-01
1.76400e+00 4.91112e-01
1.76800e+00 4.91115e-01
1.77200e+00 4.91123e-01
1.77600e+00 4.91143e-01
1.78000e+00 4.91193e-01
1.78400e+00 4.91303e-01
1.78800e+00 4.91523e-01
1.79200e+00 4.91919e-01
1.79600e+00 4.92573e-01
1.80000e+00 4.93595e-01
1.80400e+00 4.95212e-01
1.80800e+00 4.97990e-01
1.81200e+00 5.03285e-01
1.81600e+00 5.13362e-01
1.82000e+00 5.27000e-01
1.82400e+00 5.34444e-01
1.82800e+00 5.35360e-01
1.83200e+00 5.35374e-01
1.83600e+00 5.35374e-01
1.84000e+00 5.35374e-01
1.84400e+00 5.35374e-01
1.84800e+00 5.35374e-01
1.85200e+00 5.35374e-01
1.85600e+00 5.35374e-01
1.86000e+00 5.35374e-01
1.86400e+00 5.35374e-01
1.86800e+00 5.35374e-01
1.87200e+00 5.35374e-01
1.87600e+00 5.35372e-01
1.88000e+00 5.35358e-01
1.88400e+00 5.35258e-01
1.88800e+00 5.34543e-01
1.89200e+00 5.30200e-01
1.89600e+00 5.14245e-01
1.90000e+00 4.94131e-01
1.90400e+00 4.88979e-01
1.90800e+00 4.88936e-01
1.91200e+00 4.89661e-01
1.91600e+00 4.92862e-01
1.92000e+00 4.99356e-01
1.92400e+00 5.03967e-01
1.92800e+00 5.04683e-01
1.93200e+00 5.04697e-01
1.93600e+00 5.04697e-01
1.94000e+00 5.04697e-01
1.94400e+00 5.04697e-01
1.94800e+00 5.04697e-01
1.95200e+00 5.04697e-01
1.95600e+00 5.04697e-01
1.96000e+00 5.04697e-01
1.96400e+00 5.04697e-01
1.96800e+00 5.04697e-01
1.97200e+00 5.04697e-01
1.97600e+00 5.04697e-01
1.98000e+00 5.04698e-01
1.98400e+00 5.04699e-01
1.98800e+00 5.04700e-01
1.99200e+00 5.04727e-01
1.99600e+00 5.04729e-01
