0.00000e+00 5.71712e-01
4.00000e-03 5.71712e-01
8.00000e-03 5.71712e-01
1.20000e-02 5.71707e-01
1.60000e-02 5.71597e-01
2.00000e-02 5.69793e-01
2.40000e-02 5.52144e-01
2.80000e-02 4.95475e-01
3.20000e-02 4.60342e-01
3.60000e-02 4.57709e-01
4.00000e-02 4.58315e-01
4.40000e-02 4.61992e-01
4.80000e-02 4.72966e-01
5.20000e-02 4.93314e-01
5.60000e-02 5.09030e-01
6.00000e-02 5.11162e-01
6.40000e-02 5.10049e-01
6.80000e-02 4.98824e-01
7.20000e-02 4.62828e-01
7.60000e-02 4.36304e-01
8.00000e-02 4.33681e-01
8.40000e-02 4.34346e-01
8.80000e-02 4.38043e-01
9.20000e-02 4.47366e-01
9.60000e-02 4.63842e-01
1.00000e-01 4.86864e-01
1.04000e-01 5.07684e-01
1.08000e-01 5.15457e-01
1.12000e-01 5.16423e-01
1.16000e-01 5.16616e-01
1.20000e-01 5.16851e-01
1.24000e-01 5.17459e-01
1.28000e-01 5.19117e-01
1.32000e-01 5.23231e-01
1.36000e-01 5.32689e-01
1.40000e-01 5.52099e-01
1.44000e-01 5.77443e-01
1.48000e-01 5.88043e-01
1.52000e-01 5.88455e-01
1.56000e-01 5.86465e-01
1.60000e-01 5.69405e-01
1.64000e-01 5.15740e-01
1.68000e-01 4.57151e-01
1.72000e-01 4.29226e-01
1.76000e-01 4.22178e-01
1.80000e-01 4.21612e-01
1.84000e-01 4.21651e-01
1.88000e-01 4.22005e-01
1.92000e-01 4.23320e-01
1.96000e-01 4.26420e-01
2.00000e-01 4.31854e-01
2.04000e-01 4.39750e-01
2.08000e-01 4.50391e-01
2.12000e-01 4.64824e-01
2.16000e-01 4.82928e-01
2.20000e-01 4.97050e-01
2.24000e-01 5.00879e-01
2.28000e-01 5.01109e-01
2.32000e-01 5.01125e-01
2.36000e-01 5.01143e-01
2.40000e-01 5.01195e-01
2.44000e-01 5.01357e-01
2.48000e-01 5.01815e-01
2.52000e-01 5.02981e-01
2.56000e-01 5.05792e-01
2.60000e-01 5.12402e-01
2.64000e-01 5.26249e-01
2.68000e-01 5.43780e-01
2.72000e-01 5.50599e-01
2.76000e-01 5.50825e-01
2.80000e-01 5.49605e-01
2.84000e-01 5.40574e-01
2.88000e-01 5.17828e-01
2.92000e-01 5.05036e-01
2.96000e-01 5.04370e-01
3.00000e-01 5.05276e-01
3.04000e-01 5.06378e-01
3.08000e-01 5.06041e-01
3.12000e-01 5.01627e-01
3.16000e-01 4.85966e-01
3.20000e-01 4.70203e-01
3.24000e-01 4.66627e-01
3.28000e-01 4.66002e-01
3.32000e-01 4.64779e-01
3.36000e-01 4.58743e-01
3.40000e-01 4.39753e-01
3.44000e-01 4.19719e-01
3.48000e-01 4.15317e-01
3.52000e-01 4.15262e-01
3.56000e-01 4.15565e-01
3.60000e-01 4.16763e-01
3.64000e-01 4.19413e-01
3.68000e-01 4.23618e-01
3.72000e-01 4.28931e-01
3.76000e-01 4.34708e-01
3.80000e-01 4.40482e-01
3.84000e-01 4.46057e-01
3.88000e-01 4.51415e-01
3.92000e-01 4.56595e-01
3.96000e-01 4.61631e-01
4.00000e-01 4.66532e-01
4.04000e-01 4.71291e-01
4.08000e-01 4.75894e-01
4.12000e-01 4.80328e-01
4.16000e-01 4.84589e-01
4.20000e-01 4.88691e-01
4.24000e-01 4.92689e-01
4.28000e-01 4.96736e-01
4.32000e-01 5.01169e-01
4.36000e-01 5.06725e-01
4.40000e-01 5.14986e-01
4.44000e-01 5.28677e-01
4.48000e-01 5.47368e-01
4.52000e-01 5.59076e-01
4.56000e-01 5.60835e-01
4.60000e-01 5.60853e-01
4.64000e-01 5.60711e-01
4.68000e-01 5.59092e-01
4.72000e-01 5.47246e-01
4.76000e-01 5.10557e-01
4.80000e-01 4.82984e-01
4.84000e-01 4.79694e-01
4.88000e-01 4.79734e-01
4.92000e-01 4.80290e-01
4.96000e-01 4.82313e-01
5.00000e-01 4.87308e-01
5.04000e-01 4.97531e-01
5.08000e-01 5.13876e-01
5.12000e-01 5.27541e-01
5.16000e-01 5.30899e-01
5.20000e-01 5.31042e-01
5.24000e-01 5.31048e-01
5.28000e-01 5.31061e-01
5.32000e-01 5.31130e-01
5.36000e-01 5.31207e-01
5.40000e-01 5.31183e-01
5.44000e-01 5.30581e-01
5.48000e-01 5.24020e-01
5.52000e-01 4.87924e-01
5.56000e-01 4.34847e-01
5.60000e-01 4.21266e-01
5.64000e-01 4.21098e-01
5.68000e-01 4.22033e-01
5.72000e-01 4.24672e-01
5.76000e-01 4.27592e-01
5.80000e-01 4.29251e-01
5.84000e-01 4.30211e-01
5.88000e-01 4.31304e-01
5.92000e-01 4.33327e-01
5.96000e-01 4.37456e-01
6.00000e-01 4.44357e-01
6.04000e-01 4.50585e-01
6.08000e-01 4.52374e-01
6.12000e-01 4.52475e-01
6.16000e-01 4.52478e-01
6.20000e-01 4.52481e-01
6.24000e-01 4.52490e-01
6.28000e-01 4.52518e-01
6.32000e-01 4.52596e-01
6.36000e-01 4.52782e-01
6.40000e-01 4.53171e-01
6.44000e-01 4.53888e-01
6.48000e-01 4.55056e-01
6.52000e-01 4.56780e-01
6.56000e-01 4.59210e-01
6.60000e-01 4.62732e-01
6.64000e-01 4.68311e-01
6.68000e-01 4.77612e-01
6.72000e-01 4.90251e-01
6.76000e-01 4.98592e-01
6.80000e-01 5.00076e-01
6.84000e-01 5.00116e-01
6.88000e-01 5.00116e-01
6.92000e-01 5.00116e-01
6.96000e-01 5.00116e-01
7.00000e-01 5.00116e-01
7.04000e-01 5.00117e-01
7.08000e-01 5.00120e-01
7.12000e-01 5.00130e-01
7.16000e-01 5.00170e-01
7.20000e-01 5.00323e-01
7.24000e-01 5.00899e-01
7.28000e-01 5.02876e-01
7.32000e-01 5.07765e-01
7.36000e-01 5.12925e-01
7.40000e-01 5.14046e-01
7.44000e-01 5.13933e-01
7.48000e-01 5.12539e-01
7.52000e-01 5.06264e-01
7.56000e-01 4.95351e-01
7.60000e-01 4.90684e-01
7.64000e-01 4.90458e-01
7.68000e-01 4.90671e-01
7.72000e-01 4.91857e-01
7.76000e-01 4.94369e-01
7.80000e-01 4.96046e-01
7.84000e-01 4.96281e-01
7.88000e-01 4.96289e-01
7.92000e-01 4.96292e-01
7.96000e-01 4.96301e-01
8.00000e-01 4.96331e-01
8.04000e-01 4.96419e-01
8.08000e-01 4.96640e-01
8.12000e-01 4.97130e-01
8.16000e-01 4.98083e-01
8.20000e-01 4.99699e-01
8.24000e-01 5.02048e-01
8.28000e-01 5.04927e-01
8.32000e-01 5.07949e-01
8.36000e-01 5.10892e-01
8.40000e-01 5.13963e-01
8.44000e-01 5.17902e-01
8.48000e-01 5.24390e-01
8.52000e-01 5.36515e-01
8.56000e-01 5.53692e-01
8.60000e-01 5.62904e-01
8.64000e-01 5.63609e-01
8.68000e-01 5.62632e-01
8.72000e-01 5.50054e-01
8.76000e-01 4.96784e-01
8.80000e-01 4.50026e-01
8.84000e-01 4.44295e-01
8.88000e-01 4.44685e-01
8.92000e-01 4.47508e-01
8.96000e-01 4.55602e-01
9.00000e-01 4.67938e-01
9.04000e-01 4.75282e-01
9.08000e-01 4.76327e-01
9.12000e-01 4.76351e-01
9.16000e-01 4.76354e-01
9.20000e-01 4.76358e-01
9.24000e-01 4.76372e-01
9.28000e-01 4.76417e-01
9.32000e-01 4.76539e-01
9.36000e-01 4.76825e-01
9.40000e-01 4.77394e-01
9.44000e-01 4.78361e-01
9.48000e-01 4.79825e-01
9.52000e-01 4.82017e-01
9.56000e-01 4.85650e-01
9.60000e-01 4.92018e-01
9.64000e-01 5.00479e-01
9.68000e-01 5.05300e-01
9.72000e-01 5.05966e-01
9.76000e-01 5.05981e-01
9.80000e-01 5.05983e-01
9.84000e-01 5.05987e-01
9.88000e-01 5.06002e-01
9.92000e-01 5.06068e-01
9.96000e-01 5.06333e-01
1.00000e+00 5.07358e-01
1.00400e+00 5.10756e-01
1.00800e+00 5.17549e-01
1.01200e+00 5.21798e-01
1.01600e+00 5.22053e-01
1.02000e+00 5.21158e-01
1.02400e+00 5.14900e-01
1.02800e+00 4.98282e-01
1.03200e+00 4.86118e-01
1.03600e+00 4.84595e-01
1.04000e+00 4.84635e-01
1.04400e+00 4.85093e-01
1.04800e+00 4.86907e-01
1.05200e+00 4.91906e-01
1.05600e+00 5.02775e-01
1.06000e+00 5.18283e-01
1.06400e+00 5.27201e-01
1.06800e+00 5.28378e-01
1.07200e+00 5.28398e-01
1.07600e+00 5.28398e-01
1.08000e+00 5.28398e-01
1.08400e+00 5.28398e-01
1.08800e+00 5.28398e-01
1.09200e+00 5.28398e-01
1.09600e+00 5.28398e-01
1.10000e+00 5.28398e-01
1.10400e+00 5.28398e-01
1.10800e+00 5.28398e-01
1.11200e+00 5.28398e-01
1.11600e+00 5.28398e-01
1.12000e+00 5.28400e-01
1.12400e+00 5.28404e-01
1.12800e+00 5.28424e-01
1.13200e+00 5.28505e-01
1.13600e+00 5.28819e-01
1.14000e+00 5.29955e-01
1.14400e+00 5.33129e-01
1.14800e+00 5.37698e-01
1.15200e+00 5.39680e-01
1.15600e+00 5.39834e-01
1.16000e+00 5.39835e-01
1.16400e+00 5.39835e-01
1.16800e+00 5.39835e-01
1.17200e+00 5.39835e-01
1.17600e+00 5.39836e-01
1.18000e+00 5.39839e-01
1.18400e+00 5.39854e-01
1.18800e+00 5.39926e-01
1.19200e+00 5.40269e-01
1.19600e+00 5.41749e-01
1.20000e+00 5.46099e-01
1.20400e+00 5.50904e-01
1.20800e+00 5.51774e-01
1.21200e+00 5.51424e-01
1.21600e+00 5.47909e-01
1.22000e+00 5.34768e-01
1.22400e+00 5.19134e-01
1.22800e+00 5.14522e-01
1.23200e+00 5.13648e-01
1.23600e+00 5.12306e-01
1.24000e+00 5.06151e-01
1.24400e+00 4.86938e-01
1.24800e+00 4.67402e-01
1.25200e+00 4.63413e-01
1.25600e+00 4.63358e-01
1.26000e+00 4.63550e-01
1.26400e+00 4.64379e-01
1.26800e+00 4.66367e-01
1.27200e+00 4.70049e-01
1.27600e+00 4.76395e-01
1.28000e+00 4.86453e-01
1.28400e+00 4.96475e-01
1.28800e+00 4.99810e-01
1.29200e+00 4.99963e-01
1.29600e+00 4.99835e-01
1.30000e+00 4.98678e-01
1.30400e+00 4.92775e-01
1.30800e+00 4.77170e-01
1.31200e+00 4.63775e-01
1.31600e+00 4.61389e-01
1.32000e+00 4.61341e-01
1.32400e+00 4.61352e-01
1.32800e+00 4.61423e-01
1.33200e+00 4.61678e-01
1.33600e+00 4.62422e-01
1.34000e+00 4.64378e-01
1.34400e+00 4.68672e-01
1.34800e+00 4.74429e-01
1.35200e+00 4.77252e-01
1.35600e+00 4.77549e-01
1.36000e+00 4.77553e-01
1.36400e+00 4.77553e-01
1.36800e+00 4.77553e-01
1.37200e+00 4.77553e-01
1.37600e+00 4.77553e-01
1.38000e+00 4.77554e-01
1.38400e+00 4.77554e-01
1.38800e+00 4.77556e-01
1.39200e+00 4.77561e-01
1.39600e+00 4.77574e-01
1.40000e+00 4.77603e-01
1.40400e+00 4.77658e-01
1.40800e+00 4.77757e-01
1.41200e+00 4.77951e-01
1.41600e+00 4.78422e-01
1.42000e+00 4.79824e-01
1.42400e+00 4.83652e-01
1.42800e+00 4.88810e-01
1.43200e+00 4.90177e-01
1.43600e+00 4.89773e-01
1.44000e+00 4.85422e-01
1.44400e+00 4.67946e-01
1.44800e+00 4.45635e-01
1.45200e+00 4.39759e-01
1.45600e+00 4.39670e-01
1.46000e+00 4.40186e-01
1.46400e+00 4.42481e-01
1.46800e+00 4.48518e-01
1.47200e+00 4.58872e-01
1.47600e+00 4.67230e-01
1.48000e+00 4.69135e-01
1.48400e+00 4.69206e-01
1.48800e+00 4.69206e-01
1.49200e+00 4.69206e-01
1.49600e+00 4.69206e-01
1.50000e+00 4.69206e-01
1.50400e+00 4.69207e-01
1.50800e+00 4.69207e-01
1.51200e+00 4.69207e-01
1.51600e+00 4.69208e-01
1.52000e+00 4.69209e-01
1.52400e+00 4.69214e-01
1.52800e+00 4.69225e-01
1.53200e+00 4.69251e-01
1.53600e+00 4.69308e-01
1.54000e+00 4.69425e-01
1.54400e+00 4.69655e-01
1.54800e+00 4.70075e-01
1.55200e+00 4.70786e-01
1.55600e+00 4.71896e-01
1.56000e+00 4.73528e-01
1.56400e+00 4.75869e-01
1.56800e+00 4.79242e-01
1.57200e+00 4.83883e-01
1.57600e+00 4.88881e-01
1.58000e+00 4.92014e-01
1.58400e+00 4.93054e-01
1.58800e+00 4.93419e-01
1.59200e+00 4.93768e-01
1.59600e+00 4.94519e-01
1.60000e+00 4.96540e-01
1.60400e+00 5.00588e-01
1.60800e+00 5.03875e-01
1.61200e+00 5.04400e-01
1.61600e+00 5.04335e-01
1.62000e+00 5.03546e-01
1.62400e+00 4.98937e-01
1.62800e+00 4.84338e-01
1.63200e+00 4.68131e-01
1.63600e+00 4.64143e-01
1.64000e+00 4.64024e-01
1.64400e+00 4.64053e-01
1.64800e+00 4.64230e-01
1.65200e+00 4.64783e-01
1.65600e+00 4.65995e-01
1.66000e+00 4.68044e-01
1.66400e+00 4.70850e-01
1.66800e+00 4.74236e-01
1.67200e+00 4.78367e-01
1.67600e+00 4.84155e-01
1.68000e+00 4.93408e-01
1.68400e+00 5.06387e-01
1.68800e+00 5.15699e-01
1.69200e+00 5.17558e-01
1.69600e+00 5.17616e-01
1.70000e+00 5.17616e-01
1.70400e+00 5.17615e-01
1.70800e+00 5.17606e-01
1.71200e+00 5.17542e-01
1.71600e+00 5.17081e-01
1.72000e+00 5.14092e-01
1.72400e+00 5.00511e-01
1.72800e+00 4.74864e-01
1.73200e+00 4.62842e-01
1.73600e+00 4.61998e-01
1.74000e+00 4.62053e-01
1.74400e+00 4.62485e-01
1.74800e+00 4.64076e-01
1.75200e+00 4.68329e-01
1.75600e+00 4.76943e-01
1.76000e+00 4.86888e-01
1.76400e+00 4.90802e-01
1.76800e+00 4.91108e-01
1.77200e+00 4.91111e-01
1.77600e+00 4.91111e-01
1.78000e+00 4.91111e-01
1.78400e+00 4.91111e-01
1.78800e+00 4.91112e-01
1.79200e+00 4.91114e-01
1.79600e+00 4.91120e-01
1.80000e+00 4.91136e-01
1.80400e+00 4.91175e-01
1.80800e+00 4.91262e-01
1.81200e+00 4.91440e-01
1.81600e+00 4.91770e-01
1.82000e+00 4.92326e-01
1.82400e+00 4.93199e-01
1.82800e+00 4.94553e-01
1.83200e+00 4.96786e-01
1.83600e+00 5.00887e-01
1.84000e+00 5.08891e-01
1.84400e+00 5.21963e-01
1.84800e+00 5.32781e-01
1.85200e+00 5.35283e-01
1.85600e+00 5.35374e-01
1.86000e+00 5.35374e-01
1.86400e+00 5.35374e-01
1.86800e+00 5.35374e-01
1.87200e+00 5.35374e-01
1.87600e+00 5.35374e-01
1.88000e+00 5.35374e-01
1.88400e+00 5.35374e-01
1.88800e+00 5.35374e-01
1.89200e+00 5.35374e-01
1.89600e+00 5.35374e-01
1.90000e+00 5.35373e-01
1.90400e+00 5.35365e-01
1.90800e+00 5.35309e-01
1.91200e+00 5.34906e-01
1.91600e+00 5.32298e-01
1.92000e+00 5.20605e-01
1.92400e+00 4.99216e-01
1.92800e+00 4.89935e-01
1.93200e+00 4.89481e-01
1.93600e+00 4.89858e-01
1.94000e+00 4.92065e-01
1.94400e+00 4.97694e-01
1.94800e+00 5.03272e-01
1.95200e+00 5.04647e-01
1.95600e+00 5.04697e-01
1.96000e+00 5.04697e-01
1.96400e+00 5.04697e-01
1.96800e+00 5.04697e-01
1.97200e+00 5.04697e-01
1.97600e+00 5.04697e-01
1.98000e+00 5.04697e-01
1.98400e+00 5.04697e-01
1.98800e+00 5.04697e-01
1.99200e+00 5.04697e-01
1.99600e+00 5.04697e-01
