0.00000e+00 5.17455e-01
4.00000e-03 5.17455e-01
8.00000e-03 5.17455e-01
1.20000e-02 5.17463e-01
1.60000e-02 5.17568e-01
2.00000e-02 5.18415e-01
2.40000e-02 5.22851e-01
2.80000e-02 5.37323e-01
3.20000e-02 5.60225e-01
3.60000e-02 5.70690e-01
4.00000e-02 5.71287e-01
4.40000e-02 5.70493e-01
4.80000e-02 5.60343e-01
5.20000e-02 5.13662e-01
5.60000e-02 4.66325e-01
6.00000e-02 4.59324e-01
6.40000e-02 4.59698e-01
6.80000e-02 4.62826e-01
7.20000e-02 4.73010e-01
7.60000e-02 4.92464e-01
8.00000e-02 5.07233e-01
8.40000e-02 5.08967e-01
8.80000e-02 5.07308e-01
9.20000e-02 4.92980e-01
9.60000e-02 4.56448e-01
1.00000e-01 4.36466e-01
1.04000e-01 4.35257e-01
1.08000e-01 4.36092e-01
1.12000e-01 4.40058e-01
1.16000e-01 4.49267e-01
1.20000e-01 4.64888e-01
1.24000e-01 4.86692e-01
1.28000e-01 5.07348e-01
1.32000e-01 5.15608e-01
1.36000e-01 5.16581e-01
1.40000e-01 5.16700e-01
1.44000e-01 5.16814e-01
1.48000e-01 5.17100e-01
1.52000e-01 5.17900e-01
1.56000e-01 5.19936e-01
1.60000e-01 5.24669e-01
1.64000e-01 5.35185e-01
1.68000e-01 5.55830e-01
1.72000e-01 5.79379e-01
1.76000e-01 5.86905e-01
1.80000e-01 5.86939e-01
1.84000e-01 5.82336e-01
1.88000e-01 5.40257e-01
1.92000e-01 4.52464e-01
1.96000e-01 4.22856e-01
2.00000e-01 4.21687e-01
2.04000e-01 4.21714e-01
2.08000e-01 4.21933e-01
2.12000e-01 4.22743e-01
2.16000e-01 4.24791e-01
2.20000e-01 4.28716e-01
2.24000e-01 4.34776e-01
2.28000e-01 4.42946e-01
2.32000e-01 4.53635e-01
2.36000e-01 4.68092e-01
2.40000e-01 4.85775e-01
2.44000e-01 4.98223e-01
2.48000e-01 5.01003e-01
2.52000e-01 5.01128e-01
2.56000e-01 5.01136e-01
2.60000e-01 5.01146e-01
2.64000e-01 5.01177e-01
2.68000e-01 5.01278e-01
2.72000e-01 5.01569e-01
2.76000e-01 5.02319e-01
2.80000e-01 5.04136e-01
2.84000e-01 5.08440e-01
2.88000e-01 5.18230e-01
2.92000e-01 5.35232e-01
2.96000e-01 5.48044e-01
3.00000e-01 5.49960e-01
3.04000e-01 5.49661e-01
3.08000e-01 5.45997e-01
3.12000e-01 5.30154e-01
3.16000e-01 5.10176e-01
3.20000e-01 5.05498e-01
3.24000e-01 5.05428e-01
3.28000e-01 5.05414e-01
3.32000e-01 5.04932e-01
3.36000e-01 5.01150e-01
3.40000e-01 4.87979e-01
3.44000e-01 4.72248e-01
3.48000e-01 4.66713e-01
3.52000e-01 4.64864e-01
3.56000e-01 4.61354e-01
3.60000e-01 4.48983e-01
3.64000e-01 4.26833e-01
3.68000e-01 4.16279e-01
3.72000e-01 4.15524e-01
3.76000e-01 4.15632e-01
3.80000e-01 4.16306e-01
3.84000e-01 4.18188e-01
3.88000e-01 4.21656e-01
3.92000e-01 4.26507e-01
3.96000e-01 4.32101e-01
4.00000e-01 4.37809e-01
4.04000e-01 4.43291e-01
4.08000e-01 4.48483e-01
4.12000e-01 4.53443e-01
4.16000e-01 4.58248e-01
4.20000e-01 4.62939e-01
4.24000e-01 4.67529e-01
4.28000e-01 4.72005e-01
4.32000e-01 4.76353e-01
4.36000e-01 4.80554e-01
4.40000e-01 4.84597e-01
4.44000e-01 4.88482e-01
4.48000e-01 4.92235e-01
4.52000e-01 4.95944e-01
4.56000e-01 4.99818e-01
4.60000e-01 5.04321e-01
4.64000e-01 5.10454e-01
4.68000e-01 5.20314e-01
4.72000e-01 5.36450e-01
4.76000e-01 5.53848e-01
4.80000e-01 5.60346e-01
4.84000e-01 5.60768e-01
4.88000e-01 5.60727e-01
4.92000e-01 5.60082e-01
4.96000e-01 5.54305e-01
5.00000e-01 5.27253e-01
5.04000e-01 4.90005e-01
5.08000e-01 4.80283e-01
5.12000e-01 4.80061e-01
5.16000e-01 4.80339e-01
5.20000e-01 4.81710e-01
5.24000e-01 4.85515e-01
5.28000e-01 4.93832e-01
5.32000e-01 5.08646e-01
5.36000e-01 5.24597e-01
5.40000e-01 5.30580e-01
5.44000e-01 5.31038e-01
5.48000e-01 5.31056e-01
5.52000e-01 5.31077e-01
5.56000e-01 5.31122e-01
5.60000e-01 5.31130e-01
5.64000e-01 5.31059e-01
5.68000e-01 5.30040e-01
5.72000e-01 5.20321e-01
5.76000e-01 4.77158e-01
5.80000e-01 4.30327e-01
5.84000e-01 4.22098e-01
5.88000e-01 4.22162e-01
5.92000e-01 4.23310e-01
5.96000e-01 4.25970e-01
6.00000e-01 4.28567e-01
6.04000e-01 4.30035e-01
6.08000e-01 4.31067e-01
6.12000e-01 4.32489e-01
6.16000e-01 4.35314e-01
6.20000e-01 4.40815e-01
6.24000e-01 4.48057e-01
6.28000e-01 4.51959e-01
6.32000e-01 4.52468e-01
6.36000e-01 4.52480e-01
6.40000e-01 4.52482e-01
6.44000e-01 4.52485e-01
6.48000e-01 4.52497e-01
6.52000e-01 4.52534e-01
6.56000e-01 4.52629e-01
6.60000e-01 4.52847e-01
6.64000e-01 4.53288e-01
6.68000e-01 4.54073e-01
6.72000e-01 4.55318e-01
6.76000e-01 4.57112e-01
6.80000e-01 4.59603e-01
6.84000e-01 4.63197e-01
6.88000e-01 4.68904e-01
6.92000e-01 4.78395e-01
6.96000e-01 4.90981e-01
7.00000e-01 4.98814e-01
7.04000e-01 5.00086e-01
7.08000e-01 5.00116e-01
7.12000e-01 5.00116e-01
7.16000e-01 5.00116e-01
7.20000e-01 5.00116e-01
7.24000e-01 5.00116e-01
7.28000e-01 5.00117e-01
7.32000e-01 5.00119e-01
7.36000e-01 5.00126e-01
7.40000e-01 5.00155e-01
7.44000e-01 5.00268e-01
7.48000e-01 5.00694e-01
7.52000e-01 5.02204e-01
7.56000e-01 5.06327e-01
7.60000e-01 5.11786e-01
7.64000e-01 5.13558e-01
7.68000e-01 5.13542e-01
7.72000e-01 5.12693e-01
7.76000e-01 5.08139e-01
7.80000e-01 4.97856e-01
7.84000e-01 4.91376e-01
7.88000e-01 4.90748e-01
7.92000e-01 4.90855e-01
7.96000e-01 4.91645e-01
8.00000e-01 4.93795e-01
8.04000e-01 4.95827e-01
8.08000e-01 4.96275e-01
8.12000e-01 4.96293e-01
8.16000e-01 4.96296e-01
8.20000e-01 4.96301e-01
8.24000e-01 4.96320e-01
8.28000e-01 4.96380e-01
8.32000e-01 4.96537e-01
8.36000e-01 4.96900e-01
8.40000e-01 4.97640e-01
8.44000e-01 4.98971e-01
8.48000e-01 5.01043e-01
8.52000e-01 5.03780e-01
8.56000e-01 5.06818e-01
8.60000e-01 5.09761e-01
8.64000e-01 5.12560e-01
8.68000e-01 5.15635e-01
8.72000e-01 5.20031e-01
8.76000e-01 5.28107e-01
8.80000e-01 5.43080e-01
8.84000e-01 5.58509e-01
8.88000e-01 5.62242e-01
8.92000e-01 5.61779e-01
8.96000e-01 5.53107e-01
9.00000e-01 5.07307e-01
9.04000e-01 4.54927e-01
9.08000e-01 4.46035e-01
9.12000e-01 4.46349e-01
9.16000e-01 4.49295e-01
9.20000e-01 4.57938e-01
9.24000e-01 4.69998e-01
9.28000e-01 4.75763e-01
9.32000e-01 4.76345e-01
9.36000e-01 4.76355e-01
9.40000e-01 4.76356e-01
9.44000e-01 4.76360e-01
9.48000e-01 4.76373e-01
9.52000e-01 4.76415e-01
9.56000e-01 4.76526e-01
9.60000e-01 4.76785e-01
9.64000e-01 4.77300e-01
9.68000e-01 4.78180e-01
9.72000e-01 4.79530e-01
9.76000e-01 4.81597e-01
9.80000e-01 4.85098e-01
9.84000e-01 4.91376e-01
9.88000e-01 5.00008e-01
9.92000e-01 5.05197e-01
9.96000e-01 5.05965e-01
1.00000e+00 5.05983e-01
1.00400e+00 5.05984e-01
1.00800e+00 5.05987e-01
1.01200e+00 5.05997e-01
1.01600e+00 5.06039e-01
1.02000e+00 5.06215e-01
1.02400e+00 5.06911e-01
1.02800e+00 5.09372e-01
1.03200e+00 5.15261e-01
1.03600e+00 5.20524e-01
1.04000e+00 5.21252e-01
1.04400e+00 5.20803e-01
1.04800e+00 5.16804e-01
1.05200e+00 5.02962e-01
1.05600e+00 4.88074e-01
1.06000e+00 4.84879e-01
1.06400e+00 4.84845e-01
1.06800e+00 4.85105e-01
1.07200e+00 4.86343e-01
1.07600e+00 4.90035e-01
1.08000e+00 4.98715e-01
1.08400e+00 5.13493e-01
1.08800e+00 5.25588e-01
1.09200e+00 5.28303e-01
1.09600e+00 5.28398e-01
1.10000e+00 5.28398e-01
1.10400e+00 5.28398e-01
1.10800e+00 5.28398e-01
1.11200e+00 5.28398e-01
1.11600e+00 5.28398e-01
1.12000e+00 5.28398e-01
1.12400e+00 5.28398e-01
1.12800e+00 5.28398e-01
1.13200e+00 5.28398e-01
1.13600e+00 5.28398e-01
1.14000e+00 5.28398e-01
1.14400e+00 5.28399e-01
1.14800e+00 5.28401e-01
1.15200e+00 5.28409e-01
1.15600e+00 5.28443e-01
1.16000e+00 5.28577e-01
1.16400e+00 5.29092e-01
1.16800e+00 5.30837e-01
1.17200e+00 5.34879e-01
1.17600e+00 5.38839e-01
1.18000e+00 5.39801e-01
1.18400e+00 5.39835e-01
1.18800e+00 5.39835e-01
1.19200e+00 5.39835e-01
1.19600e+00 5.39835e-01
1.20000e+00 5.39835e-01
1.20400e+00 5.39837e-01
1.20800e+00 5.39842e-01
1.21200e+00 5.39866e-01
1.21600e+00 5.39987e-01
1.22000e+00 5.40559e-01
1.22400e+00 5.42810e-01
1.22800e+00 5.47754e-01
1.23200e+00 5.50837e-01
1.23600e+00 5.50988e-01
1.24000e+00 5.50151e-01
1.24400e+00 5.44472e-01
1.24800e+00 5.29525e-01
1.25200e+00 5.17223e-01
1.25600e+00 5.13655e-01
1.26000e+00 5.11479e-01
1.26400e+00 5.05296e-01
1.26800e+00 4.87065e-01
1.27200e+00 4.67838e-01
1.27600e+00 4.63618e-01
1.28000e+00 4.63543e-01
1.28400e+00 4.63696e-01
1.28800e+00 4.64402e-01
1.29200e+00 4.66208e-01
1.29600e+00 4.69813e-01
1.30000e+00 4.76437e-01
1.30400e+00 4.87042e-01
1.30800e+00 4.96885e-01
1.31200e+00 4.99708e-01
1.31600e+00 4.99804e-01
1.32000e+00 4.99656e-01
1.32400e+00 4.98394e-01
1.32800e+00 4.92150e-01
1.33200e+00 4.76314e-01
1.33600e+00 4.63508e-01
1.34000e+00 4.61398e-01
1.34400e+00 4.61361e-01
1.34800e+00 4.61374e-01
1.35200e+00 4.61457e-01
1.35600e+00 4.61753e-01
1.36000e+00 4.62625e-01
1.36400e+00 4.64907e-01
1.36800e+00 4.69675e-01
1.37200e+00 4.75241e-01
1.37600e+00 4.77390e-01
1.38000e+00 4.77552e-01
1.38400e+00 4.77553e-01
1.38800e+00 4.77553e-01
1.39200e+00 4.77553e-01
1.39600e+00 4.77553e-01
1.40000e+00 4.77553e-01
1.40400e+00 4.77554e-01
1.40800e+00 4.77554e-01
1.41200e+00 4.77556e-01
1.41600e+00 4.77561e-01
1.42000e+00 4.77573e-01
1.42400e+00 4.77598e-01
1.42800e+00 4.77646e-01
1.43200e+00 4.77736e-01
1.43600e+00 4.77930e-01
1.44000e+00 4.78462e-01
1.44400e+00 4.80134e-01
1.44800e+00 4.84326e-01
1.45200e+00 4.88516e-01
1.45600e+00 4.89084e-01
1.46000e+00 4.88312e-01
1.46400e+00 4.81983e-01
1.46800e+00 4.61901e-01
1.47200e+00 4.43307e-01
1.47600e+00 4.40148e-01
1.48000e+00 4.40207e-01
1.48400e+00 4.41033e-01
1.48800e+00 4.44128e-01
1.49200e+00 4.51512e-01
1.49600e+00 4.62158e-01
1.50000e+00 4.68333e-01
1.50400e+00 4.69190e-01
1.50800e+00 4.69206e-01
1.51200e+00 4.69206e-01
1.51600e+00 4.69206e-01
1.52000e+00 4.69206e-01
1.52400e+00 4.69206e-01
1.52800e+00 4.69207e-01
1.53200e+00 4.69207e-01
1.53600e+00 4.69207e-01
1.54000e+00 4.69208e-01
1.54400e+00 4.69210e-01
1.54800e+00 4.69214e-01
1.55200e+00 4.69226e-01
1.55600e+00 4.69252e-01
1.56000e+00 4.69308e-01
1.56400e+00 4.69425e-01
1.56800e+00 4.69654e-01
1.57200e+00 4.70069e-01
1.57600e+00 4.70767e-01
1.58000e+00 4.71851e-01
1.58400e+00 4.73439e-01
1.58800e+00 4.75729e-01
1.59200e+00 4.79096e-01
1.59600e+00 4.83877e-01
1.60000e+00 4.89128e-01
1.60400e+00 4.92313e-01
1.60800e+00 4.93244e-01
1.61200e+00 4.93526e-01
1.61600e+00 4.93796e-01
1.62000e+00 4.94406e-01
1.62400e+00 4.96145e-01
1.62800e+00 4.99941e-01
1.63200e+00 5.03478e-01
1.63600e+00 5.04168e-01
1.64000e+00 5.04112e-01
1.64400e+00 5.03340e-01
1.64800e+00 4.98758e-01
1.65200e+00 4.84228e-01
1.65600e+00 4.68139e-01
1.66000e+00 4.64194e-01
1.66400e+00 4.64077e-01
1.66800e+00 4.64105e-01
1.67200e+00 4.64277e-01
1.67600e+00 4.64815e-01
1.68000e+00 4.66001e-01
1.68400e+00 4.68013e-01
1.68800e+00 4.70774e-01
1.69200e+00 4.74082e-01
1.69600e+00 4.78041e-01
1.70000e+00 4.83458e-01
1.70400e+00 4.92066e-01
1.70800e+00 5.04710e-01
1.71200e+00 5.14999e-01
1.71600e+00 5.17512e-01
1.72000e+00 5.17615e-01
1.72400e+00 5.17615e-01
1.72800e+00 5.17614e-01
1.73200e+00 5.17606e-01
1.73600e+00 5.17547e-01
1.74000e+00 5.17117e-01
1.74400e+00 5.14315e-01
1.74800e+00 5.01331e-01
1.75200e+00 4.75798e-01
1.75600e+00 4.63143e-01
1.76000e+00 4.62185e-01
1.76400e+00 4.62239e-01
1.76800e+00 4.62686e-01
1.77200e+00 4.64346e-01
1.77600e+00 4.68789e-01
1.78000e+00 4.77640e-01
1.78400e+00 4.87362e-01
1.78800e+00 4.90867e-01
1.79200e+00 4.91109e-01
1.79600e+00 4.91111e-01
1.80000e+00 4.91111e-01
1.80400e+00 4.91111e-01
1.80800e+00 4.91111e-01
1.81200e+00 4.91112e-01
1.81600e+00 4.91113e-01
1.82000e+00 4.91118e-01
1.82400e+00 4.91130e-01
1.82800e+00 4.91160e-01
1.83200e+00 4.91229e-01
1.83600e+00 4.91373e-01
1.84000e+00 4.91646e-01
1.84400e+00 4.92118e-01
1.84800e+00 4.92867e-01
1.85200e+00 4.94016e-01
1.85600e+00 4.95843e-01
1.86000e+00 4.99053e-01
1.86400e+00 5.05267e-01
1.86800e+00 5.16634e-01
1.87200e+00 5.29711e-01
1.87600e+00 5.34957e-01
1.88000e+00 5.35370e-01
1.88400e+00 5.35374e-01
1.88800e+00 5.35374e-01
1.89200e+00 5.35374e-01
1.89600e+00 5.35374e-01
1.90000e+00 5.35374e-01
1.90400e+00 5.35374e-01
1.90800e+00 5.35374e-01
1.91200e+00 5.35374e-01
1.91600e+00 5.35374e-01
1.92000e+00 5.35374e-01
1.92400e+00 5.35373e-01
1.92800e+00 5.35369e-01
1.93200e+00 5.35338e-01
1.93600e+00 5.35114e-01
1.94000e+00 5.33600e-01
1.94400e+00 5.25708e-01
1.94800e+00 5.05667e-01
1.95200e+00 4.91588e-01
1.95600e+00 4.90033e-01
1.96000e+00 4.90209e-01
1.96400e+00 4.91625e-01
1.96800e+00 4.96141e-01
1.97200e+00 5.02227e-01
1.97600e+00 5.04544e-01
1.98000e+00 5.04696e-01
1.98400e+00 5.04697e-01
1.98800e+00 5.04697e-01
1.99200e+00 5.04697e-01
1.99600e+00 5.04697e-01
