0.00000e+00 4.45385e-01
4.00000e-03 4.45385e-01
8.00000e-03 4.45392e-01
1.20000e-02 4.45504e-01
1.60000e-02 4.46443e-01
2.00000e-02 4.51210e-01
2.40000e-02 4.66351e-01
2.80000e-02 4.93746e-01
3.20000e-02 5.13559e-01
3.60000e-02 5.17351e-01
4.00000e-02 5.17809e-01
4.40000e-02 5.18324e-01
4.80000e-02 5.20130e-01
5.20000e-02 5.26406e-01
5.60000e-02 5.42373e-01
6.00000e-02 5.62985e-01
6.40000e-02 5.69902e-01
6.80000e-02 5.69861e-01
7.20000e-02 5.64977e-01
7.60000e-02 5.31626e-01
8.00000e-02 4.76458e-01
8.40000e-02 4.61453e-01
8.80000e-02 4.61416e-01
9.20000e-02 4.63862e-01
9.60000e-02 4.73169e-01
1.00000e-01 4.91772e-01
1.04000e-01 5.05209e-01
1.08000e-01 5.06431e-01
1.12000e-01 5.04056e-01
1.16000e-01 4.86779e-01
1.20000e-01 4.51641e-01
1.24000e-01 4.37159e-01
1.28000e-01 4.36664e-01
1.32000e-01 4.37666e-01
1.36000e-01 4.41810e-01
1.40000e-01 4.50843e-01
1.44000e-01 4.65744e-01
1.48000e-01 4.86612e-01
1.52000e-01 5.07115e-01
1.56000e-01 5.15715e-01
1.60000e-01 5.16686e-01
1.64000e-01 5.16759e-01
1.68000e-01 5.16812e-01
1.72000e-01 5.16945e-01
1.76000e-01 5.17333e-01
1.80000e-01 5.18362e-01
1.84000e-01 5.20796e-01
1.88000e-01 5.26201e-01
1.92000e-01 5.38018e-01
1.96000e-01 5.60292e-01
2.00000e-01 5.81002e-01
2.04000e-01 5.84597e-01
2.08000e-01 5.82235e-01
2.12000e-01 5.49636e-01
2.16000e-01 4.61011e-01
2.20000e-01 4.23664e-01
2.24000e-01 4.21851e-01
2.28000e-01 4.21921e-01
2.32000e-01 4.22382e-01
2.36000e-01 4.23754e-01
2.40000e-01 4.26591e-01
2.44000e-01 4.31248e-01
2.48000e-01 4.37724e-01
2.52000e-01 4.45987e-01
2.56000e-01 4.56664e-01
2.60000e-01 4.71159e-01
2.64000e-01 4.88322e-01
2.68000e-01 4.99103e-01
2.72000e-01 5.01072e-01
2.76000e-01 5.01138e-01
2.80000e-01 5.01142e-01
2.84000e-01 5.01148e-01
2.88000e-01 5.01167e-01
2.92000e-01 5.01230e-01
2.96000e-01 5.01415e-01
3.00000e-01 5.01900e-01
3.04000e-01 5.03084e-01
3.08000e-01 5.05887e-01
3.12000e-01 5.12456e-01
3.16000e-01 5.26110e-01
3.20000e-01 5.42806e-01
3.24000e-01 5.48879e-01
3.28000e-01 5.49049e-01
3.32000e-01 5.47920e-01
3.36000e-01 5.40067e-01
3.40000e-01 5.20225e-01
3.44000e-01 5.07201e-01
3.48000e-01 5.05469e-01
3.52000e-01 5.05178e-01
3.56000e-01 5.04488e-01
3.60000e-01 5.01083e-01
3.64000e-01 4.90018e-01
3.68000e-01 4.74928e-01
3.72000e-01 4.66915e-01
3.76000e-01 4.62349e-01
3.80000e-01 4.53944e-01
3.84000e-01 4.35150e-01
3.88000e-01 4.18801e-01
3.92000e-01 4.15823e-01
3.96000e-01 4.15814e-01
4.00000e-01 4.16141e-01
4.04000e-01 4.17358e-01
4.08000e-01 4.20028e-01
4.12000e-01 4.24258e-01
4.16000e-01 4.29566e-01
4.20000e-01 4.35228e-01
4.24000e-01 4.40714e-01
4.28000e-01 4.45837e-01
4.32000e-01 4.50637e-01
4.36000e-01 4.55227e-01
4.40000e-01 4.59696e-01
4.44000e-01 4.64087e-01
4.48000e-01 4.68406e-01
4.52000e-01 4.72637e-01
4.56000e-01 4.76759e-01
4.60000e-01 4.80755e-01
4.64000e-01 4.84608e-01
4.68000e-01 4.88311e-01
4.72000e-01 4.91870e-01
4.76000e-01 4.95330e-01
4.80000e-01 4.98821e-01
4.84000e-01 5.02632e-01
4.88000e-01 5.07388e-01
4.92000e-01 5.14462e-01
4.96000e-01 5.26460e-01
5.00000e-01 5.44381e-01
5.04000e-01 5.57924e-01
5.08000e-01 5.60595e-01
5.12000e-01 5.60639e-01
5.16000e-01 5.60413e-01
5.20000e-01 5.57873e-01
5.24000e-01 5.41474e-01
5.28000e-01 5.02477e-01
5.32000e-01 4.81924e-01
5.36000e-01 4.80422e-01
5.40000e-01 4.80540e-01
5.44000e-01 4.81393e-01
5.48000e-01 4.84178e-01
5.52000e-01 4.90767e-01
5.56000e-01 5.03565e-01
5.60000e-01 5.20499e-01
5.64000e-01 5.29786e-01
5.68000e-01 5.31028e-01
5.72000e-01 5.31085e-01
5.76000e-01 5.31103e-01
5.80000e-01 5.31106e-01
5.84000e-01 5.31097e-01
5.88000e-01 5.30959e-01
5.92000e-01 5.29340e-01
5.96000e-01 5.15589e-01
6.00000e-01 4.66787e-01
6.04000e-01 4.27662e-01
6.08000e-01 4.22989e-01
6.12000e-01 4.23179e-01
6.16000e-01 4.24488e-01
6.20000e-01 4.27095e-01
6.24000e-01 4.29430e-01
6.28000e-01 4.30843e-01
6.32000e-01 4.32072e-01
6.36000e-01 4.34023e-01
6.40000e-01 4.37949e-01
6.44000e-01 4.44629e-01
6.48000e-01 4.50682e-01
6.52000e-01 4.52390e-01
6.56000e-01 4.52481e-01
6.60000e-01 4.52483e-01
6.64000e-01 4.52484e-01
6.68000e-01 4.52489e-01
6.72000e-01 4.52505e-01
6.76000e-01 4.52552e-01
6.80000e-01 4.52667e-01
6.84000e-01 4.52921e-01
6.88000e-01 4.53416e-01
6.92000e-01 4.54272e-01
6.96000e-01 4.55592e-01
7.00000e-01 4.57453e-01
7.04000e-01 4.60001e-01
7.08000e-01 4.63664e-01
7.12000e-01 4.69497e-01
7.16000e-01 4.79173e-01
7.20000e-01 4.91678e-01
7.24000e-01 4.99008e-01
7.28000e-01 5.00093e-01
7.32000e-01 5.00116e-01
7.36000e-01 5.00116e-01
7.40000e-01 5.00116e-01
7.44000e-01 5.00116e-01
7.48000e-01 5.00116e-01
7.52000e-01 5.00117e-01
7.56000e-01 5.00118e-01
7.60000e-01 5.00124e-01
7.64000e-01 5.00145e-01
7.68000e-01 5.00227e-01
7.72000e-01 5.00543e-01
7.76000e-01 5.01686e-01
7.80000e-01 5.05069e-01
7.84000e-01 5.10525e-01
7.88000e-01 5.13048e-01
7.92000e-01 5.13140e-01
7.96000e-01 5.12653e-01
8.00000e-01 5.09477e-01
8.04000e-01 5.00461e-01
8.08000e-01 4.92384e-01
8.12000e-01 4.91031e-01
8.16000e-01 4.91070e-01
8.20000e-01 4.91568e-01
8.24000e-01 4.93281e-01
8.28000e-01 4.95500e-01
8.32000e-01 4.96251e-01
8.36000e-01 4.96296e-01
8.40000e-01 4.96299e-01
8.44000e-01 4.96302e-01
8.48000e-01 4.96315e-01
8.52000e-01 4.96354e-01
8.56000e-01 4.96464e-01
8.60000e-01 4.96729e-01
8.64000e-01 4.97294e-01
8.68000e-01 4.98363e-01
8.72000e-01 5.00136e-01
8.76000e-01 5.02661e-01
8.80000e-01 5.05678e-01
8.84000e-01 5.08709e-01
8.88000e-01 5.11459e-01
8.92000e-01 5.14097e-01
8.96000e-01 5.17291e-01
9.00000e-01 5.22611e-01
9.04000e-01 5.33461e-01
9.08000e-01 5.50548e-01
9.12000e-01 5.59608e-01
9.16000e-01 5.59836e-01
9.20000e-01 5.54394e-01
9.24000e-01 5.17468e-01
9.28000e-01 4.61546e-01
9.32000e-01 4.48198e-01
9.36000e-01 4.48333e-01
9.40000e-01 4.51215e-01
9.44000e-01 4.60004e-01
9.48000e-01 4.71430e-01
9.52000e-01 4.76003e-01
9.56000e-01 4.76353e-01
9.60000e-01 4.76357e-01
9.64000e-01 4.76359e-01
9.68000e-01 4.76362e-01
9.72000e-01 4.76374e-01
9.76000e-01 4.76412e-01
9.80000e-01 4.76514e-01
9.84000e-01 4.76748e-01
9.88000e-01 4.77215e-01
9.92000e-01 4.78016e-01
9.96000e-01 4.79262e-01
1.00000e+00 4.81207e-01
1.00400e+00 4.84566e-01
1.00800e+00 4.90716e-01
1.01200e+00 4.99475e-01
1.01600e+00 5.05065e-01
1.02000e+00 5.05963e-01
1.02400e+00 5.05985e-01
1.02800e+00 5.05986e-01
1.03200e+00 5.05987e-01
1.03600e+00 5.05994e-01
1.04000e+00 5.06021e-01
1.04400e+00 5.06138e-01
1.04800e+00 5.06609e-01
1.05200e+00 5.08360e-01
1.05600e+00 5.13188e-01
1.06000e+00 5.19033e-01
1.06400e+00 5.20466e-01
1.06800e+00 5.20266e-01
1.07200e+00 5.17821e-01
1.07600e+00 5.07142e-01
1.08000e+00 4.90899e-01
1.08400e+00 4.85278e-01
1.08800e+00 4.85057e-01
1.09200e+00 4.85193e-01
1.09600e+00 4.86010e-01
1.10000e+00 4.88685e-01
1.10400e+00 4.95411e-01
1.10800e+00 5.08486e-01
1.11200e+00 5.22859e-01
1.11600e+00 5.28045e-01
1.12000e+00 5.28395e-01
1.12400e+00 5.28398e-01
1.12800e+00 5.28398e-01
1.13200e+00 5.28398e-01
1.13600e+00 5.28398e-01
1.14000e+00 5.28398e-01
1.14400e+00 5.28398e-01
1.14800e+00 5.28398e-01
1.15200e+00 5.28398e-01
1.15600e+00 5.28398e-01
1.16000e+00 5.28398e-01
1.16400e+00 5.28398e-01
1.16800e+00 5.28398e-01
1.17200e+00 5.28399e-01
1.17600e+00 5.28403e-01
1.18000e+00 5.28417e-01
1.18400e+00 5.28473e-01
1.18800e+00 5.28696e-01
1.19200e+00 5.29527e-01
1.19600e+00 5.32077e-01
1.20000e+00 5.36645e-01
1.20400e+00 5.39472e-01
1.20800e+00 5.39830e-01
1.21200e+00 5.39835e-01
1.21600e+00 5.39835e-01
1.22000e+00 5.39835e-01
1.22400e+00 5.39835e-01
1.22800e+00 5.39836e-01
1.23200e+00 5.39837e-01
1.23600e+00 5.39846e-01
1.24000e+00 5.39888e-01
1.24400e+00 5.40095e-01
1.24800e+00 5.41034e-01
1.25200e+00 5.44192e-01
1.25600e+00 5.48872e-01
1.26000e+00 5.50339e-01
1.26400e+00 5.50242e-01
1.26800e+00 5.48652e-01
1.27200e+00 5.41045e-01
1.27600e+00 5.26422e-01
1.28000e+00 5.16188e-01
1.28400e+00 5.10938e-01
1.28800e+00 5.03297e-01
1.29200e+00 4.85685e-01
1.29600e+00 4.67812e-01
1.30000e+00 4.63788e-01
1.30400e+00 4.63706e-01
1.30800e+00 4.63832e-01
1.31200e+00 4.64445e-01
1.31600e+00 4.66108e-01
1.32000e+00 4.69656e-01
1.32400e+00 4.76520e-01
1.32800e+00 4.87557e-01
1.33200e+00 4.97167e-01
1.33600e+00 4.99592e-01
1.34000e+00 4.99652e-01
1.34400e+00 4.99482e-01
1.34800e+00 4.98108e-01
1.35200e+00 4.91500e-01
1.35600e+00 4.75449e-01
1.36000e+00 4.63259e-01
1.36400e+00 4.61410e-01
1.36800e+00 4.61382e-01
1.37200e+00 4.61399e-01
1.37600e+00 4.61496e-01
1.38000e+00 4.61844e-01
1.38400e+00 4.62871e-01
1.38800e+00 4.65522e-01
1.39200e+00 4.70718e-01
1.39600e+00 4.75912e-01
1.40000e+00 4.77470e-01
1.40400e+00 4.77553e-01
1.40800e+00 4.77553e-01
1.41200e+00 4.77553e-01
1.41600e+00 4.77553e-01
1.42000e+00 4.77553e-01
1.42400e+00 4.77553e-01
1.42800e+00 4.77554e-01
1.43200e+00 4.77554e-01
1.43600e+00 4.77556e-01
1.44000e+00 4.77560e-01
1.44400e+00 4.77571e-01
1.44800e+00 4.77593e-01
1.45200e+00 4.77635e-01
1.45600e+00 4.77719e-01
1.46000e+00 4.77925e-01
1.46400e+00 4.78549e-01
1.46800e+00 4.80551e-01
1.47200e+00 4.84910e-01
1.47600e+00 4.87913e-01
1.48000e+00 4.88033e-01
1.48400e+00 4.86654e-01
1.48800e+00 4.77850e-01
1.49200e+00 4.56224e-01
1.49600e+00 4.42083e-01
1.50000e+00 4.40636e-01
1.50400e+00 4.40805e-01
1.50800e+00 4.42034e-01
1.51200e+00 4.46099e-01
1.51600e+00 4.54768e-01
1.52000e+00 4.64854e-01
1.52400e+00 4.68878e-01
1.52800e+00 4.69203e-01
1.53200e+00 4.69206e-01
1.53600e+00 4.69206e-01
1.54000e+00 4.69206e-01
1.54400e+00 4.69206e-01
1.54800e+00 4.69206e-01
1.55200e+00 4.69207e-01
1.55600e+00 4.69207e-01
1.56000e+00 4.69207e-01
1.56400e+00 4.69208e-01
1.56800e+00 4.69210e-01
1.57200e+00 4.69215e-01
1.57600e+00 4.69226e-01
1.58000e+00 4.69252e-01
1.58400e+00 4.69309e-01
1.58800e+00 4.69426e-01
1.59200e+00 4.69653e-01
1.59600e+00 4.70063e-01
1.60000e+00 4.70749e-01
1.60400e+00 4.71807e-01
1.60800e+00 4.73350e-01
1.61200e+00 4.75592e-01
1.61600e+00 4.78962e-01
1.62000e+00 4.83903e-01
1.62400e+00 4.89413e-01
1.62800e+00 4.92609e-01
1.63200e+00 4.93415e-01
1.63600e+00 4.93625e-01
1.64000e+00 4.93828e-01
1.64400e+00 4.94319e-01
1.64800e+00 4.95802e-01
1.65200e+00 4.99310e-01
1.65600e+00 5.03029e-01
1.66000e+00 5.03905e-01
1.66400e+00 5.03859e-01
1.66800e+00 5.03106e-01
1.67200e+00 4.98564e-01
1.67600e+00 4.84128e-01
1.68000e+00 4.68155e-01
1.68400e+00 4.64245e-01
1.68800e+00 4.64129e-01
1.69200e+00 4.64155e-01
1.69600e+00 4.64322e-01
1.70000e+00 4.64847e-01
1.70400e+00 4.66008e-01
1.70800e+00 4.67988e-01
1.71200e+00 4.70709e-01
1.71600e+00 4.73949e-01
1.72000e+00 4.77752e-01
1.72400e+00 4.82830e-01
1.72800e+00 4.90813e-01
1.73200e+00 5.02990e-01
1.73600e+00 5.14130e-01
1.74000e+00 5.17435e-01
1.74400e+00 5.17614e-01
1.74800e+00 5.17615e-01
1.75200e+00 5.17614e-01
1.75600e+00 5.17607e-01
1.76000e+00 5.17551e-01
1.76400e+00 5.17151e-01
1.76800e+00 5.14529e-01
1.77200e+00 5.02141e-01
1.77600e+00 4.76774e-01
1.78000e+00 4.63471e-01
1.78400e+00 4.62384e-01
1.78800e+00 4.62438e-01
1.79200e+00 4.62898e-01
1.79600e+00 4.64625e-01
1.80000e+00 4.69253e-01
1.80400e+00 4.78316e-01
1.80800e+00 4.87784e-01
1.81200e+00 4.90918e-01
1.81600e+00 4.91110e-01
1.82000e+00 4.91111e-01
1.82400e+00 4.91111e-01
1.82800e+00 4.91111e-01
1.83200e+00 4.91111e-01
1.83600e+00 4.91112e-01
1.84000e+00 4.91113e-01
1.84400e+00 4.91116e-01
1.84800e+00 4.91126e-01
1.85200e+00 4.91149e-01
1.85600e+00 4.91203e-01
1.86000e+00 4.91318e-01
1.86400e+00 4.91544e-01
1.86800e+00 4.91942e-01
1.87200e+00 4.92586e-01
1.87600e+00 4.93570e-01
1.88000e+00 4.95091e-01
1.88400e+00 4.97645e-01
1.88800e+00 5.02442e-01
1.89200e+00 5.11705e-01
1.89600e+00 5.25271e-01
1.90000e+00 5.33983e-01
1.90400e+00 5.35345e-01
1.90800e+00 5.35374e-01
1.91200e+00 5.35374e-01
1.91600e+00 5.35374e-01
1.92000e+00 5.35374e-01
1.92400e+00 5.35374e-01
1.92800e+00 5.35374e-01
1.93200e+00 5.35374e-01
1.93600e+00 5.35374e-01
1.94000e+00 5.35374e-01
1.94400e+00 5.35374e-01
1.94800e+00 5.35374e-01
1.95200e+00 5.35371e-01
1.95600e+00 5.35354e-01
1.96000e+00 5.35231e-01
1.96400e+00 5.34375e-01
1.96800e+00 5.29395e-01
1.97200e+00 5.12712e-01
1.97600e+00 4.94475e-01
1.98000e+00 4.90633e-01
1.98400e+00 4.90654e-01
1.98800e+00 4.91442e-01
1.99200e+00 4.96768e-01
1.99600e+00 4.97254e-01
