0.00000e+00 5.09995e-01
4.00000e-03 5.09995e-01
8.00000e-03 5.09994e-01
1.20000e-02 5.09970e-01
1.60000e-02 5.09614e-01
2.00000e-02 5.06181e-01
2.40000e-02 4.88180e-01
2.80000e-02 4.57315e-01
3.20000e-02 4.46777e-01
3.60000e-02 4.46604e-01
4.00000e-02 4.47958e-01
4.40000e-02 4.53586e-01
4.80000e-02 4.67338e-01
5.20000e-02 4.90292e-01
5.60000e-02 5.10778e-01
6.00000e-02 5.17201e-01
6.40000e-02 5.18020e-01
6.80000e-02 5.18397e-01
7.20000e-02 5.19221e-01
7.60000e-02 5.21931e-01
8.00000e-02 5.30157e-01
8.40000e-02 5.48292e-01
8.80000e-02 5.65092e-01
9.20000e-02 5.67693e-01
9.60000e-02 5.65890e-01
1.00000e-01 5.46012e-01
1.04000e-01 4.91699e-01
1.08000e-01 4.64723e-01
1.12000e-01 4.63551e-01
1.16000e-01 4.65281e-01
1.20000e-01 4.73558e-01
1.24000e-01 4.91005e-01
1.28000e-01 5.02867e-01
1.32000e-01 5.03621e-01
1.36000e-01 5.00364e-01
1.40000e-01 4.80536e-01
1.44000e-01 4.48194e-01
1.48000e-01 4.38060e-01
1.52000e-01 4.37921e-01
1.56000e-01 4.39087e-01
1.60000e-01 4.43348e-01
1.64000e-01 4.52188e-01
1.68000e-01 4.66475e-01
1.72000e-01 4.86581e-01
1.76000e-01 5.06915e-01
1.80000e-01 5.15767e-01
1.84000e-01 5.16748e-01
1.88000e-01 5.16794e-01
1.92000e-01 5.16819e-01
1.96000e-01 5.16880e-01
2.00000e-01 5.17066e-01
2.04000e-01 5.17589e-01
2.08000e-01 5.18862e-01
2.12000e-01 5.21695e-01
2.16000e-01 5.28003e-01
2.20000e-01 5.42487e-01
2.24000e-01 5.66844e-01
2.28000e-01 5.79044e-01
2.32000e-01 5.78291e-01
2.36000e-01 5.54973e-01
2.40000e-01 4.71657e-01
2.44000e-01 4.25296e-01
2.48000e-01 4.22189e-01
2.52000e-01 4.22301e-01
2.56000e-01 4.23037e-01
2.60000e-01 4.25026e-01
2.64000e-01 4.28646e-01
2.68000e-01 4.33910e-01
2.72000e-01 4.40625e-01
2.76000e-01 4.48859e-01
2.80000e-01 4.59490e-01
2.84000e-01 4.74018e-01
2.88000e-01 4.90553e-01
2.92000e-01 4.99741e-01
2.96000e-01 5.01109e-01
3.00000e-01 5.01143e-01
3.04000e-01 5.01146e-01
3.08000e-01 5.01149e-01
3.12000e-01 5.01161e-01
3.16000e-01 5.01200e-01
3.20000e-01 5.01318e-01
3.24000e-01 5.01633e-01
3.28000e-01 5.02410e-01
3.32000e-01 5.04247e-01
3.36000e-01 5.08573e-01
3.40000e-01 5.18374e-01
3.44000e-01 5.34936e-01
3.48000e-01 5.46692e-01
3.52000e-01 5.48313e-01
3.56000e-01 5.48065e-01
3.60000e-01 5.45163e-01
3.64000e-01 5.32325e-01
3.68000e-01 5.13090e-01
3.72000e-01 5.05917e-01
3.76000e-01 5.04876e-01
3.80000e-01 5.04034e-01
3.84000e-01 5.01226e-01
3.88000e-01 4.92535e-01
3.92000e-01 4.78751e-01
3.96000e-01 4.67341e-01
4.00000e-01 4.56854e-01
4.04000e-01 4.40475e-01
4.08000e-01 4.22280e-01
4.12000e-01 4.16293e-01
4.16000e-01 4.16032e-01
4.20000e-01 4.16164e-01
4.24000e-01 4.16881e-01
4.28000e-01 4.18792e-01
4.32000e-01 4.22274e-01
4.36000e-01 4.27128e-01
4.40000e-01 4.32677e-01
4.44000e-01 4.38220e-01
4.48000e-01 4.43381e-01
4.52000e-01 4.48115e-01
4.56000e-01 4.52540e-01
4.60000e-01 4.56795e-01
4.64000e-01 4.60969e-01
4.68000e-01 4.65099e-01
4.72000e-01 4.69182e-01
4.76000e-01 4.73198e-01
4.80000e-01 4.77122e-01
4.84000e-01 4.80935e-01
4.88000e-01 4.84620e-01
4.92000e-01 4.88164e-01
4.96000e-01 4.91564e-01
5.00000e-01 4.94838e-01
5.04000e-01 4.98060e-01
5.08000e-01 5.01409e-01
5.12000e-01 5.05279e-01
5.16000e-01 5.10525e-01
5.20000e-01 5.19001e-01
5.24000e-01 5.33516e-01
5.28000e-01 5.51377e-01
5.32000e-01 5.59746e-01
5.36000e-01 5.60484e-01
5.40000e-01 5.60422e-01
5.44000e-01 5.59407e-01
5.48000e-01 5.50962e-01
5.52000e-01 5.18799e-01
5.56000e-01 4.86488e-01
5.60000e-01 4.80873e-01
5.64000e-01 4.80848e-01
5.68000e-01 4.81320e-01
5.72000e-01 4.83256e-01
5.76000e-01 4.88322e-01
5.80000e-01 4.98923e-01
5.84000e-01 5.15468e-01
5.88000e-01 5.28248e-01
5.92000e-01 5.31010e-01
5.96000e-01 5.31104e-01
6.00000e-01 5.31104e-01
6.04000e-01 5.31103e-01
6.08000e-01 5.31084e-01
6.12000e-01 5.30854e-01
6.16000e-01 5.28395e-01
6.20000e-01 5.09784e-01
6.24000e-01 4.57441e-01
6.28000e-01 4.26339e-01
6.32000e-01 4.23854e-01
6.36000e-01 4.24130e-01
6.40000e-01 4.25557e-01
6.44000e-01 4.28074e-01
6.48000e-01 4.30247e-01
6.52000e-01 4.31740e-01
6.56000e-01 4.33318e-01
6.60000e-01 4.36047e-01
6.64000e-01 4.41254e-01
6.68000e-01 4.48192e-01
6.72000e-01 4.51977e-01
6.76000e-01 4.52473e-01
6.80000e-01 4.52484e-01
6.84000e-01 4.52485e-01
6.88000e-01 4.52487e-01
6.92000e-01 4.52494e-01
6.96000e-01 4.52515e-01
7.00000e-01 4.52573e-01
7.04000e-01 4.52711e-01
7.08000e-01 4.53004e-01
7.12000e-01 4.53557e-01
7.16000e-01 4.54486e-01
7.20000e-01 4.55879e-01
7.24000e-01 4.57802e-01
7.28000e-01 4.60402e-01
7.32000e-01 4.64131e-01
7.36000e-01 4.70089e-01
7.40000e-01 4.79945e-01
7.44000e-01 4.92340e-01
7.48000e-01 4.99176e-01
7.52000e-01 5.00099e-01
7.56000e-01 5.00116e-01
7.60000e-01 5.00116e-01
7.64000e-01 5.00116e-01
7.68000e-01 5.00116e-01
7.72000e-01 5.00116e-01
7.76000e-01 5.00117e-01
7.80000e-01 5.00118e-01
7.84000e-01 5.00122e-01
7.88000e-01 5.00137e-01
7.92000e-01 5.00198e-01
7.96000e-01 5.00431e-01
8.00000e-01 5.01291e-01
8.04000e-01 5.04005e-01
8.08000e-01 5.09192e-01
8.12000e-01 5.12474e-01
8.16000e-01 5.12753e-01
8.20000e-01 5.12484e-01
8.24000e-01 5.10351e-01
8.28000e-01 5.02931e-01
8.32000e-01 4.93783e-01
8.36000e-01 4.91333e-01
8.40000e-01 4.91301e-01
8.44000e-01 4.91591e-01
8.48000e-01 4.92874e-01
8.52000e-01 4.95081e-01
8.56000e-01 4.96191e-01
8.60000e-01 4.96298e-01
8.64000e-01 4.96302e-01
8.68000e-01 4.96304e-01
8.72000e-01 4.96312e-01
8.76000e-01 4.96338e-01
8.80000e-01 4.96414e-01
8.84000e-01 4.96605e-01
8.88000e-01 4.97029e-01
8.92000e-01 4.97869e-01
8.96000e-01 4.99343e-01
9.00000e-01 5.01596e-01
9.04000e-01 5.04518e-01
9.08000e-01 5.07653e-01
9.12000e-01 5.10503e-01
9.16000e-01 5.12977e-01
9.20000e-01 5.15507e-01
9.24000e-01 5.19157e-01
9.28000e-01 5.26540e-01
9.32000e-01 5.41373e-01
9.36000e-01 5.55045e-01
9.40000e-01 5.56840e-01
9.44000e-01 5.53760e-01
9.48000e-01 5.26128e-01
9.52000e-01 4.69979e-01
9.56000e-01 4.50879e-01
9.60000e-01 4.50652e-01
9.64000e-01 4.53208e-01
9.68000e-01 4.61675e-01
9.72000e-01 4.72314e-01
9.76000e-01 4.76115e-01
9.80000e-01 4.76356e-01
9.84000e-01 4.76359e-01
9.88000e-01 4.76360e-01
9.92000e-01 4.76364e-01
9.96000e-01 4.76375e-01
1.00000e+00 4.76410e-01
1.00400e+00 4.76503e-01
1.00800e+00 4.76715e-01
1.01200e+00 4.77138e-01
1.01600e+00 4.77869e-01
1.02000e+00 4.79019e-01
1.02400e+00 4.80845e-01
1.02800e+00 4.84055e-01
1.03200e+00 4.90042e-01
1.03600e+00 4.98882e-01
1.04000e+00 5.04899e-01
1.04400e+00 5.05957e-01
1.04800e+00 5.05986e-01
1.05200e+00 5.05987e-01
1.05600e+00 5.05988e-01
1.06000e+00 5.05992e-01
1.06400e+00 5.06010e-01
1.06800e+00 5.06088e-01
1.07200e+00 5.06407e-01
1.07600e+00 5.07637e-01
1.08000e+00 5.11422e-01
1.08400e+00 5.17355e-01
1.08800e+00 5.19676e-01
1.09200e+00 5.19648e-01
1.09600e+00 5.18213e-01
1.10000e+00 5.10477e-01
1.10400e+00 4.94466e-01
1.10800e+00 4.85948e-01
1.11200e+00 4.85262e-01
1.11600e+00 4.85328e-01
1.12000e+00 4.85845e-01
1.12400e+00 4.87743e-01
1.12800e+00 4.92837e-01
1.13200e+00 5.03769e-01
1.13600e+00 5.18997e-01
1.14000e+00 5.27353e-01
1.14400e+00 5.28382e-01
1.14800e+00 5.28398e-01
1.15200e+00 5.28398e-01
1.15600e+00 5.28398e-01
1.16000e+00 5.28398e-01
1.16400e+00 5.28398e-01
1.16800e+00 5.28398e-01
1.17200e+00 5.28398e-01
1.17600e+00 5.28398e-01
1.18000e+00 5.28398e-01
1.18400e+00 5.28398e-01
1.18800e+00 5.28398e-01
1.19200e+00 5.28398e-01
1.19600e+00 5.28398e-01
1.20000e+00 5.28400e-01
1.20400e+00 5.28406e-01
1.20800e+00 5.28429e-01
1.21200e+00 5.28524e-01
1.21600e+00 5.28892e-01
1.22000e+00 5.30200e-01
1.22400e+00 5.33665e-01
1.22800e+00 5.38117e-01
1.23200e+00 5.39736e-01
1.23600e+00 5.39835e-01
1.24000e+00 5.39835e-01
1.24400e+00 5.39835e-01
1.24800e+00 5.39835e-01
1.25200e+00 5.39835e-01
1.25600e+00 5.39836e-01
1.26000e+00 5.39839e-01
1.26400e+00 5.39853e-01
1.26800e+00 5.39926e-01
1.27200e+00 5.40277e-01
1.27600e+00 5.41756e-01
1.28000e+00 5.45686e-01
1.28400e+00 5.49283e-01
1.28800e+00 5.49777e-01
1.29200e+00 5.49512e-01
1.29600e+00 5.47221e-01
1.30000e+00 5.39013e-01
1.30400e+00 5.25759e-01
1.30800e+00 5.13734e-01
1.31200e+00 5.00605e-01
1.31600e+00 4.81393e-01
1.32000e+00 4.66630e-01
1.32400e+00 4.63883e-01
1.32800e+00 4.63842e-01
1.33200e+00 4.63955e-01
1.33600e+00 4.64508e-01
1.34000e+00 4.66066e-01
1.34400e+00 4.69574e-01
1.34800e+00 4.76638e-01
1.35200e+00 4.87994e-01
1.35600e+00 4.97348e-01
1.36000e+00 4.99467e-01
1.36400e+00 4.99505e-01
1.36800e+00 4.99312e-01
1.37200e+00 4.97817e-01
1.37600e+00 4.90823e-01
1.38000e+00 4.74582e-01
1.38400e+00 4.63031e-01
1.38800e+00 4.61425e-01
1.39200e+00 4.61406e-01
1.39600e+00 4.61426e-01
1.40000e+00 4.61543e-01
1.40400e+00 4.61955e-01
1.40800e+00 4.63165e-01
1.41200e+00 4.66224e-01
1.41600e+00 4.71767e-01
1.42000e+00 4.76438e-01
1.42400e+00 4.77514e-01
1.42800e+00 4.77553e-01
1.43200e+00 4.77553e-01
1.43600e+00 4.77553e-01
1.44000e+00 4.77553e-01
1.44400e+00 4.77553e-01
1.44800e+00 4.77553e-01
1.45200e+00 4.77554e-01
1.45600e+00 4.77554e-01
1.46000e+00 4.77556e-01
1.46400e+00 4.77560e-01
1.46800e+00 4.77569e-01
1.47200e+00 4.77588e-01
1.47600e+00 4.77626e-01
1.48000e+00 4.77709e-01
1.48400e+00 4.77937e-01
1.48800e+00 4.78692e-01
1.49200e+00 4.81067e-01
1.49600e+00 4.85283e-01
1.50000e+00 4.87120e-01
1.50400e+00 4.86997e-01
1.50800e+00 4.84685e-01
1.51200e+00 4.73038e-01
1.51600e+00 4.51384e-01
1.52000e+00 4.41689e-01
1.52400e+00 4.41161e-01
1.52800e+00 4.41470e-01
1.53200e+00 4.43230e-01
1.53600e+00 4.48411e-01
1.54000e+00 4.58094e-01
1.54400e+00 4.66806e-01
1.54800e+00 4.69102e-01
1.55200e+00 4.69206e-01
1.55600e+00 4.69206e-01
1.56000e+00 4.69206e-01
1.56400e+00 4.69206e-01
1.56800e+00 4.69206e-01
1.57200e+00 4.69206e-01
1.57600e+00 4.69207e-01
1.58000e+00 4.69207e-01
1.58400e+00 4.69207e-01
1.58800e+00 4.69208e-01
1.59200e+00 4.69210e-01
1.59600e+00 4.69215e-01
1.60000e+00 4.69226e-01
1.60400e+00 4.69253e-01
1.60800e+00 4.69310e-01
1.61200e+00 4.69426e-01
1.61600e+00 4.69652e-01
1.62000e+00 4.70058e-01
1.62400e+00 4.70732e-01
1.62800e+00 4.71763e-01
1.63200e+00 4.73262e-01
1.63600e+00 4.75459e-01
1.64000e+00 4.78846e-01
1.64400e+00 4.83972e-01
1.64800e+00 4.89735e-01
1.65200e+00 4.92887e-01
1.65600e+00 4.93560e-01
1.66000e+00 4.93710e-01
1.66400e+00 4.93860e-01
1.66800e+00 4.94253e-01
1.67200e+00 4.95511e-01
1.67600e+00 4.98712e-01
1.68000e+00 5.02538e-01
1.68400e+00 5.03608e-01
1.68800e+00 5.03575e-01
1.69200e+00 5.02844e-01
1.69600e+00 4.98354e-01
1.70000e+00 4.84037e-01
1.70400e+00 4.68180e-01
1.70800e+00 4.64294e-01
1.71200e+00 4.64179e-01
1.71600e+00 4.64205e-01
1.72000e+00 4.64367e-01
1.72400e+00 4.64879e-01
1.72800e+00 4.66017e-01
1.73200e+00 4.67967e-01
1.73600e+00 4.70655e-01
1.74000e+00 4.73835e-01
1.74400e+00 4.77500e-01
1.74800e+00 4.82266e-01
1.75200e+00 4.89653e-01
1.75600e+00 5.01260e-01
1.76000e+00 5.13081e-01
1.76400e+00 5.17314e-01
1.76800e+00 5.17612e-01
1.77200e+00 5.17614e-01
1.77600e+00 5.17613e-01
1.78000e+00 5.17607e-01
1.78400e+00 5.17555e-01
1.78800e+00 5.17183e-01
1.79200e+00 5.14735e-01
1.79600e+00 5.02942e-01
1.80000e+00 4.77792e-01
1.80400e+00 4.63828e-01
1.80800e+00 4.62596e-01
1.81200e+00 4.62649e-01
1.81600e+00 4.63121e-01
1.82000e+00 4.64913e-01
1.82400e+00 4.69719e-01
1.82800e+00 4.78965e-01
1.83200e+00 4.88158e-01
1.83600e+00 4.90958e-01
1.84000e+00 4.91110e-01
1.84400e+00 4.91111e-01
1.84800e+00 4.91111e-01
1.85200e+00 4.91111e-01
1.85600e+00 4.91111e-01
1.86000e+00 4.91111e-01
1.86400e+00 4.91112e-01
1.86800e+00 4.91115e-01
1.87200e+00 4.91122e-01
1.87600e+00 4.91140e-01
1.88000e+00 4.91183e-01
1.88400e+00 4.91275e-01
1.88800e+00 4.91459e-01
1.89200e+00 4.91794e-01
1.89600e+00 4.92347e-01
1.90000e+00 4.93197e-01
1.90400e+00 4.94483e-01
1.90800e+00 4.96552e-01
1.91200e+00 5.00278e-01
1.91600e+00 5.07551e-01
1.92000e+00 5.20042e-01
1.92400e+00 5.31837e-01
1.92800e+00 5.35209e-01
1.93200e+00 5.35373e-01
1.93600e+00 5.35374e-01
1.94000e+00 5.35374e-01
1.94400e+00 5.35374e-01
1.94800e+00 5.35374e-01
1.95200e+00 5.35374e-01
1.95600e+00 5.35374e-01
1.96000e+00 5.35374e-01
1.96400e+00 5.35374e-01
1.96800e+00 5.35374e-01
1.97200e+00 5.35374e-01
1.97600e+00 5.35373e-01
1.98000e+00 5.35363e-01
1.98400e+00 5.35295e-01
1.98800e+00 5.34871e-01
1.99200e+00 5.26490e-01
1.99600e+00 5.25531e-01
