0.00000e+00 5.32209e-01
4.00000e-03 5.32209e-01
8.00000e-03 5.32209e-01
1.20000e-02 5.32206e-01
1.60000e-02 5.32164e-01
2.00000e-02 5.31738e-01
2.40000e-02 5.29038e-01
2.80000e-02 5.20801e-01
3.20000e-02 5.12657e-01
3.60000e-02 5.10131e-01
4.00000e-02 5.08692e-01
4.40000e-02 5.03732e-01
4.80000e-02 4.83911e-01
5.20000e-02 4.55775e-01
5.60000e-02 4.47900e-01
6.00000e-02 4.47884e-01
6.40000e-02 4.49358e-01
6.80000e-02 4.54842e-01
7.20000e-02 4.67323e-01
7.60000e-02 4.87930e-01
8.00000e-02 5.08678e-01
8.40000e-02 5.17062e-01
8.80000e-02 5.18220e-01
9.20000e-02 5.18503e-01
9.60000e-02 5.18909e-01
1.00000e-01 5.20123e-01
1.04000e-01 5.24055e-01
1.08000e-01 5.35271e-01
1.12000e-01 5.54677e-01
1.16000e-01 5.64009e-01
1.20000e-01 5.63831e-01
1.24000e-01 5.54107e-01
1.28000e-01 5.10206e-01
1.32000e-01 4.70644e-01
1.36000e-01 4.66125e-01
1.40000e-01 4.67251e-01
1.44000e-01 4.74215e-01
1.48000e-01 4.90054e-01
1.52000e-01 5.00209e-01
1.56000e-01 5.00579e-01
1.60000e-01 4.96281e-01
1.64000e-01 4.74500e-01
1.68000e-01 4.45850e-01
1.72000e-01 4.39016e-01
1.76000e-01 4.39052e-01
1.80000e-01 4.40373e-01
1.84000e-01 4.44713e-01
1.88000e-01 4.53362e-01
1.92000e-01 4.67115e-01
1.96000e-01 4.86563e-01
2.00000e-01 5.06706e-01
2.04000e-01 5.15771e-01
2.08000e-01 5.16783e-01
2.12000e-01 5.16815e-01
2.16000e-01 5.16826e-01
2.20000e-01 5.16854e-01
2.24000e-01 5.16942e-01
2.28000e-01 5.17205e-01
2.32000e-01 5.17870e-01
2.36000e-01 5.19377e-01
2.40000e-01 5.22794e-01
2.44000e-01 5.31429e-01
2.48000e-01 5.51306e-01
2.52000e-01 5.69628e-01
2.56000e-01 5.70736e-01
2.60000e-01 5.55221e-01
2.64000e-01 4.81847e-01
2.68000e-01 4.27810e-01
2.72000e-01 4.22759e-01
2.76000e-01 4.22897e-01
2.80000e-01 4.23904e-01
2.84000e-01 4.26517e-01
2.88000e-01 4.30871e-01
2.92000e-01 4.36612e-01
2.96000e-01 4.43427e-01
3.00000e-01 4.51554e-01
3.04000e-01 4.62126e-01
3.08000e-01 4.76667e-01
3.12000e-01 4.92467e-01
3.16000e-01 5.00192e-01
3.20000e-01 5.01129e-01
3.24000e-01 5.01146e-01
3.28000e-01 5.01148e-01
3.32000e-01 5.01150e-01
3.36000e-01 5.01157e-01
3.40000e-01 5.01181e-01
3.44000e-01 5.01257e-01
3.48000e-01 5.01462e-01
3.52000e-01 5.01974e-01
3.56000e-01 5.03188e-01
3.60000e-01 5.06032e-01
3.64000e-01 5.12677e-01
3.68000e-01 5.26248e-01
3.72000e-01 5.42066e-01
3.76000e-01 5.47450e-01
3.80000e-01 5.47599e-01
3.84000e-01 5.46786e-01
3.88000e-01 5.41008e-01
3.92000e-01 5.24204e-01
3.96000e-01 5.08835e-01
4.00000e-01 5.04731e-01
4.04000e-01 5.03401e-01
4.08000e-01 5.01188e-01
4.12000e-01 4.95187e-01
4.16000e-01 4.83401e-01
4.20000e-01 4.66635e-01
4.24000e-01 4.44678e-01
4.28000e-01 4.23991e-01
4.32000e-01 4.16684e-01
4.36000e-01 4.16207e-01
4.40000e-01 4.16264e-01
4.44000e-01 4.16667e-01
4.48000e-01 4.17952e-01
4.52000e-01 4.20649e-01
4.56000e-01 4.24872e-01
4.60000e-01 4.30154e-01
4.64000e-01 4.35731e-01
4.68000e-01 4.41012e-01
4.72000e-01 4.45790e-01
4.76000e-01 4.50135e-01
4.80000e-01 4.54215e-01
4.84000e-01 4.58174e-01
4.88000e-01 4.62092e-01
4.92000e-01 4.65996e-01
4.96000e-01 4.69874e-01
5.00000e-01 4.73700e-01
5.04000e-01 4.77448e-01
5.08000e-01 4.81096e-01
5.12000e-01 4.84629e-01
5.16000e-01 4.88034e-01
5.20000e-01 4.91300e-01
5.24000e-01 4.94428e-01
5.28000e-01 4.97457e-01
5.32000e-01 5.00494e-01
5.36000e-01 5.03787e-01
5.40000e-01 5.07868e-01
5.44000e-01 5.13915e-01
5.48000e-01 5.24345e-01
5.52000e-01 5.41181e-01
5.56000e-01 5.56308e-01
5.60000e-01 5.60163e-01
5.64000e-01 5.60256e-01
5.68000e-01 5.59908e-01
5.72000e-01 5.56088e-01
5.76000e-01 5.34765e-01
5.80000e-01 4.96129e-01
5.84000e-01 4.81832e-01
5.88000e-01 4.81228e-01
5.92000e-01 4.81444e-01
5.96000e-01 4.82697e-01
6.00000e-01 4.86445e-01
6.04000e-01 4.94947e-01
6.08000e-01 5.10089e-01
6.12000e-01 5.25567e-01
6.16000e-01 5.30776e-01
6.20000e-01 5.31102e-01
6.24000e-01 5.31103e-01
6.28000e-01 5.31101e-01
6.32000e-01 5.31070e-01
6.36000e-01 5.30718e-01
6.40000e-01 5.27115e-01
6.44000e-01 5.03009e-01
6.48000e-01 4.49525e-01
6.52000e-01 4.25885e-01
6.56000e-01 4.24661e-01
6.60000e-01 4.25008e-01
6.64000e-01 4.26519e-01
6.68000e-01 4.28951e-01
6.72000e-01 4.31083e-01
6.76000e-01 4.32796e-01
6.80000e-01 4.34916e-01
6.84000e-01 4.38686e-01
6.88000e-01 4.44961e-01
6.92000e-01 4.50726e-01
6.96000e-01 4.52394e-01
7.00000e-01 4.52484e-01
7.04000e-01 4.52486e-01
7.08000e-01 4.52487e-01
7.12000e-01 4.52489e-01
7.16000e-01 4.52499e-01
7.20000e-01 4.52526e-01
7.24000e-01 4.52597e-01
7.28000e-01 4.52761e-01
7.32000e-01 4.53096e-01
7.36000e-01 4.53711e-01
7.40000e-01 4.54713e-01
7.44000e-01 4.56178e-01
7.48000e-01 4.58159e-01
7.52000e-01 4.60806e-01
7.56000e-01 4.64598e-01
7.60000e-01 4.70681e-01
7.64000e-01 4.80708e-01
7.68000e-01 4.92965e-01
7.72000e-01 4.99322e-01
7.76000e-01 5.00104e-01
7.80000e-01 5.00116e-01
7.84000e-01 5.00116e-01
7.88000e-01 5.00116e-01
7.92000e-01 5.00116e-01
7.96000e-01 5.00116e-01
8.00000e-01 5.00117e-01
8.04000e-01 5.00117e-01
8.08000e-01 5.00120e-01
8.12000e-01 5.00132e-01
8.16000e-01 5.00176e-01
8.20000e-01 5.00348e-01
8.24000e-01 5.00993e-01
8.28000e-01 5.03131e-01
8.32000e-01 5.07848e-01
8.36000e-01 5.11798e-01
8.40000e-01 5.12382e-01
8.44000e-01 5.12241e-01
8.48000e-01 5.10856e-01
8.52000e-01 5.05078e-01
8.56000e-01 4.95582e-01
8.60000e-01 4.91710e-01
8.64000e-01 4.91529e-01
8.68000e-01 4.91686e-01
8.72000e-01 4.92591e-01
8.76000e-01 4.94610e-01
8.80000e-01 4.96071e-01
8.84000e-01 4.96297e-01
8.88000e-01 4.96304e-01
8.92000e-01 4.96306e-01
8.96000e-01 4.96311e-01
9.00000e-01 4.96328e-01
9.04000e-01 4.96380e-01
9.08000e-01 4.96516e-01
9.12000e-01 4.96830e-01
9.16000e-01 4.97478e-01
9.20000e-01 4.98672e-01
9.24000e-01 5.00618e-01
9.28000e-01 5.03352e-01
9.32000e-01 5.06544e-01
9.36000e-01 5.09581e-01
9.40000e-01 5.12085e-01
9.44000e-01 5.14280e-01
9.48000e-01 5.16953e-01
9.52000e-01 5.21993e-01
9.56000e-01 5.33438e-01
9.60000e-01 5.48840e-01
9.64000e-01 5.53109e-01
9.68000e-01 5.51497e-01
9.72000e-01 5.32277e-01
9.76000e-01 4.79821e-01
9.80000e-01 4.54202e-01
9.84000e-01 4.53224e-01
9.88000e-01 4.55259e-01
9.92000e-01 4.62934e-01
9.96000e-01 4.72762e-01
1.00000e+00 4.76159e-01
1.00400e+00 4.76359e-01
1.00800e+00 4.76361e-01
1.01200e+00 4.76362e-01
1.01600e+00 4.76365e-01
1.02000e+00 4.76375e-01
1.02400e+00 4.76408e-01
1.02800e+00 4.76492e-01
1.03200e+00 4.76685e-01
1.03600e+00 4.77069e-01
1.04000e+00 4.77735e-01
1.04400e+00 4.78797e-01
1.04800e+00 4.80511e-01
1.05200e+00 4.83566e-01
1.05600e+00 4.89364e-01
1.06000e+00 4.98235e-01
1.06400e+00 5.04695e-01
1.06800e+00 5.05949e-01
1.07200e+00 5.05987e-01
1.07600e+00 5.05987e-01
1.08000e+00 5.05988e-01
1.08400e+00 5.05991e-01
1.08800e+00 5.06003e-01
1.09200e+00 5.06055e-01
1.09600e+00 5.06271e-01
1.10000e+00 5.07128e-01
1.10400e+00 5.09998e-01
1.10800e+00 5.15583e-01
1.11200e+00 5.18835e-01
1.11600e+00 5.18990e-01
1.12000e+00 5.18202e-01
1.12400e+00 5.12877e-01
1.12800e+00 4.98435e-01
1.13200e+00 4.87081e-01
1.13600e+00 4.85468e-01
1.14000e+00 4.85485e-01
1.14400e+00 4.85798e-01
1.14800e+00 4.87114e-01
1.15200e+00 4.90901e-01
1.15600e+00 4.99669e-01
1.16000e+00 5.14327e-01
1.16400e+00 5.25878e-01
1.16800e+00 5.28319e-01
1.17200e+00 5.28398e-01
1.17600e+00 5.28398e-01
1.18000e+00 5.28398e-01
1.18400e+00 5.28398e-01
1.18800e+00 5.28398e-01
1.19200e+00 5.28398e-01
1.19600e+00 5.28398e-01
1.20000e+00 5.28398e-01
1.20400e+00 5.28398e-01
1.20800e+00 5.28398e-01
1.21200e+00 5.28398e-01
1.21600e+00 5.28398e-01
1.22000e+00 5.28398e-01
1.22400e+00 5.28399e-01
1.22800e+00 5.28401e-01
1.23200e+00 5.28411e-01
1.23600e+00 5.28451e-01
1.24000e+00 5.28608e-01
1.24400e+00 5.29209e-01
1.24800e+00 5.31191e-01
1.25200e+00 5.35453e-01
1.25600e+00 5.39091e-01
1.26000e+00 5.39816e-01
1.26400e+00 5.39835e-01
1.26800e+00 5.39835e-01
1.27200e+00 5.39835e-01
1.27600e+00 5.39835e-01
1.28000e+00 5.39836e-01
1.28400e+00 5.39836e-01
1.28800e+00 5.39841e-01
1.29200e+00 5.39867e-01
1.29600e+00 5.39991e-01
1.30000e+00 5.40574e-01
1.30400e+00 5.42739e-01
1.30800e+00 5.46955e-01
1.31200e+00 5.49206e-01
1.31600e+00 5.49306e-01
1.32000e+00 5.48913e-01
1.32400e+00 5.46499e-01
1.32800e+00 5.39079e-01
1.33200e+00 5.24046e-01
1.33600e+00 4.99935e-01
1.34000e+00 4.74701e-01
1.34400e+00 4.64753e-01
1.34800e+00 4.63928e-01
1.35200e+00 4.63935e-01
1.35600e+00 4.64059e-01
1.36000e+00 4.64585e-01
1.36400e+00 4.66079e-01
1.36800e+00 4.69562e-01
1.37200e+00 4.76782e-01
1.37600e+00 4.88357e-01
1.38000e+00 4.97452e-01
1.38400e+00 4.99336e-01
1.38800e+00 4.99359e-01
1.39200e+00 4.99142e-01
1.39600e+00 4.97517e-01
1.40000e+00 4.90118e-01
1.40400e+00 4.73719e-01
1.40800e+00 4.62826e-01
1.41200e+00 4.61445e-01
1.41600e+00 4.61431e-01
1.42000e+00 4.61457e-01
1.42400e+00 4.61597e-01
1.42800e+00 4.62087e-01
1.43200e+00 4.63514e-01
1.43600e+00 4.67012e-01
1.44000e+00 4.72789e-01
1.44400e+00 4.76831e-01
1.44800e+00 4.77536e-01
1.45200e+00 4.77553e-01
1.45600e+00 4.77553e-01
1.46000e+00 4.77553e-01
1.46400e+00 4.77553e-01
1.46800e+00 4.77553e-01
1.47200e+00 4.77553e-01
1.47600e+00 4.77554e-01
1.48000e+00 4.77554e-01
1.48400e+00 4.77556e-01
1.48800e+00 4.77559e-01
1.49200e+00 4.77567e-01
1.49600e+00 4.77584e-01
1.50000e+00 4.77619e-01
1.50400e+00 4.77705e-01
1.50800e+00 4.77972e-01
1.51200e+00 4.78905e-01
1.51600e+00 4.81649e-01
1.52000e+00 4.85353e-01
1.52400e+00 4.86265e-01
1.52800e+00 4.85906e-01
1.53200e+00 4.82291e-01
1.53600e+00 4.67698e-01
1.54000e+00 4.47722e-01
1.54400e+00 4.41815e-01
1.54800e+00 4.41700e-01
1.55200e+00 4.42227e-01
1.55600e+00 4.44653e-01
1.56000e+00 4.51046e-01
1.56400e+00 4.61237e-01
1.56800e+00 4.68039e-01
1.57200e+00 4.69179e-01
1.57600e+00 4.69206e-01
1.58000e+00 4.69206e-01
1.58400e+00 4.69206e-01
1.58800e+00 4.69206e-01
1.59200e+00 4.69206e-01
1.59600e+00 4.69206e-01
1.60000e+00 4.69207e-01
1.60400e+00 4.69207e-01
1.60800e+00 4.69207e-01
1.61200e+00 4.69208e-01
1.61600e+00 4.69210e-01
1.62000e+00 4.69215e-01
1.62400e+00 4.69227e-01
1.62800e+00 4.69253e-01
1.63200e+00 4.69310e-01
1.63600e+00 4.69426e-01
1.64000e+00 4.69651e-01
1.64400e+00 4.70052e-01
1.64800e+00 4.70714e-01
1.65200e+00 4.71718e-01
1.65600e+00 4.73175e-01
1.66000e+00 4.75333e-01
1.66400e+00 4.78756e-01
1.66800e+00 4.84094e-01
1.67200e+00 4.90084e-01
1.67600e+00 4.93132e-01
1.68000e+00 4.93675e-01
1.68400e+00 4.93779e-01
1.68800e+00 4.93890e-01
1.69200e+00 4.94204e-01
1.69600e+00 4.95268e-01
1.70000e+00 4.98165e-01
1.70400e+00 5.02018e-01
1.70800e+00 5.03277e-01
1.71200e+00 5.03260e-01
1.71600e+00 5.02552e-01
1.72000e+00 4.98125e-01
1.72400e+00 4.83950e-01
1.72800e+00 4.68212e-01
1.73200e+00 4.64344e-01
1.73600e+00 4.64228e-01
1.74000e+00 4.64253e-01
1.74400e+00 4.64411e-01
1.74800e+00 4.64911e-01
1.75200e+00 4.66027e-01
1.75600e+00 4.67951e-01
1.76000e+00 4.70610e-01
1.76400e+00 4.73740e-01
1.76800e+00 4.77281e-01
1.77200e+00 4.81764e-01
1.77600e+00 4.88588e-01
1.78000e+00 4.99546e-01
1.78400e+00 5.11851e-01
1.78800e+00 5.17127e-01
1.79200e+00 5.17608e-01
1.79600e+00 5.17613e-01
1.80000e+00 5.17613e-01
1.80400e+00 5.17607e-01
1.80800e+00 5.17559e-01
1.81200e+00 5.17214e-01
1.81600e+00 5.14931e-01
1.82000e+00 5.03731e-01
1.82400e+00 4.78853e-01
1.82800e+00 4.64218e-01
1.83200e+00 4.62822e-01
1.83600e+00 4.62874e-01
1.84000e+00 4.63356e-01
1.84400e+00 4.65209e-01
1.84800e+00 4.70182e-01
1.85200e+00 4.79583e-01
1.85600e+00 4.88488e-01
1.86000e+00 4.90989e-01
1.86400e+00 4.91110e-01
1.86800e+00 4.91111e-01
1.87200e+00 4.91111e-01
1.87600e+00 4.91111e-01
1.88000e+00 4.91111e-01
1.88400e+00 4.91111e-01
1.88800e+00 4.91112e-01
1.89200e+00 4.91114e-01
1.89600e+00 4.91120e-01
1.90000e+00 4.91133e-01
1.90400e+00 4.91167e-01
1.90800e+00 4.91240e-01
1.91200e+00 4.91391e-01
1.91600e+00 4.91670e-01
1.92000e+00 4.92144e-01
1.92400e+00 4.92880e-01
1.92800e+00 4.93982e-01
1.93200e+00 4.95691e-01
1.93600e+00 4.98625e-01
1.94000e+00 5.04245e-01
1.94400e+00 5.14804e-01
1.94800e+00 5.28230e-01
1.95200e+00 5.34702e-01
1.95600e+00 5.35366e-01
1.96000e+00 5.35374e-01
1.96400e+00 5.35374e-01
1.96800e+00 5.35374e-01
1.97200e+00 5.35374e-01
1.97600e+00 5.35374e-01
1.98000e+00 5.35374e-01
1.98400e+00 5.35374e-01
1.98800e+00 5.35374e-01
1.99200e+00 5.35368e-01
1.99600e+00 5.35368e-01
