0.00000e+00 5.81078e-01
4.00000e-03 5.81078e-01
8.00000e-03 5.81078e-01
1.20000e-02 5.81077e-01
1.60000e-02 5.81059e-01
2.00000e-02 5.80796e-01
2.40000e-02 5.78223e-01
2.80000e-02 5.64742e-01
3.20000e-02 5.41529e-01
3.60000e-02 5.32816e-01
4.00000e-02 5.32055e-01
4.40000e-02 5.31694e-01
4.80000e-02 5.30441e-01
5.20000e-02 5.25887e-01
5.60000e-02 5.17888e-01
6.00000e-02 5.12099e-01
6.40000e-02 5.08280e-01
6.80000e-02 5.00550e-01
7.20000e-02 4.78543e-01
7.60000e-02 4.54155e-01
8.00000e-02 4.48919e-01
8.40000e-02 4.49018e-01
8.80000e-02 4.50526e-01
9.20000e-02 4.55710e-01
9.60000e-02 4.67075e-01
1.00000e-01 4.85952e-01
1.04000e-01 5.06803e-01
1.08000e-01 5.16879e-01
1.12000e-01 5.18398e-01
1.16000e-01 5.18613e-01
1.20000e-01 5.18818e-01
1.24000e-01 5.19375e-01
1.28000e-01 5.21243e-01
1.32000e-01 5.27329e-01
1.36000e-01 5.42541e-01
1.40000e-01 5.57926e-01
1.44000e-01 5.59973e-01
1.48000e-01 5.56155e-01
1.52000e-01 5.27210e-01
1.56000e-01 4.80771e-01
1.60000e-01 4.69325e-01
1.64000e-01 4.69837e-01
1.68000e-01 4.75236e-01
1.72000e-01 4.88883e-01
1.76000e-01 4.97262e-01
1.80000e-01 4.97320e-01
1.84000e-01 4.91867e-01
1.88000e-01 4.68866e-01
1.92000e-01 4.44378e-01
1.96000e-01 4.39943e-01
2.00000e-01 4.40086e-01
2.04000e-01 4.41537e-01
2.08000e-01 4.45939e-01
2.12000e-01 4.54405e-01
2.16000e-01 4.67681e-01
2.20000e-01 4.86531e-01
2.24000e-01 5.06466e-01
2.28000e-01 5.15739e-01
2.32000e-01 5.16800e-01
2.36000e-01 5.16826e-01
2.40000e-01 5.16832e-01
2.44000e-01 5.16844e-01
2.48000e-01 5.16885e-01
2.52000e-01 5.17015e-01
2.56000e-01 5.17357e-01
2.60000e-01 5.18156e-01
2.64000e-01 5.20047e-01
2.68000e-01 5.25272e-01
2.72000e-01 5.39835e-01
2.76000e-01 5.58752e-01
2.80000e-01 5.61472e-01
2.84000e-01 5.50913e-01
2.88000e-01 4.88921e-01
2.92000e-01 4.30864e-01
2.96000e-01 4.23592e-01
3.00000e-01 4.23733e-01
3.04000e-01 4.24974e-01
3.08000e-01 4.28162e-01
3.12000e-01 4.33172e-01
3.16000e-01 4.39278e-01
3.20000e-01 4.46101e-01
3.24000e-01 4.54079e-01
3.28000e-01 4.64585e-01
3.32000e-01 4.79106e-01
3.36000e-01 4.94078e-01
3.40000e-01 5.00503e-01
3.44000e-01 5.01139e-01
3.48000e-01 5.01148e-01
3.52000e-01 5.01149e-01
3.56000e-01 5.01150e-01
3.60000e-01 5.01154e-01
3.64000e-01 5.01170e-01
3.68000e-01 5.01218e-01
3.72000e-01 5.01352e-01
3.76000e-01 5.01691e-01
3.80000e-01 5.02498e-01
3.84000e-01 5.04379e-01
3.88000e-01 5.08786e-01
3.92000e-01 5.18662e-01
3.96000e-01 5.34797e-01
4.00000e-01 5.45628e-01
4.04000e-01 5.47053e-01
4.08000e-01 5.46892e-01
4.12000e-01 5.44950e-01
4.16000e-01 5.35580e-01
4.20000e-01 5.17257e-01
4.24000e-01 5.05881e-01
4.28000e-01 5.02765e-01
4.32000e-01 5.00803e-01
4.36000e-01 4.96836e-01
4.40000e-01 4.85512e-01
4.44000e-01 4.58389e-01
4.48000e-01 4.27147e-01
4.52000e-01 4.16891e-01
4.56000e-01 4.16318e-01
4.60000e-01 4.16347e-01
4.64000e-01 4.16588e-01
4.68000e-01 4.17439e-01
4.72000e-01 4.19431e-01
4.76000e-01 4.22915e-01
4.80000e-01 4.27729e-01
4.84000e-01 4.33218e-01
4.88000e-01 4.38640e-01
4.92000e-01 4.43564e-01
4.96000e-01 4.47938e-01
5.00000e-01 4.51917e-01
5.04000e-01 4.55688e-01
5.08000e-01 4.59389e-01
5.12000e-01 4.63087e-01
5.16000e-01 4.66796e-01
5.20000e-01 4.70496e-01
5.24000e-01 4.74153e-01
5.28000e-01 4.77742e-01
5.32000e-01 4.81241e-01
5.36000e-01 4.84637e-01
5.40000e-01 4.87916e-01
5.44000e-01 4.91064e-01
5.48000e-01 4.94075e-01
5.52000e-01 4.96961e-01
5.56000e-01 4.99783e-01
5.60000e-01 5.02695e-01
5.64000e-01 5.06032e-01
5.68000e-01 5.10523e-01
5.72000e-01 5.17793e-01
5.76000e-01 5.30713e-01
5.80000e-01 5.48544e-01
5.84000e-01 5.58797e-01
5.88000e-01 5.59984e-01
5.92000e-01 5.59893e-01
5.96000e-01 5.58359e-01
6.00000e-01 5.46668e-01
6.04000e-01 5.10937e-01
6.08000e-01 4.84663e-01
6.12000e-01 4.81649e-01
6.16000e-01 4.81718e-01
6.20000e-01 4.82452e-01
6.24000e-01 4.85101e-01
6.28000e-01 4.91706e-01
6.32000e-01 5.04773e-01
6.36000e-01 5.21623e-01
6.40000e-01 5.30138e-01
6.44000e-01 5.31089e-01
6.48000e-01 5.31101e-01
6.52000e-01 5.31098e-01
6.56000e-01 5.31052e-01
6.60000e-01 5.30529e-01
6.64000e-01 5.25404e-01
6.68000e-01 4.95486e-01
6.72000e-01 4.43189e-01
6.76000e-01 4.25946e-01
6.80000e-01 4.25397e-01
6.84000e-01 4.25817e-01
6.88000e-01 4.27392e-01
6.92000e-01 4.29780e-01
6.96000e-01 4.31999e-01
7.00000e-01 4.34094e-01
7.04000e-01 4.36995e-01
7.08000e-01 4.41959e-01
7.12000e-01 4.48424e-01
7.16000e-01 4.51995e-01
7.20000e-01 4.52476e-01
7.24000e-01 4.52486e-01
7.28000e-01 4.52487e-01
7.32000e-01 4.52488e-01
7.36000e-01 4.52492e-01
7.40000e-01 4.52504e-01
7.44000e-01 4.52539e-01
7.48000e-01 4.52626e-01
7.52000e-01 4.52818e-01
7.56000e-01 4.53199e-01
7.60000e-01 4.53878e-01
7.64000e-01 4.54954e-01
7.68000e-01 4.56488e-01
7.72000e-01 4.58522e-01
7.76000e-01 4.61211e-01
7.80000e-01 4.65065e-01
7.84000e-01 4.71272e-01
7.88000e-01 4.81460e-01
7.92000e-01 4.93554e-01
7.96000e-01 4.99446e-01
8.00000e-01 5.00107e-01
8.04000e-01 5.00116e-01
8.08000e-01 5.00116e-01
8.12000e-01 5.00116e-01
8.16000e-01 5.00116e-01
8.20000e-01 5.00116e-01
8.24000e-01 5.00117e-01
8.28000e-01 5.00117e-01
8.32000e-01 5.00119e-01
8.36000e-01 5.00128e-01
8.40000e-01 5.00160e-01
8.44000e-01 5.00287e-01
8.48000e-01 5.00768e-01
8.52000e-01 5.02428e-01
8.56000e-01 5.06556e-01
8.60000e-01 5.10995e-01
8.64000e-01 5.12024e-01
8.68000e-01 5.11964e-01
8.72000e-01 5.11090e-01
8.76000e-01 5.06799e-01
8.80000e-01 4.97685e-01
8.84000e-01 4.92248e-01
8.88000e-01 4.91747e-01
8.92000e-01 4.91826e-01
8.96000e-01 4.92430e-01
9.00000e-01 4.94143e-01
9.04000e-01 4.95872e-01
9.08000e-01 4.96289e-01
9.12000e-01 4.96307e-01
9.16000e-01 4.96308e-01
9.20000e-01 4.96312e-01
9.24000e-01 4.96323e-01
9.28000e-01 4.96358e-01
9.32000e-01 4.96453e-01
9.36000e-01 4.96682e-01
9.40000e-01 4.97174e-01
9.44000e-01 4.98121e-01
9.48000e-01 4.99751e-01
9.52000e-01 5.02219e-01
9.56000e-01 5.05373e-01
9.60000e-01 5.08616e-01
9.64000e-01 5.11293e-01
9.68000e-01 5.13374e-01
9.72000e-01 5.15489e-01
9.76000e-01 5.19056e-01
9.80000e-01 5.27514e-01
9.84000e-01 5.42189e-01
9.88000e-01 5.48928e-01
9.92000e-01 5.48277e-01
9.96000e-01 5.35637e-01
1.00000e+00 4.90064e-01
1.00400e+00 4.58333e-01
1.00800e+00 4.55931e-01
1.01200e+00 4.57376e-01
1.01600e+00 4.63855e-01
1.02000e+00 4.72874e-01
1.02400e+00 4.76159e-01
1.02800e+00 4.76360e-01
1.03200e+00 4.76362e-01
1.03600e+00 4.76363e-01
1.04000e+00 4.76366e-01
1.04400e+00 4.76376e-01
1.04800e+00 4.76405e-01
1.05200e+00 4.76482e-01
1.05600e+00 4.76658e-01
1.06000e+00 4.77007e-01
1.06400e+00 4.77615e-01
1.06800e+00 4.78596e-01
1.07200e+00 4.80201e-01
1.07600e+00 4.83100e-01
1.08000e+00 4.88685e-01
1.08400e+00 4.97538e-01
1.08800e+00 5.04449e-01
1.09200e+00 5.05936e-01
1.09600e+00 5.05987e-01
1.10000e+00 5.05988e-01
1.10400e+00 5.05988e-01
1.10800e+00 5.05990e-01
1.11200e+00 5.05998e-01
1.11600e+00 5.06033e-01
1.12000e+00 5.06179e-01
1.12400e+00 5.06774e-01
1.12800e+00 5.08899e-01
1.13200e+00 5.13834e-01
1.13600e+00 5.17880e-01
1.14000e+00 5.18348e-01
1.14400e+00 5.17931e-01
1.14800e+00 5.14428e-01
1.15200e+00 5.02368e-01
1.15600e+00 4.88857e-01
1.16000e+00 4.85706e-01
1.16400e+00 4.85653e-01
1.16800e+00 4.85827e-01
1.17200e+00 4.86719e-01
1.17600e+00 4.89487e-01
1.18000e+00 4.96310e-01
1.18400e+00 5.09379e-01
1.18800e+00 5.23319e-01
1.19200e+00 5.28096e-01
1.19600e+00 5.28396e-01
1.20000e+00 5.28398e-01
1.20400e+00 5.28398e-01
1.20800e+00 5.28398e-01
1.21200e+00 5.28398e-01
1.21600e+00 5.28398e-01
1.22000e+00 5.28398e-01
1.22400e+00 5.28398e-01
1.22800e+00 5.28398e-01
1.23200e+00 5.28398e-01
1.23600e+00 5.28398e-01
1.24000e+00 5.28398e-01
1.24400e+00 5.28398e-01
1.24800e+00 5.28398e-01
1.25200e+00 5.28399e-01
1.25600e+00 5.28403e-01
1.26000e+00 5.28420e-01
1.26400e+00 5.28486e-01
1.26800e+00 5.28748e-01
1.27200e+00 5.29711e-01
1.27600e+00 5.32548e-01
1.28000e+00 5.37158e-01
1.28400e+00 5.39587e-01
1.28800e+00 5.39833e-01
1.29200e+00 5.39835e-01
1.29600e+00 5.39835e-01
1.30000e+00 5.39835e-01
1.30400e+00 5.39835e-01
1.30800e+00 5.39836e-01
1.31200e+00 5.39837e-01
1.31600e+00 5.39846e-01
1.32000e+00 5.39889e-01
1.32400e+00 5.40100e-01
1.32800e+00 5.41019e-01
1.33200e+00 5.43888e-01
1.33600e+00 5.47782e-01
1.34000e+00 5.48983e-01
1.34400e+00 5.48983e-01
1.34800e+00 5.48589e-01
1.35200e+00 5.46242e-01
1.35600e+00 5.35587e-01
1.36000e+00 5.04301e-01
1.36400e+00 4.71693e-01
1.36800e+00 4.64201e-01
1.37200e+00 4.63976e-01
1.37600e+00 4.63995e-01
1.38000e+00 4.64137e-01
1.38400e+00 4.64669e-01
1.38800e+00 4.66140e-01
1.39200e+00 4.69618e-01
1.39600e+00 4.76957e-01
1.40000e+00 4.88660e-01
1.40400e+00 4.97501e-01
1.40800e+00 4.99200e-01
1.41200e+00 4.99213e-01
1.41600e+00 4.98969e-01
1.42000e+00 4.97205e-01
1.42400e+00 4.89383e-01
1.42800e+00 4.72868e-01
1.43200e+00 4.62646e-01
1.43600e+00 4.61468e-01
1.44000e+00 4.61459e-01
1.44400e+00 4.61492e-01
1.44800e+00 4.61661e-01
1.45200e+00 4.62245e-01
1.45600e+00 4.63923e-01
1.46000e+00 4.67879e-01
1.46400e+00 4.73748e-01
1.46800e+00 4.77108e-01
1.47200e+00 4.77546e-01
1.47600e+00 4.77553e-01
1.48000e+00 4.77553e-01
1.48400e+00 4.77553e-01
1.48800e+00 4.77553e-01
1.49200e+00 4.77553e-01
1.49600e+00 4.77553e-01
1.50000e+00 4.77554e-01
1.50400e+00 4.77554e-01
1.50800e+00 4.77555e-01
1.51200e+00 4.77559e-01
1.51600e+00 4.77566e-01
1.52000e+00 4.77581e-01
1.52400e+00 4.77614e-01
1.52800e+00 4.77709e-01
1.53200e+00 4.78034e-01
1.53600e+00 4.79197e-01
1.54000e+00 4.82224e-01
1.54400e+00 4.85102e-01
1.54800e+00 4.85418e-01
1.55200e+00 4.84717e-01
1.55600e+00 4.79325e-01
1.56000e+00 4.62171e-01
1.56400e+00 4.45341e-01
1.56800e+00 4.42205e-01
1.57200e+00 4.42259e-01
1.57600e+00 4.43102e-01
1.58000e+00 4.46331e-01
1.58400e+00 4.53940e-01
1.58800e+00 4.63947e-01
1.59200e+00 4.68711e-01
1.59600e+00 4.69200e-01
1.60000e+00 4.69206e-01
1.60400e+00 4.69206e-01
1.60800e+00 4.69206e-01
1.61200e+00 4.69206e-01
1.61600e+00 4.69206e-01
1.62000e+00 4.69207e-01
1.62400e+00 4.69207e-01
1.62800e+00 4.69207e-01
1.63200e+00 4.69207e-01
1.63600e+00 4.69208e-01
1.64000e+00 4.69210e-01
1.64400e+00 4.69215e-01
1.64800e+00 4.69227e-01
1.65200e+00 4.69254e-01
1.65600e+00 4.69311e-01
1.66000e+00 4.69427e-01
1.66400e+00 4.69650e-01
1.66800e+00 4.70047e-01
1.67200e+00 4.70696e-01
1.67600e+00 4.71673e-01
1.68000e+00 4.73089e-01
1.68400e+00 4.75218e-01
1.68800e+00 4.78699e-01
1.69200e+00 4.84271e-01
1.69600e+00 4.90445e-01
1.70000e+00 4.93334e-01
1.70400e+00 4.93763e-01
1.70800e+00 4.93835e-01
1.71200e+00 4.93917e-01
1.71600e+00 4.94170e-01
1.72000e+00 4.95071e-01
1.72400e+00 4.97674e-01
1.72800e+00 5.01486e-01
1.73200e+00 5.02916e-01
1.73600e+00 5.02915e-01
1.74000e+00 5.02231e-01
1.74400e+00 4.97875e-01
1.74800e+00 4.83863e-01
1.75200e+00 4.68249e-01
1.75600e+00 4.64392e-01
1.76000e+00 4.64276e-01
1.76400e+00 4.64300e-01
1.76800e+00 4.64454e-01
1.77200e+00 4.64943e-01
1.77600e+00 4.66039e-01
1.78000e+00 4.67939e-01
1.78400e+00 4.70574e-01
1.78800e+00 4.73662e-01
1.79200e+00 4.77094e-01
1.79600e+00 4.81320e-01
1.80000e+00 4.87618e-01
1.80400e+00 4.97877e-01
1.80800e+00 5.10448e-01
1.81200e+00 5.16852e-01
1.81600e+00 5.17601e-01
1.82000e+00 5.17612e-01
1.82400e+00 5.17612e-01
1.82800e+00 5.17606e-01
1.83200e+00 5.17562e-01
1.83600e+00 5.17243e-01
1.84000e+00 5.15119e-01
1.84400e+00 5.04508e-01
1.84800e+00 4.79957e-01
1.85200e+00 4.64643e-01
1.85600e+00 4.63062e-01
1.86000e+00 4.63112e-01
1.86400e+00 4.63603e-01
1.86800e+00 4.65512e-01
1.87200e+00 4.70641e-01
1.87600e+00 4.80167e-01
1.88000e+00 4.88775e-01
1.88400e+00 4.91013e-01
1.88800e+00 4.91111e-01
1.89200e+00 4.91111e-01
1.89600e+00 4.91111e-01
1.90000e+00 4.91111e-01
1.90400e+00 4.91111e-01
1.90800e+00 4.91111e-01
1.91200e+00 4.91112e-01
1.91600e+00 4.91113e-01
1.92000e+00 4.91118e-01
1.92400e+00 4.91128e-01
1.92800e+00 4.91154e-01
1.93200e+00 4.91213e-01
1.93600e+00 4.91334e-01
1.94000e+00 4.91567e-01
1.94400e+00 4.91970e-01
1.94800e+00 4.92609e-01
1.95200e+00 4.93564e-01
1.95600e+00 4.95001e-01
1.96000e+00 4.97352e-01
1.96400e+00 5.01694e-01
1.96800e+00 5.10148e-01
1.97200e+00 5.23417e-01
1.97600e+00 5.33354e-01
1.98000e+00 5.35316e-01
1.98400e+00 5.35374e-01
1.98800e+00 5.35374e-01
1.99200e+00 5.35374e-01
1.99600e+00 5.35374e-01
