0.00000e+00 4.28952e-01
4.00000e-03 4.28953e-01
8.00000e-03 4.28974e-01
1.20000e-02 4.29250e-01
1.60000e-02 4.31233e-01
2.00000e-02 4.39676e-01
2.40000e-02 4.62873e-01
2.80000e-02 5.07285e-01
3.20000e-02 5.58429e-01
3.60000e-02 5.79396e-01
4.00000e-02 5.80980e-01
4.40000e-02 5.80962e-01
4.80000e-02 5.80546e-01
5.20000e-02 5.77184e-01
5.60000e-02 5.62564e-01
6.00000e-02 5.40551e-01
6.40000e-02 5.32540e-01
6.80000e-02 5.31474e-01
7.20000e-02 5.30729e-01
7.60000e-02 5.28695e-01
8.00000e-02 5.23788e-01
8.40000e-02 5.17194e-01
8.80000e-02 5.10006e-01
9.20000e-02 4.97020e-01
9.60000e-02 4.71523e-01
1.00000e-01 4.52387e-01
1.04000e-01 4.49765e-01
1.08000e-01 4.49954e-01
1.12000e-01 4.51490e-01
1.16000e-01 4.56384e-01
1.20000e-01 4.66793e-01
1.24000e-01 4.84243e-01
1.28000e-01 5.05023e-01
1.32000e-01 5.16604e-01
1.36000e-01 5.18536e-01
1.40000e-01 5.18706e-01
1.44000e-01 5.18811e-01
1.48000e-01 5.19068e-01
1.52000e-01 5.19960e-01
1.56000e-01 5.23133e-01
1.60000e-01 5.32990e-01
1.64000e-01 5.49498e-01
1.68000e-01 5.55504e-01
1.72000e-01 5.54297e-01
1.76000e-01 5.38459e-01
1.80000e-01 4.94863e-01
1.84000e-01 4.73604e-01
1.88000e-01 4.73095e-01
1.92000e-01 4.76694e-01
1.96000e-01 4.87571e-01
2.00000e-01 4.94092e-01
2.04000e-01 4.93847e-01
2.08000e-01 4.87211e-01
2.12000e-01 4.63782e-01
2.16000e-01 4.43567e-01
2.20000e-01 4.40811e-01
2.24000e-01 4.41027e-01
2.28000e-01 4.42599e-01
2.32000e-01 4.47054e-01
2.36000e-01 4.55343e-01
2.40000e-01 4.68182e-01
2.44000e-01 4.86469e-01
2.48000e-01 5.06189e-01
2.52000e-01 5.15681e-01
2.56000e-01 5.16809e-01
2.60000e-01 5.16832e-01
2.64000e-01 5.16835e-01
2.68000e-01 5.16840e-01
2.72000e-01 5.16860e-01
2.76000e-01 5.16923e-01
2.80000e-01 5.17094e-01
2.84000e-01 5.17512e-01
2.88000e-01 5.18577e-01
2.92000e-01 5.21881e-01
2.96000e-01 5.32506e-01
3.00000e-01 5.49039e-01
3.04000e-01 5.52280e-01
3.08000e-01 5.44280e-01
3.12000e-01 4.91744e-01
3.16000e-01 4.33671e-01
3.20000e-01 4.24672e-01
3.24000e-01 4.24798e-01
3.28000e-01 4.26221e-01
3.32000e-01 4.29900e-01
3.36000e-01 4.35469e-01
3.40000e-01 4.41852e-01
3.44000e-01 4.48629e-01
3.48000e-01 4.56445e-01
3.52000e-01 4.66883e-01
3.56000e-01 4.81335e-01
3.60000e-01 4.95411e-01
3.64000e-01 5.00714e-01
3.68000e-01 5.01144e-01
3.72000e-01 5.01149e-01
3.76000e-01 5.01149e-01
3.80000e-01 5.01150e-01
3.84000e-01 5.01153e-01
3.88000e-01 5.01163e-01
3.92000e-01 5.01194e-01
3.96000e-01 5.01281e-01
4.00000e-01 5.01506e-01
4.04000e-01 5.02046e-01
4.08000e-01 5.03299e-01
4.12000e-01 5.06213e-01
4.16000e-01 5.12966e-01
4.20000e-01 5.26456e-01
4.24000e-01 5.41512e-01
4.28000e-01 5.46402e-01
4.32000e-01 5.46552e-01
4.36000e-01 5.46065e-01
4.40000e-01 5.42369e-01
4.44000e-01 5.29255e-01
4.48000e-01 5.11305e-01
4.52000e-01 5.03148e-01
4.56000e-01 5.00244e-01
4.60000e-01 4.95789e-01
4.64000e-01 4.79206e-01
4.68000e-01 4.41979e-01
4.72000e-01 4.18951e-01
4.76000e-01 4.16428e-01
4.80000e-01 4.16422e-01
4.84000e-01 4.16559e-01
4.88000e-01 4.17124e-01
4.92000e-01 4.18571e-01
4.96000e-01 4.21336e-01
5.00000e-01 4.25524e-01
5.04000e-01 4.30727e-01
5.08000e-01 4.36211e-01
5.12000e-01 4.41340e-01
5.16000e-01 4.45858e-01
5.20000e-01 4.49838e-01
5.24000e-01 4.53484e-01
5.28000e-01 4.56985e-01
5.32000e-01 4.60465e-01
5.36000e-01 4.63975e-01
5.40000e-01 4.67515e-01
5.44000e-01 4.71057e-01
5.48000e-01 4.74565e-01
5.52000e-01 4.78010e-01
5.56000e-01 4.81373e-01
5.60000e-01 4.84641e-01
5.64000e-01 4.87805e-01
5.68000e-01 4.90849e-01
5.72000e-01 4.93761e-01
5.76000e-01 4.96539e-01
5.80000e-01 4.99209e-01
5.84000e-01 5.01867e-01
5.88000e-01 5.04723e-01
5.92000e-01 5.08231e-01
5.96000e-01 5.13407e-01
6.00000e-01 5.22458e-01
6.04000e-01 5.38038e-01
6.08000e-01 5.54277e-01
6.12000e-01 5.59434e-01
6.16000e-01 5.59605e-01
6.20000e-01 5.59085e-01
6.24000e-01 5.53608e-01
6.28000e-01 5.27596e-01
6.32000e-01 4.91669e-01
6.36000e-01 4.82296e-01
6.40000e-01 4.82100e-01
6.44000e-01 4.82463e-01
6.48000e-01 4.84228e-01
6.52000e-01 4.89177e-01
6.56000e-01 4.99925e-01
6.60000e-01 5.16633e-01
6.64000e-01 5.28731e-01
6.68000e-01 5.31033e-01
6.72000e-01 5.31095e-01
6.76000e-01 5.31091e-01
6.80000e-01 5.31024e-01
6.84000e-01 5.30266e-01
6.88000e-01 5.23179e-01
6.92000e-01 4.87520e-01
6.96000e-01 4.38386e-01
7.00000e-01 4.26273e-01
7.04000e-01 4.26068e-01
7.08000e-01 4.26567e-01
7.12000e-01 4.28201e-01
7.16000e-01 4.30616e-01
7.20000e-01 4.33063e-01
7.24000e-01 4.35742e-01
7.28000e-01 4.39681e-01
7.32000e-01 4.45621e-01
7.36000e-01 4.50891e-01
7.40000e-01 4.52404e-01
7.44000e-01 4.52486e-01
7.48000e-01 4.52487e-01
7.52000e-01 4.52488e-01
7.56000e-01 4.52490e-01
7.60000e-01 4.52495e-01
7.64000e-01 4.52511e-01
7.68000e-01 4.52555e-01
7.72000e-01 4.52659e-01
7.76000e-01 4.52882e-01
7.80000e-01 4.53313e-01
7.84000e-01 4.54059e-01
7.88000e-01 4.55210e-01
7.92000e-01 4.56810e-01
7.96000e-01 4.58891e-01
8.00000e-01 4.61618e-01
8.04000e-01 4.65530e-01
8.08000e-01 4.71859e-01
8.12000e-01 4.82201e-01
8.16000e-01 4.94106e-01
8.20000e-01 4.99553e-01
8.24000e-01 5.00109e-01
8.28000e-01 5.00116e-01
8.32000e-01 5.00116e-01
8.36000e-01 5.00116e-01
8.40000e-01 5.00116e-01
8.44000e-01 5.00116e-01
8.48000e-01 5.00116e-01
8.52000e-01 5.00117e-01
8.56000e-01 5.00118e-01
8.60000e-01 5.00125e-01
8.64000e-01 5.00149e-01
8.68000e-01 5.00242e-01
8.72000e-01 5.00600e-01
8.76000e-01 5.01874e-01
8.80000e-01 5.05369e-01
8.84000e-01 5.10062e-01
8.88000e-01 5.11660e-01
8.92000e-01 5.11671e-01
8.96000e-01 5.11141e-01
9.00000e-01 5.08075e-01
9.04000e-01 4.99923e-01
9.08000e-01 4.93045e-01
9.12000e-01 4.91960e-01
9.16000e-01 4.91989e-01
9.20000e-01 4.92372e-01
9.24000e-01 4.93730e-01
9.28000e-01 4.95587e-01
9.32000e-01 4.96265e-01
9.36000e-01 4.96308e-01
9.40000e-01 4.96310e-01
9.44000e-01 4.96313e-01
9.48000e-01 4.96320e-01
9.52000e-01 4.96343e-01
9.56000e-01 4.96409e-01
9.60000e-01 4.96575e-01
9.64000e-01 4.96943e-01
9.68000e-01 4.97680e-01
9.72000e-01 4.99010e-01
9.76000e-01 5.01160e-01
9.80000e-01 5.04162e-01
9.84000e-01 5.07560e-01
9.88000e-01 5.10507e-01
9.92000e-01 5.12641e-01
9.96000e-01 5.14463e-01
1.00000e+00 5.17121e-01
1.00400e+00 5.23360e-01
1.00800e+00 5.36146e-01
1.01200e+00 5.44593e-01
1.01600e+00 5.44646e-01
1.02000e+00 5.36708e-01
1.02400e+00 4.99600e-01
1.02800e+00 4.63358e-01
1.03200e+00 4.58631e-01
1.03600e+00 4.59541e-01
1.04000e+00 4.64601e-01
1.04400e+00 4.72729e-01
1.04800e+00 4.76119e-01
1.05200e+00 4.76361e-01
1.05600e+00 4.76364e-01
1.06000e+00 4.76365e-01
1.06400e+00 4.76367e-01
1.06800e+00 4.76376e-01
1.07200e+00 4.76403e-01
1.07600e+00 4.76473e-01
1.08000e+00 4.76633e-01
1.08400e+00 4.76950e-01
1.08800e+00 4.77507e-01
1.09200e+00 4.78414e-01
1.09600e+00 4.79916e-01
1.10000e+00 4.82657e-01
1.10400e+00 4.88013e-01
1.10800e+00 4.96797e-01
1.11200e+00 5.04156e-01
1.11600e+00 5.05918e-01
1.12000e+00 5.05988e-01
1.12400e+00 5.05988e-01
1.12800e+00 5.05989e-01
1.13200e+00 5.05990e-01
1.13600e+00 5.05995e-01
1.14000e+00 5.06018e-01
1.14400e+00 5.06118e-01
1.14800e+00 5.06529e-01
1.15200e+00 5.08074e-01
1.15600e+00 5.12212e-01
1.16000e+00 5.16785e-01
1.16400e+00 5.17731e-01
1.16800e+00 5.17524e-01
1.17200e+00 5.15301e-01
1.17600e+00 5.05868e-01
1.18000e+00 4.91331e-01
1.18400e+00 4.86055e-01
1.18800e+00 4.85818e-01
1.19200e+00 4.85909e-01
1.19600e+00 4.86492e-01
1.20000e+00 4.88482e-01
1.20400e+00 4.93676e-01
1.20800e+00 5.04669e-01
1.21200e+00 5.19624e-01
1.21600e+00 5.27478e-01
1.22000e+00 5.28385e-01
1.22400e+00 5.28398e-01
1.22800e+00 5.28398e-01
1.23200e+00 5.28398e-01
1.23600e+00 5.28398e-01
1.24000e+00 5.28398e-01
1.24400e+00 5.28398e-01
1.24800e+00 5.28398e-01
1.25200e+00 5.28398e-01
1.25600e+00 5.28398e-01
1.26000e+00 5.28398e-01
1.26400e+00 5.28398e-01
1.26800e+00 5.28398e-01
1.27200e+00 5.28398e-01
1.27600e+00 5.28398e-01
1.28000e+00 5.28400e-01
1.28400e+00 5.28407e-01
1.28800e+00 5.28435e-01
1.29200e+00 5.28546e-01
1.29600e+00 5.28977e-01
1.30000e+00 5.30477e-01
1.30400e+00 5.34222e-01
1.30800e+00 5.38483e-01
1.31200e+00 5.39774e-01
1.31600e+00 5.39835e-01
1.32000e+00 5.39835e-01
1.32400e+00 5.39835e-01
1.32800e+00 5.39835e-01
1.33200e+00 5.39835e-01
1.33600e+00 5.39836e-01
1.34000e+00 5.39839e-01
1.34400e+00 5.39854e-01
1.34800e+00 5.39927e-01
1.35200e+00 5.40267e-01
1.35600e+00 5.41620e-01
1.36000e+00 5.45038e-01
1.36400e+00 5.48230e-01
1.36800e+00 5.48794e-01
1.37200e+00 5.48743e-01
1.37600e+00 5.47939e-01
1.38000e+00 5.41485e-01
1.38400e+00 5.13133e-01
1.38800e+00 4.74743e-01
1.39200e+00 4.64371e-01
1.39600e+00 4.64026e-01
1.40000e+00 4.64047e-01
1.40400e+00 4.64198e-01
1.40800e+00 4.64745e-01
1.41200e+00 4.66224e-01
1.41600e+00 4.69727e-01
1.42000e+00 4.77166e-01
1.42400e+00 4.88928e-01
1.42800e+00 4.97512e-01
1.43200e+00 4.99059e-01
1.43600e+00 4.99065e-01
1.44000e+00 4.98792e-01
1.44400e+00 4.96878e-01
1.44800e+00 4.88618e-01
1.45200e+00 4.72034e-01
1.45600e+00 4.62490e-01
1.46000e+00 4.61494e-01
1.46400e+00 4.61490e-01
1.46800e+00 4.61531e-01
1.47200e+00 4.61736e-01
1.47600e+00 4.62431e-01
1.48000e+00 4.64398e-01
1.48400e+00 4.68815e-01
1.48800e+00 4.74614e-01
1.49200e+00 4.77293e-01
1.49600e+00 4.77550e-01
1.50000e+00 4.77553e-01
1.50400e+00 4.77553e-01
1.50800e+00 4.77553e-01
1.51200e+00 4.77553e-01
1.51600e+00 4.77553e-01
1.52000e+00 4.77553e-01
1.52400e+00 4.77554e-01
1.52800e+00 4.77554e-01
1.53200e+00 4.77555e-01
1.53600e+00 4.77558e-01
1.54000e+00 4.77564e-01
1.54400e+00 4.77578e-01
1.54800e+00 4.77613e-01
1.55200e+00 4.77724e-01
1.55600e+00 4.78133e-01
1.56000e+00 4.79574e-01
1.56400e+00 4.82687e-01
1.56800e+00 4.84595e-01
1.57200e+00 4.84613e-01
1.57600e+00 4.83330e-01
1.58000e+00 4.75698e-01
1.58400e+00 4.56925e-01
1.58800e+00 4.44101e-01
1.59200e+00 4.42698e-01
1.59600e+00 4.42865e-01
1.60000e+00 4.44112e-01
1.60400e+00 4.48287e-01
1.60800e+00 4.56966e-01
1.61200e+00 4.66051e-01
1.61600e+00 4.69025e-01
1.62000e+00 4.69205e-01
1.62400e+00 4.69206e-01
1.62800e+00 4.69206e-01
1.63200e+00 4.69206e-01
1.63600e+00 4.69206e-01
1.64000e+00 4.69206e-01
1.64400e+00 4.69207e-01
1.64800e+00 4.69207e-01
1.65200e+00 4.69207e-01
1.65600e+00 4.69207e-01
1.66000e+00 4.69208e-01
1.66400e+00 4.69210e-01
1.66800e+00 4.69215e-01
1.67200e+00 4.69227e-01
1.67600e+00 4.69254e-01
1.68000e+00 4.69311e-01
1.68400e+00 4.69427e-01
1.68800e+00 4.69649e-01
1.69200e+00 4.70042e-01
1.69600e+00 4.70678e-01
1.70000e+00 4.71628e-01
1.70400e+00 4.73005e-01
1.70800e+00 4.75117e-01
1.71200e+00 4.78678e-01
1.71600e+00 4.84496e-01
1.72000e+00 4.90799e-01
1.72400e+00 4.93494e-01
1.72800e+00 4.93827e-01
1.73200e+00 4.93877e-01
1.73600e+00 4.93940e-01
1.74000e+00 4.94145e-01
1.74400e+00 4.94913e-01
1.74800e+00 4.97247e-01
1.75200e+00 5.00959e-01
1.75600e+00 5.02527e-01
1.76000e+00 5.02542e-01
1.76400e+00 5.01884e-01
1.76800e+00 4.97603e-01
1.77200e+00 4.83772e-01
1.77600e+00 4.68288e-01
1.78000e+00 4.64441e-01
1.78400e+00 4.64323e-01
1.78800e+00 4.64347e-01
1.79200e+00 4.64496e-01
1.79600e+00 4.64974e-01
1.80000e+00 4.66052e-01
1.80400e+00 4.67930e-01
1.80800e+00 4.70546e-01
1.81200e+00 4.73600e-01
1.81600e+00 4.76937e-01
1.82000e+00 4.80931e-01
1.82400e+00 4.86740e-01
1.82800e+00 4.96275e-01
1.83200e+00 5.08891e-01
1.83600e+00 5.16458e-01
1.84000e+00 5.17588e-01
1.84400e+00 5.17611e-01
1.84800e+00 5.17611e-01
1.85200e+00 5.17606e-01
1.85600e+00 5.17565e-01
1.86000e+00 5.17270e-01
1.86400e+00 5.15299e-01
1.86800e+00 5.05272e-01
1.87200e+00 4.81105e-01
1.87600e+00 4.65106e-01
1.88000e+00 4.63317e-01
1.88400e+00 4.63363e-01
1.88800e+00 4.63861e-01
1.89200e+00 4.65820e-01
1.89600e+00 4.71091e-01
1.90000e+00 4.80713e-01
1.90400e+00 4.89024e-01
1.90800e+00 4.91032e-01
1.91200e+00 4.91111e-01
1.91600e+00 4.91111e-01
1.92000e+00 4.91111e-01
1.92400e+00 4.91111e-01
1.92800e+00 4.91111e-01
1.93200e+00 4.91111e-01
1.93600e+00 4.91112e-01
1.94000e+00 4.91113e-01
1.94400e+00 4.91116e-01
1.94800e+00 4.91124e-01
1.95200e+00 4.91145e-01
1.95600e+00 4.91191e-01
1.96000e+00 4.91289e-01
1.96400e+00 4.91481e-01
1.96800e+00 4.91823e-01
1.97200e+00 4.92376e-01
1.97600e+00 4.93209e-01
1.98000e+00 4.94436e-01
1.98400e+00 4.96383e-01
1.98800e+00 4.99489e-01
1.99200e+00 5.11146e-01
1.99600e+00 5.12142e-01
