0.00000e+00 4.28041e-01
4.00000e-03 4.28041e-01
8.00000e-03 4.28042e-01
1.20000e-02 4.28045e-01
1.60000e-02 4.28071e-01
2.00000e-02 4.28183e-01
2.40000e-02 4.28429e-01
2.80000e-02 4.28774e-01
3.20000e-02 4.29329e-01
3.60000e-02 4.30743e-01
4.00000e-02 4.34757e-01
4.40000e-02 4.44274e-01
4.80000e-02 4.62315e-01
5.20000e-02 4.91523e-01
5.60000e-02 5.32399e-01
6.00000e-02 5.69005e-01
6.40000e-02 5.80273e-01
6.80000e-02 5.80865e-01
7.20000e-02 5.80830e-01
7.60000e-02 5.80314e-01
8.00000e-02 5.76460e-01
8.40000e-02 5.61041e-01
8.80000e-02 5.39545e-01
9.20000e-02 5.31789e-01
9.60000e-02 5.30460e-01
1.00000e-01 5.29467e-01
1.04000e-01 5.27422e-01
1.08000e-01 5.23197e-01
1.12000e-01 5.14447e-01
1.16000e-01 4.94020e-01
1.20000e-01 4.64137e-01
1.24000e-01 4.51211e-01
1.28000e-01 4.50409e-01
1.32000e-01 4.50676e-01
1.36000e-01 4.52288e-01
1.40000e-01 4.56959e-01
1.44000e-01 4.66565e-01
1.48000e-01 4.82771e-01
1.52000e-01 5.03293e-01
1.56000e-01 5.16206e-01
1.60000e-01 5.18624e-01
1.64000e-01 5.18774e-01
1.68000e-01 5.18829e-01
1.72000e-01 5.18947e-01
1.76000e-01 5.19376e-01
1.80000e-01 5.21016e-01
1.84000e-01 5.26875e-01
1.88000e-01 5.40696e-01
1.92000e-01 5.50560e-01
1.96000e-01 5.50780e-01
2.00000e-01 5.43373e-01
2.04000e-01 5.09999e-01
2.08000e-01 4.79832e-01
2.12000e-01 4.76766e-01
2.16000e-01 4.78714e-01
2.20000e-01 4.86289e-01
2.24000e-01 4.90808e-01
2.28000e-01 4.90231e-01
2.32000e-01 4.82414e-01
2.36000e-01 4.59334e-01
2.40000e-01 4.43230e-01
2.44000e-01 4.41612e-01
2.48000e-01 4.41888e-01
2.52000e-01 4.43576e-01
2.56000e-01 4.48075e-01
2.60000e-01 4.56197e-01
2.64000e-01 4.68627e-01
2.68000e-01 4.86373e-01
2.72000e-01 5.05872e-01
2.76000e-01 5.15601e-01
2.80000e-01 5.16812e-01
2.84000e-01 5.16835e-01
2.88000e-01 5.16837e-01
2.92000e-01 5.16839e-01
2.96000e-01 5.16848e-01
3.00000e-01 5.16878e-01
3.04000e-01 5.16962e-01
3.08000e-01 5.17178e-01
3.12000e-01 5.17794e-01
3.16000e-01 5.20005e-01
3.20000e-01 5.28014e-01
3.24000e-01 5.41352e-01
3.28000e-01 5.44019e-01
3.32000e-01 5.37131e-01
3.36000e-01 4.90984e-01
3.40000e-01 4.35612e-01
3.44000e-01 4.25923e-01
3.48000e-01 4.26043e-01
3.52000e-01 4.27609e-01
3.56000e-01 4.31681e-01
3.60000e-01 4.37703e-01
3.64000e-01 4.44292e-01
3.68000e-01 4.51003e-01
3.72000e-01 4.58665e-01
3.76000e-01 4.69035e-01
3.80000e-01 4.83359e-01
3.84000e-01 4.96498e-01
3.88000e-01 5.00855e-01
3.92000e-01 5.01147e-01
3.96000e-01 5.01149e-01
4.00000e-01 5.01150e-01
4.04000e-01 5.01150e-01
4.08000e-01 5.01152e-01
4.12000e-01 5.01158e-01
4.16000e-01 5.01178e-01
4.20000e-01 5.01235e-01
4.24000e-01 5.01385e-01
4.28000e-01 5.01747e-01
4.32000e-01 5.02588e-01
4.36000e-01 5.04526e-01
4.40000e-01 5.09028e-01
4.44000e-01 5.18969e-01
4.48000e-01 5.34715e-01
4.52000e-01 5.44863e-01
4.56000e-01 5.46180e-01
4.60000e-01 5.46095e-01
4.64000e-01 5.44937e-01
4.68000e-01 5.38636e-01
4.72000e-01 5.22756e-01
4.76000e-01 5.07960e-01
4.80000e-01 5.00345e-01
4.84000e-01 4.90664e-01
4.88000e-01 4.63956e-01
4.92000e-01 4.28030e-01
4.96000e-01 4.16977e-01
5.00000e-01 4.16528e-01
5.04000e-01 4.16584e-01
5.08000e-01 4.16928e-01
5.12000e-01 4.17956e-01
5.16000e-01 4.20104e-01
5.20000e-01 4.23627e-01
5.24000e-01 4.28368e-01
5.28000e-01 4.33747e-01
5.32000e-01 4.39048e-01
5.36000e-01 4.43795e-01
5.40000e-01 4.47895e-01
5.44000e-01 4.51508e-01
5.48000e-01 4.54860e-01
5.52000e-01 4.58130e-01
5.56000e-01 4.61422e-01
5.60000e-01 4.64771e-01
5.64000e-01 4.68165e-01
5.68000e-01 4.71569e-01
5.72000e-01 4.74942e-01
5.76000e-01 4.78256e-01
5.80000e-01 4.81493e-01
5.84000e-01 4.84644e-01
5.88000e-01 4.87699e-01
5.92000e-01 4.90648e-01
5.96000e-01 4.93475e-01
6.00000e-01 4.96166e-01
6.04000e-01 4.98730e-01
6.08000e-01 5.01215e-01
6.12000e-01 5.03756e-01
6.16000e-01 5.06639e-01
6.20000e-01 5.10492e-01
6.24000e-01 5.16749e-01
6.28000e-01 5.28222e-01
6.32000e-01 5.45620e-01
6.36000e-01 5.57456e-01
6.40000e-01 5.59162e-01
6.44000e-01 5.59032e-01
6.48000e-01 5.56802e-01
6.52000e-01 5.41528e-01
6.56000e-01 5.04263e-01
6.60000e-01 4.84040e-01
6.64000e-01 4.82530e-01
6.68000e-01 4.82681e-01
6.72000e-01 4.83757e-01
6.76000e-01 4.87309e-01
6.80000e-01 4.95790e-01
6.84000e-01 5.11085e-01
6.88000e-01 5.26169e-01
6.92000e-01 5.30833e-01
6.96000e-01 5.31081e-01
7.00000e-01 5.31077e-01
7.04000e-01 5.30982e-01
7.08000e-01 5.29904e-01
7.12000e-01 5.20373e-01
7.16000e-01 4.79454e-01
7.20000e-01 4.34928e-01
7.24000e-01 4.26725e-01
7.28000e-01 4.26685e-01
7.32000e-01 4.27274e-01
7.36000e-01 4.28982e-01
7.40000e-01 4.31516e-01
7.44000e-01 4.34363e-01
7.48000e-01 4.37886e-01
7.52000e-01 4.43019e-01
7.56000e-01 4.49021e-01
7.60000e-01 4.52093e-01
7.64000e-01 4.52480e-01
7.68000e-01 4.52488e-01
7.72000e-01 4.52488e-01
7.76000e-01 4.52489e-01
7.80000e-01 4.52491e-01
7.84000e-01 4.52499e-01
7.88000e-01 4.52520e-01
7.92000e-01 4.52574e-01
7.96000e-01 4.52698e-01
8.00000e-01 4.52956e-01
8.04000e-01 4.53440e-01
8.08000e-01 4.54255e-01
8.12000e-01 4.55480e-01
8.16000e-01 4.57141e-01
8.20000e-01 4.59265e-01
8.24000e-01 4.62026e-01
8.28000e-01 4.65993e-01
8.32000e-01 4.72443e-01
8.36000e-01 4.82927e-01
8.40000e-01 4.94621e-01
8.44000e-01 4.99644e-01
8.48000e-01 5.00111e-01
8.52000e-01 5.00116e-01
8.56000e-01 5.00116e-01
8.60000e-01 5.00116e-01
8.64000e-01 5.00116e-01
8.68000e-01 5.00116e-01
8.72000e-01 5.00116e-01
8.76000e-01 5.00117e-01
8.80000e-01 5.00118e-01
8.84000e-01 5.00122e-01
8.88000e-01 5.00140e-01
8.92000e-01 5.00209e-01
8.96000e-01 5.00475e-01
9.00000e-01 5.01444e-01
9.04000e-01 5.04322e-01
9.08000e-01 5.09015e-01
9.12000e-01 5.11268e-01
9.16000e-01 5.11374e-01
9.20000e-01 5.11071e-01
9.24000e-01 5.08954e-01
9.28000e-01 5.02099e-01
9.32000e-01 4.94175e-01
9.36000e-01 4.92188e-01
9.40000e-01 4.92164e-01
9.44000e-01 4.92390e-01
9.48000e-01 4.93406e-01
9.52000e-01 4.95230e-01
9.56000e-01 4.96208e-01
9.60000e-01 4.96309e-01
9.64000e-01 4.96312e-01
9.68000e-01 4.96314e-01
9.72000e-01 4.96318e-01
9.76000e-01 4.96334e-01
9.80000e-01 4.96379e-01
9.84000e-01 4.96498e-01
9.88000e-01 4.96770e-01
9.92000e-01 4.97334e-01
9.96000e-01 4.98396e-01
1.00000e+00 5.00211e-01
1.00400e+00 5.02958e-01
1.00800e+00 5.06400e-01
1.01200e+00 5.09651e-01
1.01600e+00 5.11978e-01
1.02000e+00 5.13689e-01
1.02400e+00 5.15799e-01
1.02800e+00 5.20496e-01
1.03200e+00 5.31159e-01
1.03600e+00 5.40399e-01
1.04000e+00 5.41026e-01
1.04400e+00 5.36230e-01
1.04800e+00 5.07616e-01
1.05200e+00 4.69228e-01
1.05600e+00 4.61232e-01
1.06000e+00 4.61679e-01
1.06400e+00 4.65335e-01
1.06800e+00 4.72421e-01
1.07200e+00 4.76033e-01
1.07600e+00 4.76361e-01
1.08000e+00 4.76365e-01
1.08400e+00 4.76366e-01
1.08800e+00 4.76368e-01
1.09200e+00 4.76376e-01
1.09600e+00 4.76401e-01
1.10000e+00 4.76465e-01
1.10400e+00 4.76611e-01
1.10800e+00 4.76899e-01
1.11200e+00 4.77409e-01
1.11600e+00 4.78247e-01
1.12000e+00 4.79651e-01
1.12400e+00 4.82238e-01
1.12800e+00 4.87353e-01
1.13200e+00 4.96019e-01
1.13600e+00 5.03812e-01
1.14000e+00 5.05893e-01
1.14400e+00 5.05988e-01
1.14800e+00 5.05989e-01
1.15200e+00 5.05989e-01
1.15600e+00 5.05990e-01
1.16000e+00 5.05993e-01
1.16400e+00 5.06009e-01
1.16800e+00 5.06077e-01
1.17200e+00 5.06361e-01
1.17600e+00 5.07469e-01
1.18000e+00 5.10796e-01
1.18400e+00 5.15555e-01
1.18800e+00 5.17120e-01
1.19200e+00 5.17049e-01
1.19600e+00 5.15685e-01
1.20000e+00 5.08700e-01
1.20400e+00 4.94393e-01
1.20800e+00 4.86636e-01
1.21200e+00 4.85975e-01
1.21600e+00 4.86018e-01
1.22000e+00 4.86387e-01
1.22400e+00 4.87791e-01
1.22800e+00 4.91679e-01
1.23200e+00 5.00539e-01
1.23600e+00 5.15081e-01
1.24000e+00 5.26126e-01
1.24400e+00 5.28332e-01
1.24800e+00 5.28398e-01
1.25200e+00 5.28398e-01
1.25600e+00 5.28398e-01
1.26000e+00 5.28398e-01
1.26400e+00 5.28398e-01
1.26800e+00 5.28398e-01
1.27200e+00 5.28398e-01
1.27600e+00 5.28398e-01
1.28000e+00 5.28398e-01
1.28400e+00 5.28398e-01
1.28800e+00 5.28398e-01
1.29200e+00 5.28398e-01
1.29600e+00 5.28398e-01
1.30000e+00 5.28398e-01
1.30400e+00 5.28399e-01
1.30800e+00 5.28402e-01
1.31200e+00 5.28413e-01
1.31600e+00 5.28460e-01
1.32000e+00 5.28645e-01
1.32400e+00 5.29345e-01
1.32800e+00 5.31582e-01
1.33200e+00 5.36019e-01
1.33600e+00 5.39294e-01
1.34000e+00 5.39825e-01
1.34400e+00 5.39835e-01
1.34800e+00 5.39835e-01
1.35200e+00 5.39835e-01
1.35600e+00 5.39835e-01
1.36000e+00 5.39836e-01
1.36400e+00 5.39837e-01
1.36800e+00 5.39842e-01
1.37200e+00 5.39866e-01
1.37600e+00 5.39984e-01
1.38000e+00 5.40508e-01
1.38400e+00 5.42393e-01
1.38800e+00 5.46147e-01
1.39200e+00 5.48381e-01
1.39600e+00 5.48529e-01
1.40000e+00 5.48180e-01
1.40400e+00 5.44289e-01
1.40800e+00 5.22302e-01
1.41200e+00 4.81162e-01
1.41600e+00 4.64969e-01
1.42000e+00 4.64093e-01
1.42400e+00 4.64109e-01
1.42800e+00 4.64257e-01
1.43200e+00 4.64809e-01
1.43600e+00 4.66308e-01
1.44000e+00 4.69861e-01
1.44400e+00 4.77402e-01
1.44800e+00 4.89185e-01
1.45200e+00 4.97501e-01
1.45600e+00 4.98914e-01
1.46000e+00 4.98913e-01
1.46400e+00 4.98609e-01
1.46800e+00 4.96533e-01
1.47200e+00 4.87823e-01
1.47600e+00 4.71223e-01
1.48000e+00 4.62359e-01
1.48400e+00 4.61525e-01
1.48800e+00 4.61524e-01
1.49200e+00 4.61576e-01
1.49600e+00 4.61824e-01
1.50000e+00 4.62651e-01
1.50400e+00 4.64943e-01
1.50800e+00 4.69802e-01
1.51200e+00 4.75364e-01
1.51600e+00 4.77409e-01
1.52000e+00 4.77552e-01
1.52400e+00 4.77553e-01
1.52800e+00 4.77553e-01
1.53200e+00 4.77553e-01
1.53600e+00 4.77553e-01
1.54000e+00 4.77553e-01
1.54400e+00 4.77553e-01
1.54800e+00 4.77554e-01
1.55200e+00 4.77554e-01
1.55600e+00 4.77555e-01
1.56000e+00 4.77558e-01
1.56400e+00 4.77563e-01
1.56800e+00 4.77576e-01
1.57200e+00 4.77615e-01
1.57600e+00 4.77751e-01
1.58000e+00 4.78278e-01
1.58400e+00 4.80022e-01
1.58800e+00 4.82930e-01
1.59200e+00 4.83966e-01
1.59600e+00 4.83797e-01
1.60000e+00 4.81649e-01
1.60400e+00 4.71410e-01
1.60800e+00 4.52444e-01
1.61200e+00 4.43711e-01
1.61600e+00 4.43218e-01
1.62000e+00 4.43524e-01
1.62400e+00 4.45293e-01
1.62800e+00 4.50524e-01
1.63200e+00 4.59942e-01
1.63600e+00 4.67505e-01
1.64000e+00 4.69150e-01
1.64400e+00 4.69206e-01
1.64800e+00 4.69206e-01
1.65200e+00 4.69206e-01
1.65600e+00 4.69206e-01
1.66000e+00 4.69206e-01
1.66400e+00 4.69206e-01
1.66800e+00 4.69207e-01
1.67200e+00 4.69207e-01
1.67600e+00 4.69207e-01
1.68000e+00 4.69207e-01
1.68400e+00 4.69208e-01
1.68800e+00 4.69210e-01
1.69200e+00 4.69215e-01
1.69600e+00 4.69228e-01
1.70000e+00 4.69255e-01
1.70400e+00 4.69312e-01
1.70800e+00 4.69428e-01
1.71200e+00 4.69649e-01
1.71600e+00 4.70037e-01
1.72000e+00 4.70659e-01
1.72400e+00 4.71581e-01
1.72800e+00 4.72926e-01
1.73200e+00 4.75032e-01
1.73600e+00 4.78694e-01
1.74000e+00 4.84761e-01
1.74400e+00 4.91131e-01
1.74800e+00 4.93615e-01
1.75200e+00 4.93875e-01
1.75600e+00 4.93911e-01
1.76000e+00 4.93959e-01
1.76400e+00 4.94129e-01
1.76800e+00 4.94788e-01
1.77200e+00 4.96879e-01
1.77600e+00 5.00450e-01
1.78000e+00 5.02117e-01
1.78400e+00 5.02147e-01
1.78800e+00 5.01512e-01
1.79200e+00 4.97308e-01
1.79600e+00 4.83670e-01
1.80000e+00 4.68327e-01
1.80400e+00 4.64488e-01
1.80800e+00 4.64369e-01
1.81200e+00 4.64392e-01
1.81600e+00 4.64538e-01
1.82000e+00 4.65006e-01
1.82400e+00 4.66066e-01
1.82800e+00 4.67924e-01
1.83200e+00 4.70525e-01
1.83600e+00 4.73554e-01
1.84000e+00 4.76809e-01
1.84400e+00 4.80594e-01
1.84800e+00 4.85952e-01
1.85200e+00 4.94757e-01
1.85600e+00 5.07205e-01
1.86000e+00 5.15917e-01
1.86400e+00 5.17563e-01
1.86800e+00 5.17610e-01
1.87200e+00 5.17610e-01
1.87600e+00 5.17605e-01
1.88000e+00 5.17568e-01
1.88400e+00 5.17296e-01
1.88800e+00 5.15471e-01
1.89200e+00 5.06022e-01
1.89600e+00 4.82296e-01
1.90000e+00 4.65610e-01
1.90400e+00 4.63588e-01
1.90800e+00 4.63629e-01
1.91200e+00 4.64130e-01
1.91600e+00 4.66133e-01
1.92000e+00 4.71529e-01
1.92400e+00 4.81221e-01
1.92800e+00 4.89239e-01
1.93200e+00 4.91047e-01
1.93600e+00 4.91111e-01
1.94000e+00 4.91111e-01
1.94400e+00 4.91111e-01
1.94800e+00 4.91111e-01
1.95200e+00 4.91111e-01
1.95600e+00 4.91111e-01
1.96000e+00 4.91112e-01
1.96400e+00 4.91112e-01
1.96800e+00 4.91115e-01
1.97200e+00 4.91121e-01
1.97600e+00 4.91137e-01
1.98000e+00 4.91173e-01
1.98400e+00 4.91255e-01
1.98800e+00 4.91391e-01
1.99200e+00 4.92005e-01
1.99600e+00 4.92058e-01
