0.00000e+00 4.48868e-01
4.00000e-03 4.48867e-01
8.00000e-03 4.48865e-01
1.20000e-02 4.48817e-01
1.60000e-02 4.48357e-01
2.00000e-02 4.45657e-01
2.40000e-02 4.37689e-01
2.80000e-02 4.29801e-01
3.20000e-02 4.28127e-01
3.60000e-02 4.28094e-01
4.00000e-02 4.28128e-01
4.40000e-02 4.28263e-01
4.80000e-02 4.28542e-01
5.20000e-02 4.29051e-01
5.60000e-02 4.30119e-01
6.00000e-02 4.32570e-01
6.40000e-02 4.37813e-01
6.80000e-02 4.47402e-01
7.20000e-02 4.62394e-01
7.60000e-02 4.83720e-01
8.00000e-02 5.13347e-01
8.40000e-02 5.50005e-01
8.80000e-02 5.75513e-01
9.20000e-02 5.80640e-01
9.60000e-02 5.80777e-01
1.00000e-01 5.80726e-01
1.04000e-01 5.80116e-01
1.08000e-01 5.75883e-01
1.12000e-01 5.59806e-01
1.16000e-01 5.38237e-01
1.20000e-01 5.30546e-01
1.24000e-01 5.29276e-01
1.28000e-01 5.28440e-01
1.32000e-01 5.26389e-01
1.36000e-01 5.18332e-01
1.40000e-01 4.92312e-01
1.44000e-01 4.59971e-01
1.48000e-01 4.51113e-01
1.52000e-01 4.50889e-01
1.56000e-01 4.51239e-01
1.60000e-01 4.52949e-01
1.64000e-01 4.57467e-01
1.68000e-01 4.66418e-01
1.72000e-01 4.81520e-01
1.76000e-01 5.01606e-01
1.80000e-01 5.15671e-01
1.84000e-01 5.18663e-01
1.88000e-01 5.18819e-01
1.92000e-01 5.18849e-01
1.96000e-01 5.18904e-01
2.00000e-01 5.19112e-01
2.04000e-01 5.19962e-01
2.08000e-01 5.23315e-01
2.12000e-01 5.33324e-01
2.16000e-01 5.45123e-01
2.20000e-01 5.46928e-01
2.24000e-01 5.43932e-01
2.28000e-01 5.22558e-01
2.32000e-01 4.88694e-01
2.36000e-01 4.80462e-01
2.40000e-01 4.81172e-01
2.44000e-01 4.85286e-01
2.48000e-01 4.87629e-01
2.52000e-01 4.86643e-01
2.56000e-01 4.77588e-01
2.60000e-01 4.55525e-01
2.64000e-01 4.43216e-01
2.68000e-01 4.42341e-01
2.72000e-01 4.42677e-01
2.76000e-01 4.44481e-01
2.80000e-01 4.49018e-01
2.84000e-01 4.56979e-01
2.88000e-01 4.69020e-01
2.92000e-01 4.86241e-01
2.96000e-01 5.05517e-01
3.00000e-01 5.15502e-01
3.04000e-01 5.16811e-01
3.08000e-01 5.16837e-01
3.12000e-01 5.16838e-01
3.16000e-01 5.16839e-01
3.20000e-01 5.16843e-01
3.24000e-01 5.16857e-01
3.28000e-01 5.16897e-01
3.32000e-01 5.17009e-01
3.36000e-01 5.17386e-01
3.40000e-01 5.18976e-01
3.44000e-01 5.25266e-01
3.48000e-01 5.35441e-01
3.52000e-01 5.37051e-01
3.56000e-01 5.30336e-01
3.60000e-01 4.87831e-01
3.64000e-01 4.36539e-01
3.68000e-01 4.27262e-01
3.72000e-01 4.27399e-01
3.76000e-01 4.29087e-01
3.80000e-01 4.33468e-01
3.84000e-01 4.39840e-01
3.88000e-01 4.46578e-01
3.92000e-01 4.53220e-01
3.96000e-01 4.60748e-01
4.00000e-01 4.71053e-01
4.04000e-01 4.85190e-01
4.08000e-01 4.97376e-01
4.12000e-01 5.00949e-01
4.16000e-01 5.01148e-01
4.20000e-01 5.01150e-01
4.24000e-01 5.01150e-01
4.28000e-01 5.01150e-01
4.32000e-01 5.01151e-01
4.36000e-01 5.01155e-01
4.40000e-01 5.01168e-01
4.44000e-01 5.01206e-01
4.48000e-01 5.01305e-01
4.52000e-01 5.01548e-01
4.56000e-01 5.02117e-01
4.60000e-01 5.03416e-01
4.64000e-01 5.06405e-01
4.68000e-01 5.13252e-01
4.72000e-01 5.26648e-01
4.76000e-01 5.41119e-01
4.80000e-01 5.45690e-01
4.84000e-01 5.45850e-01
4.88000e-01 5.45571e-01
4.92000e-01 5.43392e-01
4.96000e-01 5.35307e-01
5.00000e-01 5.20828e-01
5.04000e-01 5.04382e-01
5.08000e-01 4.79890e-01
5.12000e-01 4.41908e-01
5.16000e-01 4.19367e-01
5.20000e-01 4.16682e-01
5.24000e-01 4.16675e-01
5.28000e-01 4.16848e-01
5.32000e-01 4.17526e-01
5.36000e-01 4.19143e-01
5.40000e-01 4.22037e-01
5.44000e-01 4.26229e-01
5.48000e-01 4.31332e-01
5.52000e-01 4.36685e-01
5.56000e-01 4.41671e-01
5.60000e-01 4.45992e-01
5.64000e-01 4.49687e-01
5.68000e-01 4.52973e-01
5.72000e-01 4.56072e-01
5.76000e-01 4.59146e-01
5.80000e-01 4.62279e-01
5.84000e-01 4.65491e-01
5.88000e-01 4.68758e-01
5.92000e-01 4.72038e-01
5.96000e-01 4.75290e-01
6.00000e-01 4.78484e-01
6.04000e-01 4.81604e-01
6.08000e-01 4.84644e-01
6.12000e-01 4.87598e-01
6.16000e-01 4.90458e-01
6.20000e-01 4.93208e-01
6.24000e-01 4.95829e-01
6.28000e-01 4.98313e-01
6.32000e-01 5.00682e-01
6.36000e-01 5.03015e-01
6.40000e-01 5.05496e-01
6.44000e-01 5.08517e-01
6.48000e-01 5.12968e-01
6.52000e-01 5.20869e-01
6.56000e-01 5.35214e-01
6.60000e-01 5.52013e-01
6.64000e-01 5.58321e-01
6.68000e-01 5.58577e-01
6.72000e-01 5.57823e-01
6.76000e-01 5.50357e-01
6.80000e-01 5.20525e-01
6.84000e-01 4.88909e-01
6.88000e-01 4.83063e-01
6.92000e-01 4.83041e-01
6.96000e-01 4.83622e-01
7.00000e-01 4.86033e-01
7.04000e-01 4.92464e-01
7.08000e-01 5.05565e-01
7.12000e-01 5.22269e-01
7.16000e-01 5.30255e-01
7.20000e-01 5.31046e-01
7.24000e-01 5.31045e-01
7.28000e-01 5.30916e-01
7.32000e-01 5.29413e-01
7.36000e-01 5.16941e-01
7.40000e-01 4.71619e-01
7.44000e-01 4.32583e-01
7.48000e-01 4.27221e-01
7.52000e-01 4.27268e-01
7.56000e-01 4.27951e-01
7.60000e-01 4.29774e-01
7.64000e-01 4.32554e-01
7.68000e-01 4.36037e-01
7.72000e-01 4.40707e-01
7.76000e-01 4.46750e-01
7.80000e-01 4.51329e-01
7.84000e-01 4.52438e-01
7.88000e-01 4.52488e-01
7.92000e-01 4.52489e-01
7.96000e-01 4.52489e-01
8.00000e-01 4.52490e-01
8.04000e-01 4.52493e-01
8.08000e-01 4.52503e-01
8.12000e-01 4.52530e-01
8.16000e-01 4.52596e-01
8.20000e-01 4.52742e-01
8.24000e-01 4.53038e-01
8.28000e-01 4.53579e-01
8.32000e-01 4.54466e-01
8.36000e-01 4.55764e-01
8.40000e-01 4.57483e-01
8.44000e-01 4.59643e-01
8.48000e-01 4.62433e-01
8.52000e-01 4.66452e-01
8.56000e-01 4.73023e-01
8.60000e-01 4.83638e-01
8.64000e-01 4.95100e-01
8.68000e-01 4.99720e-01
8.72000e-01 5.00112e-01
8.76000e-01 5.00116e-01
8.80000e-01 5.00116e-01
8.84000e-01 5.00116e-01
8.88000e-01 5.00116e-01
8.92000e-01 5.00116e-01
8.96000e-01 5.00116e-01
9.00000e-01 5.00117e-01
9.04000e-01 5.00117e-01
9.08000e-01 5.00121e-01
9.12000e-01 5.00134e-01
9.16000e-01 5.00185e-01
9.20000e-01 5.00382e-01
9.24000e-01 5.01114e-01
9.28000e-01 5.03431e-01
9.32000e-01 5.07896e-01
9.36000e-01 5.10809e-01
9.40000e-01 5.11090e-01
9.44000e-01 5.10922e-01
9.48000e-01 5.09506e-01
9.52000e-01 5.04044e-01
9.56000e-01 4.95660e-01
9.60000e-01 4.92476e-01
9.64000e-01 4.92338e-01
9.68000e-01 4.92462e-01
9.72000e-01 4.93181e-01
9.76000e-01 4.94837e-01
9.80000e-01 4.96099e-01
9.84000e-01 4.96308e-01
9.88000e-01 4.96314e-01
9.92000e-01 4.96315e-01
9.96000e-01 4.96318e-01
1.00000e+00 4.96328e-01
1.00400e+00 4.96359e-01
1.00800e+00 4.96443e-01
1.01200e+00 4.96642e-01
1.01600e+00 4.97068e-01
1.02000e+00 4.97900e-01
1.02400e+00 4.99391e-01
1.02800e+00 5.01812e-01
1.03200e+00 5.05158e-01
1.03600e+00 5.08674e-01
1.04000e+00 5.11301e-01
1.04400e+00 5.13047e-01
1.04800e+00 5.14849e-01
1.05200e+00 5.18498e-01
1.05600e+00 5.27229e-01
1.06000e+00 5.36541e-01
1.06400e+00 5.37751e-01
1.06800e+00 5.34878e-01
1.07200e+00 5.13729e-01
1.07600e+00 4.75731e-01
1.08000e+00 4.63735e-01
1.08400e+00 4.63734e-01
1.08800e+00 4.66148e-01
1.09200e+00 4.72046e-01
1.09600e+00 4.75886e-01
1.10000e+00 4.76359e-01
1.10400e+00 4.76366e-01
1.10800e+00 4.76367e-01
1.11200e+00 4.76369e-01
1.11600e+00 4.76377e-01
1.12000e+00 4.76399e-01
1.12400e+00 4.76457e-01
1.12800e+00 4.76590e-01
1.13200e+00 4.76853e-01
1.13600e+00 4.77320e-01
1.14000e+00 4.78095e-01
1.14400e+00 4.79407e-01
1.14800e+00 4.81843e-01
1.15200e+00 4.86709e-01
1.15600e+00 4.95212e-01
1.16000e+00 5.03412e-01
1.16400e+00 5.05858e-01
1.16800e+00 5.05988e-01
1.17200e+00 5.05989e-01
1.17600e+00 5.05989e-01
1.18000e+00 5.05990e-01
1.18400e+00 5.05992e-01
1.18800e+00 5.06003e-01
1.19200e+00 5.06049e-01
1.19600e+00 5.06245e-01
1.20000e+00 5.07033e-01
1.20400e+00 5.09623e-01
1.20800e+00 5.14236e-01
1.21200e+00 5.16489e-01
1.21600e+00 5.16539e-01
1.22000e+00 5.15742e-01
1.22400e+00 5.10795e-01
1.22800e+00 4.97780e-01
1.23200e+00 4.87606e-01
1.23600e+00 4.86134e-01
1.24000e+00 4.86141e-01
1.24400e+00 4.86364e-01
1.24800e+00 4.87334e-01
1.25200e+00 4.90202e-01
1.25600e+00 4.97132e-01
1.26000e+00 5.10201e-01
1.26400e+00 5.23728e-01
1.26800e+00 5.28138e-01
1.27200e+00 5.28396e-01
1.27600e+00 5.28398e-01
1.28000e+00 5.28398e-01
1.28400e+00 5.28398e-01
1.28800e+00 5.28398e-01
1.29200e+00 5.28398e-01
1.29600e+00 5.28398e-01
1.30000e+00 5.28398e-01
1.30400e+00 5.28398e-01
1.30800e+00 5.28398e-01
1.31200e+00 5.28398e-01
1.31600e+00 5.28398e-01
1.32000e+00 5.28398e-01
1.32400e+00 5.28398e-01
1.32800e+00 5.28398e-01
1.33200e+00 5.28399e-01
1.33600e+00 5.28404e-01
1.34000e+00 5.28424e-01
1.34400e+00 5.28502e-01
1.34800e+00 5.28809e-01
1.35200e+00 5.29921e-01
1.35600e+00 5.33051e-01
1.36000e+00 5.37631e-01
1.36400e+00 5.39670e-01
1.36800e+00 5.39834e-01
1.37200e+00 5.39835e-01
1.37600e+00 5.39835e-01
1.38000e+00 5.39835e-01
1.38400e+00 5.39835e-01
1.38800e+00 5.39836e-01
1.39200e+00 5.39837e-01
1.39600e+00 5.39846e-01
1.40000e+00 5.39886e-01
1.40400e+00 5.40072e-01
1.40800e+00 5.40877e-01
1.41200e+00 5.43450e-01
1.41600e+00 5.47061e-01
1.42000e+00 5.48104e-01
1.42400e+00 5.47977e-01
1.42800e+00 5.45736e-01
1.43200e+00 5.30003e-01
1.43600e+00 4.89735e-01
1.44000e+00 4.66290e-01
1.44400e+00 4.64186e-01
1.44800e+00 4.64189e-01
1.45200e+00 4.64323e-01
1.45600e+00 4.64867e-01
1.46000e+00 4.66383e-01
1.46400e+00 4.69997e-01
1.46800e+00 4.77655e-01
1.47200e+00 4.89445e-01
1.47600e+00 4.97479e-01
1.48000e+00 4.98765e-01
1.48400e+00 4.98757e-01
1.48800e+00 4.98419e-01
1.49200e+00 4.96169e-01
1.49600e+00 4.86999e-01
1.50000e+00 4.70439e-01
1.50400e+00 4.62252e-01
1.50800e+00 4.61560e-01
1.51200e+00 4.61563e-01
1.51600e+00 4.61628e-01
1.52000e+00 4.61927e-01
1.52400e+00 4.62909e-01
1.52800e+00 4.65563e-01
1.53200e+00 4.70817e-01
1.53600e+00 4.75985e-01
1.54000e+00 4.77478e-01
1.54400e+00 4.77553e-01
1.54800e+00 4.77553e-01
1.55200e+00 4.77553e-01
1.55600e+00 4.77553e-01
1.56000e+00 4.77553e-01
1.56400e+00 4.77553e-01
1.56800e+00 4.77553e-01
1.57200e+00 4.77554e-01
1.57600e+00 4.77554e-01
1.58000e+00 4.77555e-01
1.58400e+00 4.77557e-01
1.58800e+00 4.77562e-01
1.59200e+00 4.77576e-01
1.59600e+00 4.77621e-01
1.60000e+00 4.77796e-01
1.60400e+00 4.78479e-01
1.60800e+00 4.80498e-01
1.61200e+00 4.82895e-01
1.61600e+00 4.83315e-01
1.62000e+00 4.82929e-01
1.62400e+00 4.79549e-01
1.62800e+00 4.66608e-01
1.63200e+00 4.49078e-01
1.63600e+00 4.43837e-01
1.64000e+00 4.43739e-01
1.64400e+00 4.44259e-01
1.64800e+00 4.46671e-01
1.65200e+00 4.53014e-01
1.65600e+00 4.62659e-01
1.66000e+00 4.68391e-01
1.66400e+00 4.69191e-01
1.66800e+00 4.69206e-01
1.67200e+00 4.69206e-01
1.67600e+00 4.69206e-01
1.68000e+00 4.69206e-01
1.68400e+00 4.69206e-01
1.68800e+00 4.69206e-01
1.69200e+00 4.69207e-01
1.69600e+00 4.69207e-01
1.70000e+00 4.69207e-01
1.70400e+00 4.69207e-01
1.70800e+00 4.69208e-01
1.71200e+00 4.69210e-01
1.71600e+00 4.69216e-01
1.72000e+00 4.69228e-01
1.72400e+00 4.69255e-01
1.72800e+00 4.69313e-01
1.73200e+00 4.69428e-01
1.73600e+00 4.69648e-01
1.74000e+00 4.70031e-01
1.74400e+00 4.70639e-01
1.74800e+00 4.71535e-01
1.75200e+00 4.72852e-01
1.75600e+00 4.74966e-01
1.76000e+00 4.78745e-01
1.76400e+00 4.85050e-01
1.76800e+00 4.91434e-01
1.77200e+00 4.93707e-01
1.77600e+00 4.93910e-01
1.78000e+00 4.93937e-01
1.78400e+00 4.93976e-01
1.78800e+00 4.94118e-01
1.79200e+00 4.94689e-01
1.79600e+00 4.96569e-01
1.80000e+00 4.99969e-01
1.80400e+00 5.01692e-01
1.80800e+00 5.01735e-01
1.81200e+00 5.01120e-01
1.81600e+00 4.96991e-01
1.82000e+00 4.83552e-01
1.82400e+00 4.68362e-01
1.82800e+00 4.64534e-01
1.83200e+00 4.64415e-01
1.83600e+00 4.64437e-01
1.84000e+00 4.64579e-01
1.84400e+00 4.65037e-01
1.84800e+00 4.66081e-01
1.85200e+00 4.67922e-01
1.85600e+00 4.70511e-01
1.86000e+00 4.73521e-01
1.86400e+00 4.76707e-01
1.86800e+00 4.80305e-01
1.87200e+00 4.85251e-01
1.87600e+00 4.93337e-01
1.88000e+00 5.05427e-01
1.88400e+00 5.15199e-01
1.88800e+00 5.17518e-01
1.89200e+00 5.17608e-01
1.89600e+00 5.17608e-01
1.90000e+00 5.17604e-01
1.90400e+00 5.17570e-01
1.90800e+00 5.17320e-01
1.91200e+00 5.15634e-01
1.91600e+00 5.06757e-01
1.92000e+00 4.83530e-01
1.92400e+00 4.66159e-01
1.92800e+00 4.63873e-01
1.93200e+00 4.63909e-01
1.93600e+00 4.64411e-01
1.94000e+00 4.66449e-01
1.94400e+00 4.71953e-01
1.94800e+00 4.81687e-01
1.95200e+00 4.89423e-01
1.95600e+00 4.91058e-01
1.96000e+00 4.91111e-01
1.96400e+00 4.91111e-01
1.96800e+00 4.91111e-01
1.97200e+00 4.91111e-01
1.97600e+00 4.91111e-01
1.98000e+00 4.91111e-01
1.98400e+00 4.91111e-01
1.98800e+00 4.91112e-01
1.99200e+00 4.91120e-01
1.99600e+00 4.91120e-01
