0.00000e+00 5.67984e-01
4.00000e-03 5.67984e-01
8.00000e-03 5.67984e-01
1.20000e-02 5.67978e-01
1.60000e-02 5.67839e-01
2.00000e-02 5.65616e-01
2.40000e-02 5.45131e-01
2.80000e-02 4.86256e-01
3.20000e-02 4.52361e-01
3.60000e-02 4.47810e-01
4.00000e-02 4.45764e-01
4.40000e-02 4.41078e-01
4.80000e-02 4.32934e-01
5.20000e-02 4.28560e-01
5.60000e-02 4.28133e-01
6.00000e-02 4.28137e-01
6.40000e-02 4.28188e-01
6.80000e-02 4.28360e-01
7.20000e-02 4.28753e-01
7.60000e-02 4.29567e-01
8.00000e-02 4.31251e-01
8.40000e-02 4.34606e-01
8.80000e-02 4.40626e-01
9.20000e-02 4.50045e-01
9.60000e-02 4.63042e-01
1.00000e-01 4.79724e-01
1.04000e-01 5.01326e-01
1.08000e-01 5.30312e-01
1.12000e-01 5.62378e-01
1.16000e-01 5.78728e-01
1.20000e-01 5.80698e-01
1.24000e-01 5.80718e-01
1.28000e-01 5.80650e-01
1.32000e-01 5.79953e-01
1.36000e-01 5.75292e-01
1.40000e-01 5.58088e-01
1.44000e-01 5.36422e-01
1.48000e-01 5.29554e-01
1.52000e-01 5.28362e-01
1.56000e-01 5.26845e-01
1.60000e-01 5.19505e-01
1.64000e-01 4.92038e-01
1.68000e-01 4.59162e-01
1.72000e-01 4.51446e-01
1.76000e-01 4.51322e-01
1.80000e-01 4.51725e-01
1.84000e-01 4.53495e-01
1.88000e-01 4.57897e-01
1.92000e-01 4.66325e-01
1.96000e-01 4.80458e-01
2.00000e-01 4.99973e-01
2.04000e-01 5.15003e-01
2.08000e-01 5.18659e-01
2.12000e-01 5.18847e-01
2.16000e-01 5.18865e-01
2.20000e-01 5.18892e-01
2.24000e-01 5.18994e-01
2.28000e-01 5.19438e-01
2.32000e-01 5.21329e-01
2.36000e-01 5.27976e-01
2.40000e-01 5.39451e-01
2.44000e-01 5.43365e-01
2.48000e-01 5.42316e-01
2.52000e-01 5.30623e-01
2.56000e-01 4.99771e-01
2.60000e-01 4.84112e-01
2.64000e-01 4.83569e-01
2.68000e-01 4.84629e-01
2.72000e-01 4.85026e-01
2.76000e-01 4.83388e-01
2.80000e-01 4.72773e-01
2.84000e-01 4.52265e-01
2.88000e-01 4.43401e-01
2.92000e-01 4.42998e-01
2.96000e-01 4.43403e-01
3.00000e-01 4.45327e-01
3.04000e-01 4.49897e-01
3.08000e-01 4.57702e-01
3.12000e-01 4.69369e-01
3.16000e-01 4.86076e-01
3.20000e-01 5.05124e-01
3.24000e-01 5.15385e-01
3.28000e-01 5.16809e-01
3.32000e-01 5.16838e-01
3.36000e-01 5.16839e-01
3.40000e-01 5.16839e-01
3.44000e-01 5.16841e-01
3.48000e-01 5.16847e-01
3.52000e-01 5.16866e-01
3.56000e-01 5.16927e-01
3.60000e-01 5.17179e-01
3.64000e-01 5.18426e-01
3.68000e-01 5.23560e-01
3.72000e-01 5.30804e-01
3.76000e-01 5.31424e-01
3.80000e-01 5.24143e-01
3.84000e-01 4.83263e-01
3.88000e-01 4.36674e-01
3.92000e-01 4.28622e-01
3.96000e-01 4.28802e-01
4.00000e-01 4.30610e-01
4.04000e-01 4.35238e-01
4.08000e-01 4.41869e-01
4.12000e-01 4.48706e-01
4.16000e-01 4.55284e-01
4.20000e-01 4.62704e-01
4.24000e-01 4.72949e-01
4.28000e-01 4.86845e-01
4.32000e-01 4.98085e-01
4.36000e-01 5.01011e-01
4.40000e-01 5.01149e-01
4.44000e-01 5.01150e-01
4.48000e-01 5.01150e-01
4.52000e-01 5.01150e-01
4.56000e-01 5.01151e-01
4.60000e-01 5.01153e-01
4.64000e-01 5.01162e-01
4.68000e-01 5.01186e-01
4.72000e-01 5.01252e-01
4.76000e-01 5.01416e-01
4.80000e-01 5.01802e-01
4.84000e-01 5.02680e-01
4.88000e-01 5.04676e-01
4.92000e-01 5.09263e-01
4.96000e-01 5.19245e-01
5.00000e-01 5.34674e-01
5.04000e-01 5.44341e-01
5.08000e-01 5.45600e-01
5.12000e-01 5.45567e-01
5.16000e-01 5.45069e-01
5.20000e-01 5.42682e-01
5.24000e-01 5.34955e-01
5.28000e-01 5.11910e-01
5.32000e-01 4.62124e-01
5.36000e-01 4.23454e-01
5.40000e-01 4.16903e-01
5.44000e-01 4.16783e-01
5.48000e-01 4.16861e-01
5.52000e-01 4.17274e-01
5.56000e-01 4.18427e-01
5.60000e-01 4.20724e-01
5.64000e-01 4.24334e-01
5.68000e-01 4.29043e-01
5.72000e-01 4.34302e-01
5.76000e-01 4.39460e-01
5.80000e-01 4.44047e-01
5.84000e-01 4.47933e-01
5.88000e-01 4.51257e-01
5.92000e-01 4.54256e-01
5.96000e-01 4.57142e-01
6.00000e-01 4.60052e-01
6.04000e-01 4.63051e-01
6.08000e-01 4.66146e-01
6.12000e-01 4.69301e-01
6.16000e-01 4.72471e-01
6.20000e-01 4.75612e-01
6.24000e-01 4.78696e-01
6.28000e-01 4.81707e-01
6.32000e-01 4.84643e-01
6.36000e-01 4.87501e-01
6.40000e-01 4.90277e-01
6.44000e-01 4.92955e-01
6.48000e-01 4.95515e-01
6.52000e-01 4.97940e-01
6.56000e-01 5.00230e-01
6.60000e-01 5.02426e-01
6.64000e-01 5.04644e-01
6.68000e-01 5.07137e-01
6.72000e-01 5.10456e-01
6.76000e-01 5.15890e-01
6.80000e-01 5.26164e-01
6.84000e-01 5.42921e-01
6.88000e-01 5.55782e-01
6.92000e-01 5.57918e-01
6.96000e-01 5.57729e-01
7.00000e-01 5.54624e-01
7.04000e-01 5.35782e-01
7.08000e-01 4.99056e-01
7.12000e-01 4.84192e-01
7.16000e-01 4.83494e-01
7.20000e-01 4.83750e-01
7.24000e-01 4.85269e-01
7.28000e-01 4.89940e-01
7.32000e-01 5.00559e-01
7.36000e-01 5.17227e-01
7.40000e-01 5.28921e-01
7.44000e-01 5.30951e-01
7.48000e-01 5.30978e-01
7.52000e-01 5.30808e-01
7.56000e-01 5.28755e-01
7.60000e-01 5.12871e-01
7.64000e-01 4.64303e-01
7.68000e-01 4.31109e-01
7.72000e-01 4.27728e-01
7.76000e-01 4.27832e-01
7.80000e-01 4.28622e-01
7.84000e-01 4.30630e-01
7.88000e-01 4.33846e-01
7.92000e-01 4.38308e-01
7.96000e-01 4.44285e-01
8.00000e-01 4.50036e-01
8.04000e-01 4.52284e-01
8.08000e-01 4.52486e-01
8.12000e-01 4.52489e-01
8.16000e-01 4.52489e-01
8.20000e-01 4.52489e-01
8.24000e-01 4.52491e-01
8.28000e-01 4.52495e-01
8.32000e-01 4.52508e-01
8.36000e-01 4.52542e-01
8.40000e-01 4.52621e-01
8.44000e-01 4.52793e-01
8.48000e-01 4.53131e-01
8.52000e-01 4.53732e-01
8.56000e-01 4.54692e-01
8.60000e-01 4.56061e-01
8.64000e-01 4.57833e-01
8.68000e-01 4.60024e-01
8.72000e-01 4.62839e-01
8.76000e-01 4.66909e-01
8.80000e-01 4.73596e-01
8.84000e-01 4.84331e-01
8.88000e-01 4.95543e-01
8.92000e-01 4.99785e-01
8.96000e-01 5.00113e-01
9.00000e-01 5.00116e-01
9.04000e-01 5.00116e-01
9.08000e-01 5.00116e-01
9.12000e-01 5.00116e-01
9.16000e-01 5.00116e-01
9.20000e-01 5.00116e-01
9.24000e-01 5.00117e-01
9.28000e-01 5.00117e-01
9.32000e-01 5.00120e-01
9.36000e-01 5.00129e-01
9.40000e-01 5.00167e-01
9.44000e-01 5.00313e-01
9.48000e-01 5.00863e-01
9.52000e-01 5.02694e-01
9.56000e-01 5.06761e-01
9.60000e-01 5.10253e-01
9.64000e-01 5.10815e-01
9.68000e-01 5.10728e-01
9.72000e-01 5.09809e-01
9.76000e-01 5.05656e-01
9.80000e-01 4.97438e-01
9.84000e-01 4.92890e-01
9.88000e-01 4.92505e-01
9.92000e-01 4.92569e-01
9.96000e-01 4.93052e-01
1.00000e+00 4.94451e-01
1.00400e+00 4.95924e-01
1.00800e+00 4.96300e-01
1.01200e+00 4.96316e-01
1.01600e+00 4.96317e-01
1.02000e+00 4.96319e-01
1.02400e+00 4.96325e-01
1.02800e+00 4.96346e-01
1.03200e+00 4.96404e-01
1.03600e+00 4.96548e-01
1.04000e+00 4.96866e-01
1.04400e+00 4.97509e-01
1.04800e+00 4.98707e-01
1.05200e+00 5.00769e-01
1.05600e+00 5.03885e-01
1.06000e+00 5.07552e-01
1.06400e+00 5.10539e-01
1.06800e+00 5.12448e-01
1.07200e+00 5.14110e-01
1.07600e+00 5.17072e-01
1.08000e+00 5.24232e-01
1.08400e+00 5.33127e-01
1.08800e+00 5.34861e-01
1.09200e+00 5.33142e-01
1.09600e+00 5.18006e-01
1.10000e+00 4.82554e-01
1.10400e+00 4.66222e-01
1.10800e+00 4.65644e-01
1.11200e+00 4.67066e-01
1.11600e+00 4.71708e-01
1.12000e+00 4.75667e-01
1.12400e+00 4.76352e-01
1.12800e+00 4.76368e-01
1.13200e+00 4.76369e-01
1.13600e+00 4.76371e-01
1.14000e+00 4.76377e-01
1.14400e+00 4.76397e-01
1.14800e+00 4.76450e-01
1.15200e+00 4.76571e-01
1.15600e+00 4.76811e-01
1.16000e+00 4.77239e-01
1.16400e+00 4.77957e-01
1.16800e+00 4.79182e-01
1.17200e+00 4.81470e-01
1.17600e+00 4.86084e-01
1.18000e+00 4.94383e-01
1.18400e+00 5.02955e-01
1.18800e+00 5.05811e-01
1.19200e+00 5.05988e-01
1.19600e+00 5.05989e-01
1.20000e+00 5.05989e-01
1.20400e+00 5.05990e-01
1.20800e+00 5.05991e-01
1.21200e+00 5.05998e-01
1.21600e+00 5.06030e-01
1.22000e+00 5.06166e-01
1.22400e+00 5.06723e-01
1.22800e+00 5.08688e-01
1.23200e+00 5.12900e-01
1.23600e+00 5.15802e-01
1.24000e+00 5.16029e-01
1.24400e+00 5.15586e-01
1.24800e+00 5.12214e-01
1.25200e+00 5.01159e-01
1.25600e+00 4.89100e-01
1.26000e+00 4.86321e-01
1.26400e+00 4.86270e-01
1.26800e+00 4.86393e-01
1.27200e+00 4.87049e-01
1.27600e+00 4.89136e-01
1.28000e+00 4.94442e-01
1.28400e+00 5.05505e-01
1.28800e+00 5.20198e-01
1.29200e+00 5.27586e-01
1.29600e+00 5.28388e-01
1.30000e+00 5.28398e-01
1.30400e+00 5.28398e-01
1.30800e+00 5.28398e-01
1.31200e+00 5.28398e-01
1.31600e+00 5.28398e-01
1.32000e+00 5.28398e-01
1.32400e+00 5.28398e-01
1.32800e+00 5.28398e-01
1.33200e+00 5.28398e-01
1.33600e+00 5.28398e-01
1.34000e+00 5.28398e-01
1.34400e+00 5.28398e-01
1.34800e+00 5.28398e-01
1.35200e+00 5.28398e-01
1.35600e+00 5.28399e-01
1.36000e+00 5.28401e-01
1.36400e+00 5.28409e-01
1.36800e+00 5.28442e-01
1.37200e+00 5.28572e-01
1.37600e+00 5.29076e-01
1.38000e+00 5.30788e-01
1.38400e+00 5.34793e-01
1.38800e+00 5.38797e-01
1.39200e+00 5.39799e-01
1.39600e+00 5.39835e-01
1.40000e+00 5.39835e-01
1.40400e+00 5.39835e-01
1.40800e+00 5.39835e-01
1.41200e+00 5.39836e-01
1.41600e+00 5.39836e-01
1.42000e+00 5.39839e-01
1.42400e+00 5.39852e-01
1.42800e+00 5.39917e-01
1.43200e+00 5.40225e-01
1.43600e+00 5.41518e-01
1.44000e+00 5.44798e-01
1.44400e+00 5.47272e-01
1.44800e+00 5.47407e-01
1.45200e+00 5.46245e-01
1.45600e+00 5.35761e-01
1.46000e+00 4.99670e-01
1.46400e+00 4.68825e-01
1.46800e+00 4.64334e-01
1.47200e+00 4.64292e-01
1.47600e+00 4.64404e-01
1.48000e+00 4.64929e-01
1.48400e+00 4.66449e-01
1.48800e+00 4.70125e-01
1.49200e+00 4.77911e-01
1.49600e+00 4.89709e-01
1.50000e+00 4.97450e-01
1.50400e+00 4.98612e-01
1.50800e+00 4.98597e-01
1.51200e+00 4.98222e-01
1.51600e+00 4.95784e-01
1.52000e+00 4.86146e-01
1.52400e+00 4.69686e-01
1.52800e+00 4.62168e-01
1.53200e+00 4.61599e-01
1.53600e+00 4.61605e-01
1.54000e+00 4.61687e-01
1.54400e+00 4.62047e-01
1.54800e+00 4.63209e-01
1.55200e+00 4.66259e-01
1.55600e+00 4.71832e-01
1.56000e+00 4.76475e-01
1.56400e+00 4.77516e-01
1.56800e+00 4.77553e-01
1.57200e+00 4.77553e-01
1.57600e+00 4.77553e-01
1.58000e+00 4.77553e-01
1.58400e+00 4.77553e-01
1.58800e+00 4.77553e-01
1.59200e+00 4.77553e-01
1.59600e+00 4.77554e-01
1.60000e+00 4.77554e-01
1.60400e+00 4.77555e-01
1.60800e+00 4.77557e-01
1.61200e+00 4.77562e-01
1.61600e+00 4.77577e-01
1.62000e+00 4.77633e-01
1.62400e+00 4.77864e-01
1.62800e+00 4.78746e-01
1.63200e+00 4.80925e-01
1.63600e+00 4.82608e-01
1.64000e+00 4.82693e-01
1.64400e+00 4.81944e-01
1.64800e+00 4.76896e-01
1.65200e+00 4.61627e-01
1.65600e+00 4.46927e-01
1.66000e+00 4.44212e-01
1.66400e+00 4.44269e-01
1.66800e+00 4.45094e-01
1.67200e+00 4.48269e-01
1.67600e+00 4.55689e-01
1.68000e+00 4.64933e-01
1.68400e+00 4.68863e-01
1.68800e+00 4.69203e-01
1.69200e+00 4.69206e-01
1.69600e+00 4.69206e-01
1.70000e+00 4.69206e-01
1.70400e+00 4.69206e-01
1.70800e+00 4.69206e-01
1.71200e+00 4.69206e-01
1.71600e+00 4.69207e-01
1.72000e+00 4.69207e-01
1.72400e+00 4.69207e-01
1.72800e+00 4.69207e-01
1.73200e+00 4.69208e-01
1.73600e+00 4.69210e-01
1.74000e+00 4.69216e-01
1.74400e+00 4.69228e-01
1.74800e+00 4.69255e-01
1.75200e+00 4.69313e-01
1.75600e+00 4.69429e-01
1.76000e+00 4.69647e-01
1.76400e+00 4.70025e-01
1.76800e+00 4.70618e-01
1.77200e+00 4.71490e-01
1.77600e+00 4.72784e-01
1.78000e+00 4.74917e-01
1.78400e+00 4.78825e-01
1.78800e+00 4.85355e-01
1.79200e+00 4.91706e-01
1.79600e+00 4.93777e-01
1.80000e+00 4.93938e-01
1.80400e+00 4.93958e-01
1.80800e+00 4.93990e-01
1.81200e+00 4.94111e-01
1.81600e+00 4.94611e-01
1.82000e+00 4.96308e-01
1.82400e+00 4.99524e-01
1.82800e+00 5.01260e-01
1.83200e+00 5.01313e-01
1.83600e+00 5.00712e-01
1.84000e+00 4.96653e-01
1.84400e+00 4.83414e-01
1.84800e+00 4.68390e-01
1.85200e+00 4.64579e-01
1.85600e+00 4.64459e-01
1.86000e+00 4.64480e-01
1.86400e+00 4.64619e-01
1.86800e+00 4.65069e-01
1.87200e+00 4.66097e-01
1.87600e+00 4.67922e-01
1.88000e+00 4.70503e-01
1.88400e+00 4.73502e-01
1.88800e+00 4.76630e-01
1.89200e+00 4.80061e-01
1.89600e+00 4.84632e-01
1.90000e+00 4.92025e-01
1.90400e+00 5.03595e-01
1.90800e+00 5.14281e-01
1.91200e+00 5.17439e-01
1.91600e+00 5.17606e-01
1.92000e+00 5.17607e-01
1.92400e+00 5.17603e-01
1.92800e+00 5.17572e-01
1.93200e+00 5.17343e-01
1.93600e+00 5.15789e-01
1.94000e+00 5.07475e-01
1.94400e+00 4.84805e-01
1.94800e+00 4.66759e-01
1.95200e+00 4.64175e-01
1.95600e+00 4.64203e-01
1.96000e+00 4.64703e-01
1.96400e+00 4.66768e-01
1.96800e+00 4.72359e-01
1.97200e+00 4.82111e-01
1.97600e+00 4.89579e-01
1.98000e+00 4.91066e-01
1.98400e+00 4.91111e-01
1.98800e+00 4.91111e-01
1.99200e+00 4.91111e-01
1.99600e+00 4.91111e-01
