0.00000e+00 5.82923e-01
4.00000e-03 5.82923e-01
8.00000e-03 5.82923e-01
1.20000e-02 5.82923e-01
1.60000e-02 5.82919e-01
2.00000e-02 5.82862e-01
2.40000e-02 5.82339e-01
2.80000e-02 5.79460e-01
3.20000e-02 5.73027e-01
3.60000e-02 5.69007e-01
4.00000e-02 5.67891e-01
4.40000e-02 5.66093e-01
4.80000e-02 5.53485e-01
5.20000e-02 5.04395e-01
5.60000e-02 4.56938e-01
6.00000e-02 4.44965e-01
6.40000e-02 4.40622e-01
6.80000e-02 4.35064e-01
7.20000e-02 4.29676e-01
7.60000e-02 4.28216e-01
8.00000e-02 4.28163e-01
8.40000e-02 4.28178e-01
8.80000e-02 4.28264e-01
9.20000e-02 4.28521e-01
9.60000e-02 4.29112e-01
1.00000e-01 4.30327e-01
1.04000e-01 4.32660e-01
1.08000e-01 4.36782e-01
1.12000e-01 4.43303e-01
1.16000e-01 4.52460e-01
1.20000e-01 4.64033e-01
1.24000e-01 4.77770e-01
1.28000e-01 4.94205e-01
1.32000e-01 5.15473e-01
1.36000e-01 5.43801e-01
1.40000e-01 5.70610e-01
1.44000e-01 5.80041e-01
1.48000e-01 5.80680e-01
1.52000e-01 5.80678e-01
1.56000e-01 5.80589e-01
1.60000e-01 5.79767e-01
1.64000e-01 5.74435e-01
1.68000e-01 5.56241e-01
1.72000e-01 5.35823e-01
1.76000e-01 5.29088e-01
1.80000e-01 5.26195e-01
1.84000e-01 5.18527e-01
1.88000e-01 4.91618e-01
1.92000e-01 4.59397e-01
1.96000e-01 4.51876e-01
2.00000e-01 4.51762e-01
2.04000e-01 4.52181e-01
2.08000e-01 4.53958e-01
2.12000e-01 4.58243e-01
2.16000e-01 4.66240e-01
2.20000e-01 4.79533e-01
2.24000e-01 4.98403e-01
2.28000e-01 5.14221e-01
2.32000e-01 5.18617e-01
2.36000e-01 5.18864e-01
2.40000e-01 5.18876e-01
2.44000e-01 5.18890e-01
2.48000e-01 5.18941e-01
2.52000e-01 5.19177e-01
2.56000e-01 5.20238e-01
2.60000e-01 5.24423e-01
2.64000e-01 5.34109e-01
2.68000e-01 5.40054e-01
2.72000e-01 5.39988e-01
2.76000e-01 5.34514e-01
2.80000e-01 5.11675e-01
2.84000e-01 4.88698e-01
2.88000e-01 4.84585e-01
2.92000e-01 4.84303e-01
2.96000e-01 4.83791e-01
3.00000e-01 4.80570e-01
3.04000e-01 4.67708e-01
3.08000e-01 4.49385e-01
3.12000e-01 4.43695e-01
3.16000e-01 4.43578e-01
3.20000e-01 4.44075e-01
3.24000e-01 4.46123e-01
3.28000e-01 4.50726e-01
3.32000e-01 4.58379e-01
3.36000e-01 4.69681e-01
3.40000e-01 4.85878e-01
3.44000e-01 5.04693e-01
3.48000e-01 5.15249e-01
3.52000e-01 5.16805e-01
3.56000e-01 5.16839e-01
3.60000e-01 5.16839e-01
3.64000e-01 5.16839e-01
3.68000e-01 5.16840e-01
3.72000e-01 5.16843e-01
3.76000e-01 5.16852e-01
3.80000e-01 5.16890e-01
3.84000e-01 5.17080e-01
3.88000e-01 5.18150e-01
3.92000e-01 5.22423e-01
3.96000e-01 5.27075e-01
4.00000e-01 5.26997e-01
4.04000e-01 5.18507e-01
4.08000e-01 4.77927e-01
4.12000e-01 4.36377e-01
4.16000e-01 4.29959e-01
4.20000e-01 4.30200e-01
4.24000e-01 4.32141e-01
4.28000e-01 4.36974e-01
4.32000e-01 4.43788e-01
4.36000e-01 4.50681e-01
4.40000e-01 4.57201e-01
4.44000e-01 4.64538e-01
4.48000e-01 4.74731e-01
4.52000e-01 4.88341e-01
4.56000e-01 4.98660e-01
4.60000e-01 5.01054e-01
4.64000e-01 5.01150e-01
4.68000e-01 5.01150e-01
4.72000e-01 5.01150e-01
4.76000e-01 5.01150e-01
4.80000e-01 5.01151e-01
4.84000e-01 5.01152e-01
4.88000e-01 5.01158e-01
4.92000e-01 5.01174e-01
4.96000e-01 5.01217e-01
5.00000e-01 5.01328e-01
5.04000e-01 5.01590e-01
5.08000e-01 5.02189e-01
5.12000e-01 5.03533e-01
5.16000e-01 5.06591e-01
5.20000e-01 5.13511e-01
5.24000e-01 5.26799e-01
5.28000e-01 5.40825e-01
5.32000e-01 5.45245e-01
5.36000e-01 5.45444e-01
5.40000e-01 5.45386e-01
5.44000e-01 5.44792e-01
5.48000e-01 5.40101e-01
5.52000e-01 5.11028e-01
5.56000e-01 4.47113e-01
5.60000e-01 4.18662e-01
5.64000e-01 4.16892e-01
5.68000e-01 4.16917e-01
5.72000e-01 4.17151e-01
5.76000e-01 4.17937e-01
5.80000e-01 4.19691e-01
5.84000e-01 4.22699e-01
5.88000e-01 4.26923e-01
5.92000e-01 4.31957e-01
5.96000e-01 4.37180e-01
6.00000e-01 4.42018e-01
6.04000e-01 4.46164e-01
6.08000e-01 4.49633e-01
6.12000e-01 4.52627e-01
6.16000e-01 4.55383e-01
6.20000e-01 4.58091e-01
6.24000e-01 4.60865e-01
6.28000e-01 4.63753e-01
6.32000e-01 4.66746e-01
6.36000e-01 4.69804e-01
6.40000e-01 4.72874e-01
6.44000e-01 4.75914e-01
6.48000e-01 4.78894e-01
6.52000e-01 4.81803e-01
6.56000e-01 4.84641e-01
6.60000e-01 4.87408e-01
6.64000e-01 4.90102e-01
6.68000e-01 4.92712e-01
6.72000e-01 4.95218e-01
6.76000e-01 4.97596e-01
6.80000e-01 4.99831e-01
6.84000e-01 5.01939e-01
6.88000e-01 5.03987e-01
6.92000e-01 5.06140e-01
6.96000e-01 5.08746e-01
7.00000e-01 5.12607e-01
7.04000e-01 5.19609e-01
7.08000e-01 5.32913e-01
7.12000e-01 5.49784e-01
7.16000e-01 5.56790e-01
7.20000e-01 5.57090e-01
7.24000e-01 5.56025e-01
7.28000e-01 5.46339e-01
7.32000e-01 5.14019e-01
7.36000e-01 4.87488e-01
7.40000e-01 4.84001e-01
7.44000e-01 4.84074e-01
7.48000e-01 4.84936e-01
7.52000e-01 4.88156e-01
7.56000e-01 4.96360e-01
7.60000e-01 5.11589e-01
7.64000e-01 5.26434e-01
7.68000e-01 5.30689e-01
7.72000e-01 5.30837e-01
7.76000e-01 5.30622e-01
7.80000e-01 5.27878e-01
7.84000e-01 5.08195e-01
7.88000e-01 4.57731e-01
7.92000e-01 4.30285e-01
7.96000e-01 4.28235e-01
8.00000e-01 4.28390e-01
8.04000e-01 4.29321e-01
8.08000e-01 4.31641e-01
8.12000e-01 4.35609e-01
8.16000e-01 4.41454e-01
8.20000e-01 4.48144e-01
8.24000e-01 4.51891e-01
8.28000e-01 4.52474e-01
8.32000e-01 4.52489e-01
8.36000e-01 4.52489e-01
8.40000e-01 4.52489e-01
8.44000e-01 4.52490e-01
8.48000e-01 4.52492e-01
8.52000e-01 4.52498e-01
8.56000e-01 4.52514e-01
8.60000e-01 4.52556e-01
8.64000e-01 4.52651e-01
8.68000e-01 4.52851e-01
8.72000e-01 4.53234e-01
8.76000e-01 4.53899e-01
8.80000e-01 4.54933e-01
8.84000e-01 4.56372e-01
8.88000e-01 4.58192e-01
8.92000e-01 4.60408e-01
8.96000e-01 4.63243e-01
9.00000e-01 4.67361e-01
9.04000e-01 4.74163e-01
9.08000e-01 4.85005e-01
9.12000e-01 4.95952e-01
9.16000e-01 4.99839e-01
9.20000e-01 5.00114e-01
9.24000e-01 5.00116e-01
9.28000e-01 5.00116e-01
9.32000e-01 5.00116e-01
9.36000e-01 5.00116e-01
9.40000e-01 5.00116e-01
9.44000e-01 5.00116e-01
9.48000e-01 5.00117e-01
9.52000e-01 5.00117e-01
9.56000e-01 5.00119e-01
9.60000e-01 5.00126e-01
9.64000e-01 5.00154e-01
9.68000e-01 5.00262e-01
9.72000e-01 5.00674e-01
9.76000e-01 5.02099e-01
9.80000e-01 5.05665e-01
9.84000e-01 5.09579e-01
9.88000e-01 5.10542e-01
9.92000e-01 5.10512e-01
9.96000e-01 5.09933e-01
1.00000e+00 5.06898e-01
1.00400e+00 4.99382e-01
1.00800e+00 4.93516e-01
1.01200e+00 4.92669e-01
1.01600e+00 4.92694e-01
1.02000e+00 4.93003e-01
1.02400e+00 4.94112e-01
1.02800e+00 4.95678e-01
1.03200e+00 4.96276e-01
1.03600e+00 4.96317e-01
1.04000e+00 4.96318e-01
1.04400e+00 4.96319e-01
1.04800e+00 4.96323e-01
1.05200e+00 4.96337e-01
1.05600e+00 4.96378e-01
1.06000e+00 4.96481e-01
1.06400e+00 4.96716e-01
1.06800e+00 4.97205e-01
1.07200e+00 4.98150e-01
1.07600e+00 4.99860e-01
1.08000e+00 5.02645e-01
1.08400e+00 5.06301e-01
1.08800e+00 5.09638e-01
1.09200e+00 5.11818e-01
1.09600e+00 5.13477e-01
1.10000e+00 5.16012e-01
1.10400e+00 5.21961e-01
1.10800e+00 5.30214e-01
1.11200e+00 5.32365e-01
1.11600e+00 5.31347e-01
1.12000e+00 5.20745e-01
1.12400e+00 4.89296e-01
1.12800e+00 4.68875e-01
1.13200e+00 4.67299e-01
1.13600e+00 4.68082e-01
1.14000e+00 4.71498e-01
1.14400e+00 4.75380e-01
1.14800e+00 4.76336e-01
1.15200e+00 4.76369e-01
1.15600e+00 4.76371e-01
1.16000e+00 4.76372e-01
1.16400e+00 4.76378e-01
1.16800e+00 4.76396e-01
1.17200e+00 4.76444e-01
1.17600e+00 4.76553e-01
1.18000e+00 4.76772e-01
1.18400e+00 4.77166e-01
1.18800e+00 4.77831e-01
1.19200e+00 4.78974e-01
1.19600e+00 4.81120e-01
1.20000e+00 4.85482e-01
1.20400e+00 4.93539e-01
1.20800e+00 5.02437e-01
1.21200e+00 5.05749e-01
1.21600e+00 5.05987e-01
1.22000e+00 5.05989e-01
1.22400e+00 5.05989e-01
1.22800e+00 5.05990e-01
1.23200e+00 5.05991e-01
1.23600e+00 5.05996e-01
1.24000e+00 5.06017e-01
1.24400e+00 5.06111e-01
1.24800e+00 5.06504e-01
1.25200e+00 5.07966e-01
1.25600e+00 5.11619e-01
1.26000e+00 5.15028e-01
1.26400e+00 5.15541e-01
1.26800e+00 5.15301e-01
1.27200e+00 5.13077e-01
1.27600e+00 5.04224e-01
1.28000e+00 4.91172e-01
1.28400e+00 4.86596e-01
1.28800e+00 4.86393e-01
1.29200e+00 4.86458e-01
1.29600e+00 4.86888e-01
1.30000e+00 4.88385e-01
1.30400e+00 4.92384e-01
1.30800e+00 5.01351e-01
1.31200e+00 5.15786e-01
1.31600e+00 5.26349e-01
1.32000e+00 5.28343e-01
1.32400e+00 5.28398e-01
1.32800e+00 5.28398e-01
1.33200e+00 5.28398e-01
1.33600e+00 5.28398e-01
1.34000e+00 5.28398e-01
1.34400e+00 5.28398e-01
1.34800e+00 5.28398e-01
1.35200e+00 5.28398e-01
1.35600e+00 5.28398e-01
1.36000e+00 5.28398e-01
1.36400e+00 5.28398e-01
1.36800e+00 5.28398e-01
1.37200e+00 5.28398e-01
1.37600e+00 5.28398e-01
1.38000e+00 5.28398e-01
1.38400e+00 5.28399e-01
1.38800e+00 5.28402e-01
1.39200e+00 5.28416e-01
1.39600e+00 5.28471e-01
1.40000e+00 5.28689e-01
1.40400e+00 5.29502e-01
1.40800e+00 5.32010e-01
1.41200e+00 5.36566e-01
1.41600e+00 5.39452e-01
1.42000e+00 5.39830e-01
1.42400e+00 5.39835e-01
1.42800e+00 5.39835e-01
1.43200e+00 5.39835e-01
1.43600e+00 5.39835e-01
1.44000e+00 5.39836e-01
1.44400e+00 5.39837e-01
1.44800e+00 5.39841e-01
1.45200e+00 5.39864e-01
1.45600e+00 5.39978e-01
1.46000e+00 5.40542e-01
1.46400e+00 5.42641e-01
1.46800e+00 5.45810e-01
1.47200e+00 5.46552e-01
1.47600e+00 5.46010e-01
1.48000e+00 5.39498e-01
1.48400e+00 5.09861e-01
1.48800e+00 4.73111e-01
1.49200e+00 4.64617e-01
1.49600e+00 4.64420e-01
1.50000e+00 4.64508e-01
1.50400e+00 4.65000e-01
1.50800e+00 4.66511e-01
1.51200e+00 4.70241e-01
1.51600e+00 4.78164e-01
1.52000e+00 4.89970e-01
1.52400e+00 4.97412e-01
1.52800e+00 4.98455e-01
1.53200e+00 4.98433e-01
1.53600e+00 4.98018e-01
1.54000e+00 4.95376e-01
1.54400e+00 4.85266e-01
1.54800e+00 4.68968e-01
1.55200e+00 4.62105e-01
1.55600e+00 4.61643e-01
1.56000e+00 4.61653e-01
1.56400e+00 4.61754e-01
1.56800e+00 4.62187e-01
1.57200e+00 4.63558e-01
1.57600e+00 4.67030e-01
1.58000e+00 4.72816e-01
1.58400e+00 4.76844e-01
1.58800e+00 4.77536e-01
1.59200e+00 4.77553e-01
1.59600e+00 4.77553e-01
1.60000e+00 4.77553e-01
1.60400e+00 4.77553e-01
1.60800e+00 4.77553e-01
1.61200e+00 4.77553e-01
1.61600e+00 4.77553e-01
1.62000e+00 4.77553e-01
1.62400e+00 4.77554e-01
1.62800e+00 4.77555e-01
1.63200e+00 4.77556e-01
1.63600e+00 4.77562e-01
1.64000e+00 4.77580e-01
1.64400e+00 4.77654e-01
1.64800e+00 4.77962e-01
1.65200e+00 4.79073e-01
1.65600e+00 4.81205e-01
1.66000e+00 4.82167e-01
1.66400e+00 4.82091e-01
1.66800e+00 4.80754e-01
1.67200e+00 4.73614e-01
1.67600e+00 4.56918e-01
1.68000e+00 4.45846e-01
1.68400e+00 4.44671e-01
1.68800e+00 4.44836e-01
1.69200e+00 4.46045e-01
1.69600e+00 4.50105e-01
1.70000e+00 4.58432e-01
1.70400e+00 4.66659e-01
1.70800e+00 4.69080e-01
1.71200e+00 4.69206e-01
1.71600e+00 4.69206e-01
1.72000e+00 4.69206e-01
1.72400e+00 4.69206e-01
1.72800e+00 4.69206e-01
1.73200e+00 4.69206e-01
1.73600e+00 4.69207e-01
1.74000e+00 4.69207e-01
1.74400e+00 4.69207e-01
1.74800e+00 4.69207e-01
1.75200e+00 4.69207e-01
1.75600e+00 4.69208e-01
1.76000e+00 4.69210e-01
1.76400e+00 4.69216e-01
1.76800e+00 4.69228e-01
1.77200e+00 4.69256e-01
1.77600e+00 4.69314e-01
1.78000e+00 4.69430e-01
1.78400e+00 4.69647e-01
1.78800e+00 4.70018e-01
1.79200e+00 4.70597e-01
1.79600e+00 4.71446e-01
1.80000e+00 4.72724e-01
1.80400e+00 4.74885e-01
1.80800e+00 4.78928e-01
1.81200e+00 4.85666e-01
1.81600e+00 4.91949e-01
1.82000e+00 4.93831e-01
1.82400e+00 4.93959e-01
1.82800e+00 4.93975e-01
1.83200e+00 4.94002e-01
1.83600e+00 4.94107e-01
1.84000e+00 4.94550e-01
1.84400e+00 4.96091e-01
1.84800e+00 4.99118e-01
1.85200e+00 5.00826e-01
1.85600e+00 5.00884e-01
1.86000e+00 5.00295e-01
1.86400e+00 4.96297e-01
1.86800e+00 4.83252e-01
1.87200e+00 4.68408e-01
1.87600e+00 4.64623e-01
1.88000e+00 4.64502e-01
1.88400e+00 4.64523e-01
1.88800e+00 4.64659e-01
1.89200e+00 4.65100e-01
1.89600e+00 4.66113e-01
1.90000e+00 4.67924e-01
1.90400e+00 4.70500e-01
1.90800e+00 4.73495e-01
1.91200e+00 4.76576e-01
1.91600e+00 4.79860e-01
1.92000e+00 4.84090e-01
1.92400e+00 4.90826e-01
1.92800e+00 5.01749e-01
1.93200e+00 5.13148e-01
1.93600e+00 5.17306e-01
1.94000e+00 5.17603e-01
1.94400e+00 5.17604e-01
1.94800e+00 5.17602e-01
1.95200e+00 5.17574e-01
1.95600e+00 5.17364e-01
1.96000e+00 5.15937e-01
1.96400e+00 5.08175e-01
1.96800e+00 4.86120e-01
1.97200e+00 4.67410e-01
1.97600e+00 4.64493e-01
1.98000e+00 4.64511e-01
1.98400e+00 4.65011e-01
1.98800e+00 4.66951e-01
1.99200e+00 4.76183e-01
1.99600e+00 4.76943e-01
