0.00000e+00 5.33657e-01
4.00000e-03 5.33657e-01
8.00000e-03 5.33657e-01
1.20000e-02 5.33661e-01
1.60000e-02 5.33719e-01
2.00000e-02 5.34238e-01
2.40000e-02 5.37287e-01
2.80000e-02 5.48542e-01
3.20000e-02 5.69408e-01
3.60000e-02 5.81588e-01
4.00000e-02 5.82889e-01
4.40000e-02 5.82896e-01
4.80000e-02 5.82840e-01
5.20000e-02 5.82389e-01
5.60000e-02 5.80288e-01
6.00000e-02 5.75543e-01
6.40000e-02 5.71214e-01
6.80000e-02 5.67896e-01
7.20000e-02 5.58986e-01
7.60000e-02 5.21664e-01
8.00000e-02 4.64070e-01
8.40000e-02 4.39744e-01
8.80000e-02 4.33207e-01
9.20000e-02 4.29753e-01
9.60000e-02 4.28335e-01
1.00000e-01 4.28186e-01
1.04000e-01 4.28190e-01
1.08000e-01 4.28228e-01
1.12000e-01 4.28378e-01
1.16000e-01 4.28776e-01
1.20000e-01 4.29645e-01
1.24000e-01 4.31331e-01
1.28000e-01 4.34302e-01
1.32000e-01 4.39049e-01
1.36000e-01 4.45872e-01
1.40000e-01 4.54714e-01
1.44000e-01 4.65199e-01
1.48000e-01 4.76949e-01
1.52000e-01 4.90091e-01
1.56000e-01 5.05881e-01
1.60000e-01 5.27096e-01
1.64000e-01 5.54611e-01
1.68000e-01 5.75626e-01
1.72000e-01 5.80482e-01
1.76000e-01 5.80657e-01
1.80000e-01 5.80649e-01
1.84000e-01 5.80535e-01
1.88000e-01 5.79571e-01
1.92000e-01 5.73891e-01
1.96000e-01 5.56789e-01
2.00000e-01 5.37931e-01
2.04000e-01 5.27487e-01
2.08000e-01 5.15505e-01
2.12000e-01 4.88028e-01
2.16000e-01 4.58821e-01
2.20000e-01 4.52288e-01
2.24000e-01 4.52200e-01
2.28000e-01 4.52621e-01
2.32000e-01 4.54369e-01
2.36000e-01 4.58520e-01
2.40000e-01 4.66138e-01
2.44000e-01 4.78694e-01
2.48000e-01 4.96896e-01
2.52000e-01 5.13344e-01
2.56000e-01 5.18541e-01
2.60000e-01 5.18874e-01
2.64000e-01 5.18884e-01
2.68000e-01 5.18891e-01
2.72000e-01 5.18918e-01
2.76000e-01 5.19044e-01
2.80000e-01 5.19640e-01
2.84000e-01 5.22182e-01
2.88000e-01 5.29536e-01
2.92000e-01 5.36862e-01
2.96000e-01 5.37638e-01
3.00000e-01 5.35557e-01
3.04000e-01 5.21899e-01
3.08000e-01 4.96579e-01
3.12000e-01 4.85531e-01
3.16000e-01 4.83845e-01
3.20000e-01 4.82448e-01
3.24000e-01 4.77327e-01
3.28000e-01 4.62284e-01
3.32000e-01 4.47099e-01
3.36000e-01 4.44052e-01
3.40000e-01 4.44076e-01
3.44000e-01 4.44696e-01
3.48000e-01 4.46882e-01
3.52000e-01 4.51523e-01
3.56000e-01 4.59022e-01
3.60000e-01 4.69962e-01
3.64000e-01 4.85652e-01
3.68000e-01 5.04223e-01
3.72000e-01 5.15091e-01
3.76000e-01 5.16799e-01
3.80000e-01 5.16839e-01
3.84000e-01 5.16839e-01
3.88000e-01 5.16839e-01
3.92000e-01 5.16840e-01
3.96000e-01 5.16841e-01
4.00000e-01 5.16846e-01
4.04000e-01 5.16873e-01
4.08000e-01 5.17038e-01
4.12000e-01 5.18030e-01
4.16000e-01 5.21539e-01
4.20000e-01 5.24092e-01
4.24000e-01 5.23480e-01
4.28000e-01 5.13297e-01
4.32000e-01 4.72242e-01
4.36000e-01 4.35966e-01
4.40000e-01 4.31254e-01
4.44000e-01 4.31564e-01
4.48000e-01 4.33650e-01
4.52000e-01 4.38664e-01
4.56000e-01 4.45604e-01
4.60000e-01 4.52515e-01
4.64000e-01 4.58979e-01
4.68000e-01 4.66255e-01
4.72000e-01 4.76406e-01
4.76000e-01 4.89699e-01
4.80000e-01 4.99129e-01
4.84000e-01 5.01083e-01
4.88000e-01 5.01150e-01
4.92000e-01 5.01150e-01
4.96000e-01 5.01150e-01
5.00000e-01 5.01150e-01
5.04000e-01 5.01150e-01
5.08000e-01 5.01151e-01
5.12000e-01 5.01155e-01
5.16000e-01 5.01166e-01
5.20000e-01 5.01195e-01
5.24000e-01 5.01269e-01
5.28000e-01 5.01448e-01
5.32000e-01 5.01857e-01
5.36000e-01 5.02772e-01
5.40000e-01 5.04822e-01
5.44000e-01 5.09474e-01
5.48000e-01 5.19432e-01
5.52000e-01 5.34567e-01
5.56000e-01 5.44033e-01
5.60000e-01 5.45333e-01
5.64000e-01 5.45326e-01
5.68000e-01 5.44895e-01
5.72000e-01 5.39605e-01
5.76000e-01 5.04138e-01
5.80000e-01 4.39159e-01
5.84000e-01 4.17872e-01
5.88000e-01 4.17058e-01
5.92000e-01 4.17140e-01
5.96000e-01 4.17612e-01
6.00000e-01 4.18895e-01
6.04000e-01 4.21332e-01
6.08000e-01 4.25020e-01
6.12000e-01 4.29708e-01
6.16000e-01 4.34868e-01
6.20000e-01 4.39891e-01
6.24000e-01 4.44326e-01
6.28000e-01 4.48027e-01
6.32000e-01 4.51115e-01
6.36000e-01 4.53823e-01
6.40000e-01 4.56377e-01
6.44000e-01 4.58938e-01
6.48000e-01 4.61601e-01
6.52000e-01 4.64395e-01
6.56000e-01 4.67301e-01
6.60000e-01 4.70271e-01
6.64000e-01 4.73251e-01
6.68000e-01 4.76196e-01
6.72000e-01 4.79081e-01
6.76000e-01 4.81894e-01
6.80000e-01 4.84638e-01
6.84000e-01 4.87318e-01
6.88000e-01 4.89934e-01
6.92000e-01 4.92478e-01
6.96000e-01 4.94933e-01
7.00000e-01 4.97272e-01
7.04000e-01 4.99470e-01
7.08000e-01 5.01521e-01
7.12000e-01 5.03461e-01
7.16000e-01 5.05394e-01
7.20000e-01 5.07546e-01
7.24000e-01 5.10422e-01
7.28000e-01 5.15218e-01
7.32000e-01 5.24599e-01
7.36000e-01 5.40711e-01
7.40000e-01 5.53908e-01
7.44000e-01 5.56209e-01
7.48000e-01 5.55930e-01
7.52000e-01 5.51767e-01
7.56000e-01 5.29729e-01
7.60000e-01 4.95299e-01
7.64000e-01 4.84815e-01
7.68000e-01 4.84534e-01
7.72000e-01 4.84941e-01
7.76000e-01 4.87021e-01
7.80000e-01 4.93075e-01
7.84000e-01 5.06027e-01
7.88000e-01 5.22638e-01
7.92000e-01 5.30036e-01
7.96000e-01 5.30557e-01
8.00000e-01 5.30290e-01
8.04000e-01 5.26712e-01
8.08000e-01 5.03001e-01
8.12000e-01 4.52055e-01
8.16000e-01 4.29938e-01
8.20000e-01 4.28748e-01
8.24000e-01 4.28963e-01
8.28000e-01 4.30113e-01
8.32000e-01 4.32982e-01
8.36000e-01 4.38180e-01
8.40000e-01 4.45415e-01
8.44000e-01 4.51010e-01
8.48000e-01 4.52421e-01
8.52000e-01 4.52489e-01
8.56000e-01 4.52489e-01
8.60000e-01 4.52489e-01
8.64000e-01 4.52490e-01
8.68000e-01 4.52490e-01
8.72000e-01 4.52493e-01
8.76000e-01 4.52501e-01
8.80000e-01 4.52522e-01
8.84000e-01 4.52573e-01
8.88000e-01 4.52686e-01
8.92000e-01 4.52917e-01
8.96000e-01 4.53349e-01
9.00000e-01 4.54081e-01
9.04000e-01 4.55191e-01
9.08000e-01 4.56695e-01
9.12000e-01 4.58558e-01
9.16000e-01 4.60794e-01
9.20000e-01 4.63644e-01
9.24000e-01 4.67807e-01
9.28000e-01 4.74722e-01
9.32000e-01 4.85657e-01
9.36000e-01 4.96327e-01
9.40000e-01 4.99885e-01
9.44000e-01 5.00115e-01
9.48000e-01 5.00116e-01
9.52000e-01 5.00116e-01
9.56000e-01 5.00116e-01
9.60000e-01 5.00116e-01
9.64000e-01 5.00116e-01
9.68000e-01 5.00116e-01
9.72000e-01 5.00116e-01
9.76000e-01 5.00117e-01
9.80000e-01 5.00118e-01
9.84000e-01 5.00123e-01
9.88000e-01 5.00144e-01
9.92000e-01 5.00224e-01
9.96000e-01 5.00531e-01
1.00000e+00 5.01628e-01
1.00400e+00 5.04654e-01
1.00800e+00 5.08784e-01
1.01200e+00 5.10259e-01
1.01600e+00 5.10283e-01
1.02000e+00 5.09936e-01
1.02400e+00 5.07790e-01
1.02800e+00 5.01328e-01
1.03200e+00 4.94425e-01
1.03600e+00 4.92844e-01
1.04000e+00 4.92829e-01
1.04400e+00 4.93014e-01
1.04800e+00 4.93846e-01
1.05200e+00 4.95375e-01
1.05600e+00 4.96225e-01
1.06000e+00 4.96317e-01
1.06400e+00 4.96319e-01
1.06800e+00 4.96320e-01
1.07200e+00 4.96323e-01
1.07600e+00 4.96332e-01
1.08000e+00 4.96360e-01
1.08400e+00 4.96433e-01
1.08800e+00 4.96605e-01
1.09200e+00 4.96973e-01
1.09600e+00 4.97708e-01
1.10000e+00 4.99092e-01
1.10400e+00 5.01494e-01
1.10800e+00 5.04973e-01
1.11200e+00 5.08565e-01
1.11600e+00 5.11094e-01
1.12000e+00 5.12866e-01
1.12400e+00 5.15174e-01
1.12800e+00 5.20243e-01
1.13200e+00 5.27790e-01
1.13600e+00 5.30243e-01
1.14000e+00 5.29654e-01
1.14400e+00 5.22322e-01
1.14800e+00 4.95587e-01
1.15200e+00 4.71855e-01
1.15600e+00 4.68721e-01
1.16000e+00 4.69115e-01
1.16400e+00 4.71469e-01
1.16800e+00 4.75044e-01
1.17200e+00 4.76302e-01
1.17600e+00 4.76371e-01
1.18000e+00 4.76372e-01
1.18400e+00 4.76374e-01
1.18800e+00 4.76379e-01
1.19200e+00 4.76395e-01
1.19600e+00 4.76438e-01
1.20000e+00 4.76537e-01
1.20400e+00 4.76737e-01
1.20800e+00 4.77099e-01
1.21200e+00 4.77715e-01
1.21600e+00 4.78781e-01
1.22000e+00 4.80793e-01
1.22400e+00 4.84905e-01
1.22800e+00 4.92689e-01
1.23200e+00 5.01858e-01
1.23600e+00 5.05666e-01
1.24000e+00 5.05986e-01
1.24400e+00 5.05990e-01
1.24800e+00 5.05990e-01
1.25200e+00 5.05990e-01
1.25600e+00 5.05990e-01
1.26000e+00 5.05994e-01
1.26400e+00 5.06009e-01
1.26800e+00 5.06074e-01
1.27200e+00 5.06350e-01
1.27600e+00 5.07422e-01
1.28000e+00 5.10459e-01
1.28400e+00 5.14157e-01
1.28800e+00 5.15067e-01
1.29200e+00 5.14951e-01
1.29600e+00 5.13525e-01
1.30000e+00 5.06777e-01
1.30400e+00 4.93748e-01
1.30800e+00 4.87053e-01
1.31200e+00 4.86510e-01
1.31600e+00 4.86541e-01
1.32000e+00 4.86814e-01
1.32400e+00 4.87870e-01
1.32800e+00 4.90846e-01
1.33200e+00 4.97898e-01
1.33600e+00 5.10981e-01
1.34000e+00 5.24107e-01
1.34400e+00 5.28175e-01
1.34800e+00 5.28397e-01
1.35200e+00 5.28398e-01
1.35600e+00 5.28398e-01
1.36000e+00 5.28398e-01
1.36400e+00 5.28398e-01
1.36800e+00 5.28398e-01
1.37200e+00 5.28398e-01
1.37600e+00 5.28398e-01
1.38000e+00 5.28398e-01
1.38400e+00 5.28398e-01
1.38800e+00 5.28398e-01
1.39200e+00 5.28398e-01
1.39600e+00 5.28398e-01
1.40000e+00 5.28398e-01
1.40400e+00 5.28398e-01
1.40800e+00 5.28398e-01
1.41200e+00 5.28400e-01
1.41600e+00 5.28405e-01
1.42000e+00 5.28429e-01
1.42400e+00 5.28521e-01
1.42800e+00 5.28880e-01
1.43200e+00 5.30161e-01
1.43600e+00 5.33583e-01
1.44000e+00 5.38057e-01
1.44400e+00 5.39729e-01
1.44800e+00 5.39835e-01
1.45200e+00 5.39835e-01
1.45600e+00 5.39835e-01
1.46000e+00 5.39835e-01
1.46400e+00 5.39835e-01
1.46800e+00 5.39836e-01
1.47200e+00 5.39837e-01
1.47600e+00 5.39845e-01
1.48000e+00 5.39888e-01
1.48400e+00 5.40125e-01
1.48800e+00 5.41249e-01
1.49200e+00 5.44023e-01
1.49600e+00 5.45490e-01
1.50000e+00 5.45292e-01
1.50400e+00 5.41468e-01
1.50800e+00 5.19052e-01
1.51200e+00 4.79430e-01
1.51600e+00 4.65216e-01
1.52000e+00 4.64575e-01
1.52400e+00 4.64642e-01
1.52800e+00 4.65089e-01
1.53200e+00 4.66573e-01
1.53600e+00 4.70346e-01
1.54000e+00 4.78406e-01
1.54400e+00 4.90221e-01
1.54800e+00 4.97363e-01
1.55200e+00 4.98294e-01
1.55600e+00 4.98266e-01
1.56000e+00 4.97805e-01
1.56400e+00 4.94944e-01
1.56800e+00 4.84360e-01
1.57200e+00 4.68287e-01
1.57600e+00 4.62062e-01
1.58000e+00 4.61691e-01
1.58400e+00 4.61705e-01
1.58800e+00 4.61830e-01
1.59200e+00 4.62350e-01
1.59600e+00 4.63959e-01
1.60000e+00 4.67870e-01
1.60400e+00 4.73739e-01
1.60800e+00 4.77108e-01
1.61200e+00 4.77546e-01
1.61600e+00 4.77553e-01
1.62000e+00 4.77553e-01
1.62400e+00 4.77553e-01
1.62800e+00 4.77553e-01
1.63200e+00 4.77553e-01
1.63600e+00 4.77553e-01
1.64000e+00 4.77553e-01
1.64400e+00 4.77553e-01
1.64800e+00 4.77554e-01
1.65200e+00 4.77554e-01
1.65600e+00 4.77556e-01
1.66000e+00 4.77562e-01
1.66400e+00 4.77586e-01
1.66800e+00 4.77685e-01
1.67200e+00 4.78101e-01
1.67600e+00 4.79437e-01
1.68000e+00 4.81269e-01
1.68400e+00 4.81687e-01
1.68800e+00 4.81458e-01
1.69200e+00 4.79266e-01
1.69600e+00 4.69710e-01
1.70000e+00 4.52944e-01
1.70400e+00 4.45537e-01
1.70800e+00 4.45148e-01
1.71200e+00 4.45444e-01
1.71600e+00 4.47144e-01
1.72000e+00 4.52179e-01
1.72400e+00 4.61083e-01
1.72800e+00 4.67835e-01
1.73200e+00 4.69166e-01
1.73600e+00 4.69206e-01
1.74000e+00 4.69206e-01
1.74400e+00 4.69206e-01
1.74800e+00 4.69206e-01
1.75200e+00 4.69206e-01
1.75600e+00 4.69206e-01
1.76000e+00 4.69207e-01
1.76400e+00 4.69207e-01
1.76800e+00 4.69207e-01
1.77200e+00 4.69207e-01
1.77600e+00 4.69207e-01
1.78000e+00 4.69208e-01
1.78400e+00 4.69211e-01
1.78800e+00 4.69216e-01
1.79200e+00 4.69229e-01
1.79600e+00 4.69256e-01
1.80000e+00 4.69315e-01
1.80400e+00 4.69430e-01
1.80800e+00 4.69646e-01
1.81200e+00 4.70011e-01
1.81600e+00 4.70575e-01
1.82000e+00 4.71404e-01
1.82400e+00 4.72672e-01
1.82800e+00 4.74868e-01
1.83200e+00 4.79052e-01
1.83600e+00 4.85979e-01
1.84000e+00 4.92164e-01
1.84400e+00 4.93873e-01
1.84800e+00 4.93976e-01
1.85200e+00 4.93989e-01
1.85600e+00 4.94012e-01
1.86000e+00 4.94105e-01
1.86400e+00 4.94501e-01
1.86800e+00 4.95911e-01
1.87200e+00 4.98749e-01
1.87600e+00 5.00398e-01
1.88000e+00 5.00455e-01
1.88400e+00 4.99873e-01
1.88800e+00 4.95925e-01
1.89200e+00 4.83061e-01
1.89600e+00 4.68412e-01
1.90000e+00 4.64666e-01
1.90400e+00 4.64545e-01
1.90800e+00 4.64566e-01
1.91200e+00 4.64698e-01
1.91600e+00 4.65131e-01
1.92000e+00 4.66130e-01
1.92400e+00 4.67928e-01
1.92800e+00 4.70503e-01
1.93200e+00 4.73499e-01
1.93600e+00 4.76546e-01
1.94000e+00 4.79700e-01
1.94400e+00 4.83621e-01
1.94800e+00 4.89742e-01
1.95200e+00 4.99930e-01
1.95600e+00 5.11798e-01
1.96000e+00 5.17093e-01
1.96400e+00 5.17597e-01
1.96800e+00 5.17602e-01
1.97200e+00 5.17600e-01
1.97600e+00 5.17574e-01
1.98000e+00 5.17383e-01
1.98400e+00 5.16081e-01
1.98800e+00 5.08960e-01
1.99200e+00 4.82516e-01
1.99600e+00 4.80562e-01
