0.00000e+00 4.38984e-01
4.00000e-03 4.38985e-01
8.00000e-03 4.38997e-01
1.20000e-02 4.39168e-01
1.60000e-02 4.40515e-01
2.00000e-02 4.46856e-01
2.40000e-02 4.65914e-01
2.80000e-02 5.02328e-01
3.20000e-02 5.35655e-01
3.60000e-02 5.44061e-01
4.00000e-02 5.44361e-01
4.40000e-02 5.44331e-01
4.80000e-02 5.44032e-01
5.20000e-02 5.42473e-01
5.60000e-02 5.38254e-01
6.00000e-02 5.34509e-01
6.40000e-02 5.33886e-01
6.80000e-02 5.33901e-01
7.20000e-02 5.34141e-01
7.60000e-02 5.35337e-01
8.00000e-02 5.39517e-01
8.40000e-02 5.50747e-01
8.80000e-02 5.69506e-01
9.20000e-02 5.81261e-01
9.60000e-02 5.82817e-01
1.00000e-01 5.82836e-01
1.04000e-01 5.82815e-01
1.08000e-01 5.82666e-01
1.12000e-01 5.82166e-01
1.16000e-01 5.80913e-01
1.20000e-01 5.75771e-01
1.24000e-01 5.44138e-01
1.28000e-01 4.66741e-01
1.32000e-01 4.30534e-01
1.36000e-01 4.28210e-01
1.40000e-01 4.28198e-01
1.44000e-01 4.28201e-01
1.48000e-01 4.28214e-01
1.52000e-01 4.28267e-01
1.56000e-01 4.28427e-01
1.60000e-01 4.28828e-01
1.64000e-01 4.29691e-01
1.68000e-01 4.31313e-01
1.72000e-01 4.34024e-01
1.76000e-01 4.38103e-01
1.80000e-01 4.43677e-01
1.84000e-01 4.50661e-01
1.88000e-01 4.58774e-01
1.92000e-01 4.67632e-01
1.96000e-01 4.76889e-01
2.00000e-01 4.86401e-01
2.04000e-01 4.96442e-01
2.08000e-01 5.08038e-01
2.12000e-01 5.23474e-01
2.16000e-01 5.45643e-01
2.20000e-01 5.69513e-01
2.24000e-01 5.79706e-01
2.28000e-01 5.80618e-01
2.32000e-01 5.80625e-01
2.36000e-01 5.80613e-01
2.40000e-01 5.80503e-01
2.44000e-01 5.79893e-01
2.48000e-01 5.77222e-01
2.52000e-01 5.65833e-01
2.56000e-01 5.26015e-01
2.60000e-01 4.70879e-01
2.64000e-01 4.53527e-01
2.68000e-01 4.52772e-01
2.72000e-01 4.52849e-01
2.76000e-01 4.53390e-01
2.80000e-01 4.55146e-01
2.84000e-01 4.59022e-01
2.88000e-01 4.65925e-01
2.92000e-01 4.77170e-01
2.96000e-01 4.94015e-01
3.00000e-01 5.11335e-01
3.04000e-01 5.18275e-01
3.08000e-01 5.18883e-01
3.12000e-01 5.18893e-01
3.16000e-01 5.18896e-01
3.20000e-01 5.18903e-01
3.24000e-01 5.18941e-01
3.28000e-01 5.19128e-01
3.32000e-01 5.19996e-01
3.36000e-01 5.23332e-01
3.40000e-01 5.30248e-01
3.44000e-01 5.33887e-01
3.48000e-01 5.33855e-01
3.52000e-01 5.31193e-01
3.56000e-01 5.18610e-01
3.60000e-01 4.97431e-01
3.64000e-01 4.84111e-01
3.68000e-01 4.76297e-01
3.72000e-01 4.65421e-01
3.76000e-01 4.51151e-01
3.80000e-01 4.45110e-01
3.84000e-01 4.44754e-01
3.88000e-01 4.44911e-01
3.92000e-01 4.45817e-01
3.96000e-01 4.48326e-01
4.00000e-01 4.53059e-01
4.04000e-01 4.60254e-01
4.08000e-01 4.70468e-01
4.12000e-01 4.85122e-01
4.16000e-01 5.03154e-01
4.20000e-01 5.14699e-01
4.24000e-01 5.16780e-01
4.28000e-01 5.16839e-01
4.32000e-01 5.16839e-01
4.36000e-01 5.16839e-01
4.40000e-01 5.16840e-01
4.44000e-01 5.16840e-01
4.48000e-01 5.16843e-01
4.52000e-01 5.16867e-01
4.56000e-01 5.17038e-01
4.60000e-01 5.17992e-01
4.64000e-01 5.19808e-01
4.68000e-01 5.20076e-01
4.72000e-01 5.18346e-01
4.76000e-01 5.03199e-01
4.80000e-01 4.61039e-01
4.84000e-01 4.35636e-01
4.88000e-01 4.33658e-01
4.92000e-01 4.34123e-01
4.96000e-01 4.36552e-01
5.00000e-01 4.41891e-01
5.04000e-01 4.48953e-01
5.08000e-01 4.55809e-01
5.12000e-01 4.62160e-01
5.16000e-01 4.69369e-01
5.20000e-01 4.79473e-01
5.24000e-01 4.92065e-01
5.28000e-01 4.99834e-01
5.32000e-01 5.01118e-01
5.36000e-01 5.01150e-01
5.40000e-01 5.01150e-01
5.44000e-01 5.01150e-01
5.48000e-01 5.01150e-01
5.52000e-01 5.01150e-01
5.56000e-01 5.01151e-01
5.60000e-01 5.01152e-01
5.64000e-01 5.01157e-01
5.68000e-01 5.01169e-01
5.72000e-01 5.01203e-01
5.76000e-01 5.01286e-01
5.80000e-01 5.01480e-01
5.84000e-01 5.01913e-01
5.88000e-01 5.02861e-01
5.92000e-01 5.04948e-01
5.96000e-01 5.09636e-01
6.00000e-01 5.19701e-01
6.04000e-01 5.34932e-01
6.08000e-01 5.43758e-01
6.12000e-01 5.44574e-01
6.16000e-01 5.43940e-01
6.20000e-01 5.34956e-01
6.24000e-01 4.87163e-01
6.28000e-01 4.29233e-01
6.32000e-01 4.17825e-01
6.36000e-01 4.17675e-01
6.40000e-01 4.18001e-01
6.44000e-01 4.19243e-01
6.48000e-01 4.21798e-01
6.52000e-01 4.25638e-01
6.56000e-01 4.30373e-01
6.60000e-01 4.35453e-01
6.64000e-01 4.40338e-01
6.68000e-01 4.44625e-01
6.72000e-01 4.48165e-01
6.76000e-01 4.51055e-01
6.80000e-01 4.53520e-01
6.84000e-01 4.55790e-01
6.88000e-01 4.58041e-01
6.92000e-01 4.60389e-01
6.96000e-01 4.62887e-01
7.00000e-01 4.65536e-01
7.04000e-01 4.68301e-01
7.08000e-01 4.71121e-01
7.12000e-01 4.73941e-01
7.16000e-01 4.76717e-01
7.20000e-01 4.79426e-01
7.24000e-01 4.82062e-01
7.28000e-01 4.84633e-01
7.32000e-01 4.87147e-01
7.36000e-01 4.89614e-01
7.40000e-01 4.92031e-01
7.44000e-01 4.94387e-01
7.48000e-01 4.96657e-01
7.52000e-01 4.98808e-01
7.56000e-01 5.00809e-01
7.60000e-01 5.02647e-01
7.64000e-01 5.04353e-01
7.68000e-01 5.06025e-01
7.72000e-01 5.07881e-01
7.76000e-01 5.10396e-01
7.80000e-01 5.14729e-01
7.84000e-01 5.23543e-01
7.88000e-01 5.39140e-01
7.92000e-01 5.51960e-01
7.96000e-01 5.54077e-01
8.00000e-01 5.53662e-01
8.04000e-01 5.48252e-01
8.08000e-01 5.23645e-01
8.12000e-01 4.92798e-01
8.16000e-01 4.85722e-01
8.20000e-01 4.85652e-01
8.24000e-01 4.86279e-01
8.28000e-01 4.89107e-01
8.32000e-01 4.97081e-01
8.36000e-01 5.12569e-01
8.40000e-01 5.26398e-01
8.44000e-01 5.29084e-01
8.48000e-01 5.28727e-01
8.52000e-01 5.23102e-01
8.56000e-01 4.91625e-01
8.60000e-01 4.43641e-01
8.64000e-01 4.30196e-01
8.68000e-01 4.29886e-01
8.72000e-01 4.30375e-01
8.76000e-01 4.32543e-01
8.80000e-01 4.37812e-01
8.84000e-01 4.45866e-01
8.88000e-01 4.51417e-01
8.92000e-01 4.52458e-01
8.96000e-01 4.52489e-01
9.00000e-01 4.52489e-01
9.04000e-01 4.52489e-01
9.08000e-01 4.52490e-01
9.12000e-01 4.52490e-01
9.16000e-01 4.52492e-01
9.20000e-01 4.52497e-01
9.24000e-01 4.52510e-01
9.28000e-01 4.52542e-01
9.32000e-01 4.52616e-01
9.36000e-01 4.52772e-01
9.40000e-01 4.53075e-01
9.44000e-01 4.53617e-01
9.48000e-01 4.54491e-01
9.52000e-01 4.55752e-01
9.56000e-01 4.57379e-01
9.60000e-01 4.59308e-01
9.64000e-01 4.61566e-01
9.68000e-01 4.64436e-01
9.72000e-01 4.68682e-01
9.76000e-01 4.75811e-01
9.80000e-01 4.86895e-01
9.84000e-01 4.96982e-01
9.88000e-01 4.99955e-01
9.92000e-01 5.00115e-01
9.96000e-01 5.00116e-01
1.00000e+00 5.00116e-01
1.00400e+00 5.00116e-01
1.00800e+00 5.00116e-01
1.01200e+00 5.00116e-01
1.01600e+00 5.00116e-01
1.02000e+00 5.00116e-01
1.02400e+00 5.00117e-01
1.02800e+00 5.00117e-01
1.03200e+00 5.00120e-01
1.03600e+00 5.00131e-01
1.04000e+00 5.00175e-01
1.04400e+00 5.00345e-01
1.04800e+00 5.00980e-01
1.05200e+00 5.02995e-01
1.05600e+00 5.06920e-01
1.06000e+00 5.09556e-01
1.06400e+00 5.09835e-01
1.06800e+00 5.09725e-01
1.07200e+00 5.08746e-01
1.07600e+00 5.04652e-01
1.08000e+00 4.97161e-01
1.08400e+00 4.93380e-01
1.08800e+00 4.93095e-01
1.09200e+00 4.93149e-01
1.09600e+00 4.93551e-01
1.10000e+00 4.94722e-01
1.10400e+00 4.95978e-01
1.10800e+00 4.96307e-01
1.11200e+00 4.96321e-01
1.11600e+00 4.96322e-01
1.12000e+00 4.96323e-01
1.12400e+00 4.96327e-01
1.12800e+00 4.96340e-01
1.13200e+00 4.96375e-01
1.13600e+00 4.96465e-01
1.14000e+00 4.96667e-01
1.14400e+00 4.97096e-01
1.14800e+00 4.97958e-01
1.15200e+00 4.99601e-01
1.15600e+00 5.02372e-01
1.16000e+00 5.05970e-01
1.16400e+00 5.09160e-01
1.16800e+00 5.11435e-01
1.17200e+00 5.13747e-01
1.17600e+00 5.17894e-01
1.18000e+00 5.24245e-01
1.18400e+00 5.26973e-01
1.18800e+00 5.26823e-01
1.19200e+00 5.23367e-01
1.19600e+00 5.05831e-01
1.20000e+00 4.79097e-01
1.20400e+00 4.71115e-01
1.20800e+00 4.71013e-01
1.21200e+00 4.71916e-01
1.21600e+00 4.74403e-01
1.22000e+00 4.76141e-01
1.22400e+00 4.76371e-01
1.22800e+00 4.76376e-01
1.23200e+00 4.76378e-01
1.23600e+00 4.76381e-01
1.24000e+00 4.76394e-01
1.24400e+00 4.76428e-01
1.24800e+00 4.76509e-01
1.25200e+00 4.76676e-01
1.25600e+00 4.76982e-01
1.26000e+00 4.77511e-01
1.26400e+00 4.78438e-01
1.26800e+00 4.80199e-01
1.27200e+00 4.83830e-01
1.27600e+00 4.90998e-01
1.28000e+00 5.00522e-01
1.28400e+00 5.05423e-01
1.28800e+00 5.05982e-01
1.29200e+00 5.05990e-01
1.29600e+00 5.05990e-01
1.30000e+00 5.05990e-01
1.30400e+00 5.05990e-01
1.30800e+00 5.05992e-01
1.31200e+00 5.05999e-01
1.31600e+00 5.06030e-01
1.32000e+00 5.06166e-01
1.32400e+00 5.06727e-01
1.32800e+00 5.08630e-01
1.33200e+00 5.12201e-01
1.33600e+00 5.14104e-01
1.34000e+00 5.14173e-01
1.34400e+00 5.13646e-01
1.34800e+00 5.10152e-01
1.35200e+00 4.99595e-01
1.35600e+00 4.88994e-01
1.36000e+00 4.86764e-01
1.36400e+00 4.86728e-01
1.36800e+00 4.86821e-01
1.37200e+00 4.87318e-01
1.37600e+00 4.88911e-01
1.38000e+00 4.93032e-01
1.38400e+00 5.02126e-01
1.38800e+00 5.16465e-01
1.39200e+00 5.26556e-01
1.39600e+00 5.28352e-01
1.40000e+00 5.28398e-01
1.40400e+00 5.28398e-01
1.40800e+00 5.28398e-01
1.41200e+00 5.28398e-01
1.41600e+00 5.28398e-01
1.42000e+00 5.28398e-01
1.42400e+00 5.28398e-01
1.42800e+00 5.28398e-01
1.43200e+00 5.28398e-01
1.43600e+00 5.28398e-01
1.44000e+00 5.28398e-01
1.44400e+00 5.28398e-01
1.44800e+00 5.28398e-01
1.45200e+00 5.28398e-01
1.45600e+00 5.28398e-01
1.46000e+00 5.28398e-01
1.46400e+00 5.28399e-01
1.46800e+00 5.28403e-01
1.47200e+00 5.28419e-01
1.47600e+00 5.28484e-01
1.48000e+00 5.28740e-01
1.48400e+00 5.29682e-01
1.48800e+00 5.32475e-01
1.49200e+00 5.37084e-01
1.49600e+00 5.39572e-01
1.50000e+00 5.39832e-01
1.50400e+00 5.39835e-01
1.50800e+00 5.39835e-01
1.51200e+00 5.39835e-01
1.51600e+00 5.39835e-01
1.52000e+00 5.39836e-01
1.52400e+00 5.39837e-01
1.52800e+00 5.39844e-01
1.53200e+00 5.39889e-01
1.53600e+00 5.40170e-01
1.54000e+00 5.41403e-01
1.54400e+00 5.43159e-01
1.54800e+00 5.43368e-01
1.55200e+00 5.42192e-01
1.55600e+00 5.31496e-01
1.56000e+00 4.96546e-01
1.56400e+00 4.68685e-01
1.56800e+00 4.65021e-01
1.57200e+00 4.65023e-01
1.57600e+00 4.65359e-01
1.58000e+00 4.66731e-01
1.58400e+00 4.70526e-01
1.58800e+00 4.78825e-01
1.59200e+00 4.90642e-01
1.59600e+00 4.97222e-01
1.60000e+00 4.97962e-01
1.60400e+00 4.97918e-01
1.60800e+00 4.97353e-01
1.61200e+00 4.94003e-01
1.61600e+00 4.82482e-01
1.62000e+00 4.67051e-01
1.62400e+00 4.62032e-01
1.62800e+00 4.61804e-01
1.63200e+00 4.61829e-01
1.63600e+00 4.62018e-01
1.64000e+00 4.62757e-01
1.64400e+00 4.64940e-01
1.64800e+00 4.69713e-01
1.65200e+00 4.75298e-01
1.65600e+00 4.77401e-01
1.66000e+00 4.77552e-01
1.66400e+00 4.77553e-01
1.66800e+00 4.77553e-01
1.67200e+00 4.77553e-01
1.67600e+00 4.77553e-01
1.68000e+00 4.77553e-01
1.68400e+00 4.77553e-01
1.68800e+00 4.77553e-01
1.69200e+00 4.77553e-01
1.69600e+00 4.77554e-01
1.70000e+00 4.77554e-01
1.70400e+00 4.77557e-01
1.70800e+00 4.77566e-01
1.71200e+00 4.77609e-01
1.71600e+00 4.77799e-01
1.72000e+00 4.78520e-01
1.72400e+00 4.80031e-01
1.72800e+00 4.80817e-01
1.73200e+00 4.80782e-01
1.73600e+00 4.79913e-01
1.74000e+00 4.74896e-01
1.74400e+00 4.60856e-01
1.74800e+00 4.48201e-01
1.75200e+00 4.46029e-01
1.75600e+00 4.46093e-01
1.76000e+00 4.46875e-01
1.76400e+00 4.49881e-01
1.76800e+00 4.56900e-01
1.77200e+00 4.65459e-01
1.77600e+00 4.68925e-01
1.78000e+00 4.69204e-01
1.78400e+00 4.69206e-01
1.78800e+00 4.69206e-01
1.79200e+00 4.69206e-01
1.79600e+00 4.69206e-01
1.80000e+00 4.69206e-01
1.80400e+00 4.69207e-01
1.80800e+00 4.69207e-01
1.81200e+00 4.69207e-01
1.81600e+00 4.69207e-01
1.82000e+00 4.69207e-01
1.82400e+00 4.69207e-01
1.82800e+00 4.69208e-01
1.83200e+00 4.69211e-01
1.83600e+00 4.69216e-01
1.84000e+00 4.69229e-01
1.84400e+00 4.69257e-01
1.84800e+00 4.69316e-01
1.85200e+00 4.69432e-01
1.85600e+00 4.69643e-01
1.86000e+00 4.69994e-01
1.86400e+00 4.70531e-01
1.86800e+00 4.71327e-01
1.87200e+00 4.72588e-01
1.87600e+00 4.74874e-01
1.88000e+00 4.79346e-01
1.88400e+00 4.86595e-01
1.88800e+00 4.92528e-01
1.89200e+00 4.93934e-01
1.89600e+00 4.94003e-01
1.90000e+00 4.94012e-01
1.90400e+00 4.94029e-01
1.90800e+00 4.94104e-01
1.91200e+00 4.94433e-01
1.91600e+00 4.95636e-01
1.92000e+00 4.98117e-01
1.92400e+00 4.99572e-01
1.92800e+00 4.99616e-01
1.93200e+00 4.99032e-01
1.93600e+00 4.95143e-01
1.94000e+00 4.82590e-01
1.94400e+00 4.68371e-01
1.94800e+00 4.64745e-01
1.95200e+00 4.64628e-01
1.95600e+00 4.64648e-01
1.96000e+00 4.64775e-01
1.96400e+00 4.65193e-01
1.96800e+00 4.66167e-01
1.97200e+00 4.67942e-01
1.97600e+00 4.70523e-01
1.98000e+00 4.73528e-01
1.98400e+00 4.76614e-01
1.98800e+00 4.79190e-01
1.99200e+00 4.85927e-01
1.99600e+00 4.86428e-01
