0.00000e+00 4.56522e-01
4.00000e-03 4.56522e-01
8.00000e-03 4.56520e-01
1.20000e-02 4.56490e-01
1.60000e-02 4.56177e-01
2.00000e-02 4.54213e-01
2.40000e-02 4.47786e-01
2.80000e-02 4.40991e-01
3.20000e-02 4.39854e-01
3.60000e-02 4.40202e-01
4.00000e-02 4.42553e-01
4.40000e-02 4.49907e-01
4.80000e-02 4.65957e-01
5.20000e-02 4.93714e-01
5.60000e-02 5.26521e-01
6.00000e-02 5.42550e-01
6.40000e-02 5.44285e-01
6.80000e-02 5.44297e-01
7.20000e-02 5.44223e-01
7.60000e-02 5.43680e-01
8.00000e-02 5.41362e-01
8.40000e-02 5.36759e-01
8.80000e-02 5.34202e-01
9.20000e-02 5.33989e-01
9.60000e-02 5.34027e-01
1.00000e-01 5.34346e-01
1.04000e-01 5.35721e-01
1.08000e-01 5.40176e-01
1.12000e-01 5.51623e-01
1.16000e-01 5.70130e-01
1.20000e-01 5.81362e-01
1.24000e-01 5.82801e-01
1.28000e-01 5.82820e-01
1.32000e-01 5.82814e-01
1.36000e-01 5.82774e-01
1.40000e-01 5.82517e-01
1.44000e-01 5.79805e-01
1.48000e-01 5.53538e-01
1.52000e-01 4.73840e-01
1.56000e-01 4.31244e-01
1.60000e-01 4.28219e-01
1.64000e-01 4.28204e-01
1.68000e-01 4.28210e-01
1.72000e-01 4.28243e-01
1.76000e-01 4.28346e-01
1.80000e-01 4.28615e-01
1.84000e-01 4.29217e-01
1.88000e-01 4.30400e-01
1.92000e-01 4.32458e-01
1.96000e-01 4.35662e-01
2.00000e-01 4.40166e-01
2.04000e-01 4.45958e-01
2.08000e-01 4.52860e-01
2.12000e-01 4.60578e-01
2.16000e-01 4.68784e-01
2.20000e-01 4.77191e-01
2.24000e-01 4.85642e-01
2.28000e-01 4.94223e-01
2.32000e-01 5.03463e-01
2.36000e-01 5.14696e-01
2.40000e-01 5.30573e-01
2.44000e-01 5.53289e-01
2.48000e-01 5.74021e-01
2.52000e-01 5.80282e-01
2.56000e-01 5.80617e-01
2.60000e-01 5.80618e-01
2.64000e-01 5.80610e-01
2.68000e-01 5.80551e-01
2.72000e-01 5.80088e-01
2.76000e-01 5.75639e-01
2.80000e-01 5.44751e-01
2.84000e-01 4.79639e-01
2.88000e-01 4.54207e-01
2.92000e-01 4.52991e-01
2.96000e-01 4.53083e-01
3.00000e-01 4.53685e-01
3.04000e-01 4.55501e-01
3.08000e-01 4.59303e-01
3.12000e-01 4.65885e-01
3.16000e-01 4.76501e-01
3.20000e-01 4.92620e-01
3.24000e-01 5.10190e-01
3.28000e-01 5.18073e-01
3.32000e-01 5.18882e-01
3.36000e-01 5.18896e-01
3.40000e-01 5.18897e-01
3.44000e-01 5.18902e-01
3.48000e-01 5.18922e-01
3.52000e-01 5.19026e-01
3.56000e-01 5.19519e-01
3.60000e-01 5.21569e-01
3.64000e-01 5.27072e-01
3.68000e-01 5.32115e-01
3.72000e-01 5.32695e-01
3.76000e-01 5.31910e-01
3.80000e-01 5.26284e-01
3.84000e-01 5.10181e-01
3.88000e-01 4.89031e-01
3.92000e-01 4.70806e-01
3.96000e-01 4.55190e-01
4.00000e-01 4.46409e-01
4.04000e-01 4.44992e-01
4.08000e-01 4.44998e-01
4.12000e-01 4.45265e-01
4.16000e-01 4.46357e-01
4.20000e-01 4.49039e-01
4.24000e-01 4.53816e-01
4.28000e-01 4.60855e-01
4.32000e-01 4.70703e-01
4.36000e-01 4.84826e-01
4.40000e-01 5.02551e-01
4.44000e-01 5.14455e-01
4.48000e-01 5.16767e-01
4.52000e-01 5.16839e-01
4.56000e-01 5.16840e-01
4.60000e-01 5.16840e-01
4.64000e-01 5.16840e-01
4.68000e-01 5.16840e-01
4.72000e-01 5.16843e-01
4.76000e-01 5.16870e-01
4.80000e-01 5.17062e-01
4.84000e-01 5.17954e-01
4.88000e-01 5.18941e-01
4.92000e-01 5.18874e-01
4.96000e-01 5.16257e-01
5.00000e-01 4.97956e-01
5.04000e-01 4.56056e-01
5.08000e-01 4.35864e-01
5.12000e-01 4.34754e-01
5.16000e-01 4.35313e-01
5.20000e-01 4.37938e-01
5.24000e-01 4.43422e-01
5.28000e-01 4.50500e-01
5.32000e-01 4.57293e-01
5.36000e-01 4.63584e-01
5.40000e-01 4.70782e-01
5.44000e-01 4.80881e-01
5.48000e-01 4.93101e-01
5.52000e-01 5.00098e-01
5.56000e-01 5.01128e-01
5.60000e-01 5.01150e-01
5.64000e-01 5.01150e-01
5.68000e-01 5.01150e-01
5.72000e-01 5.01150e-01
5.76000e-01 5.01150e-01
5.80000e-01 5.01150e-01
5.84000e-01 5.01151e-01
5.88000e-01 5.01154e-01
5.92000e-01 5.01163e-01
5.96000e-01 5.01185e-01
6.00000e-01 5.01242e-01
6.04000e-01 5.01375e-01
6.08000e-01 5.01675e-01
6.12000e-01 5.02328e-01
6.16000e-01 5.03743e-01
6.20000e-01 5.06900e-01
6.24000e-01 5.14114e-01
6.28000e-01 5.27999e-01
6.32000e-01 5.40923e-01
6.36000e-01 5.43364e-01
6.40000e-01 5.42616e-01
6.44000e-01 5.31335e-01
6.48000e-01 4.78513e-01
6.52000e-01 4.26161e-01
6.56000e-01 4.18163e-01
6.60000e-01 4.18148e-01
6.64000e-01 4.18705e-01
6.68000e-01 4.20472e-01
6.72000e-01 4.23737e-01
6.76000e-01 4.28190e-01
6.80000e-01 4.33220e-01
6.84000e-01 4.38231e-01
6.88000e-01 4.42776e-01
6.92000e-01 4.46609e-01
6.96000e-01 4.49717e-01
7.00000e-01 4.52268e-01
7.04000e-01 4.54493e-01
7.08000e-01 4.56602e-01
7.12000e-01 4.58746e-01
7.16000e-01 4.61019e-01
7.20000e-01 4.63457e-01
7.24000e-01 4.66051e-01
7.28000e-01 4.68756e-01
7.32000e-01 4.71512e-01
7.36000e-01 4.74260e-01
7.40000e-01 4.76958e-01
7.44000e-01 4.79586e-01
7.48000e-01 4.82141e-01
7.52000e-01 4.84630e-01
7.56000e-01 4.87067e-01
7.60000e-01 4.89462e-01
7.64000e-01 4.91817e-01
7.68000e-01 4.94123e-01
7.72000e-01 4.96359e-01
7.76000e-01 4.98493e-01
7.80000e-01 5.00486e-01
7.84000e-01 5.02310e-01
7.88000e-01 5.03969e-01
7.92000e-01 5.05523e-01
7.96000e-01 5.07120e-01
8.00000e-01 5.09076e-01
8.04000e-01 5.12122e-01
8.08000e-01 5.18079e-01
8.12000e-01 5.30244e-01
8.16000e-01 5.46247e-01
8.20000e-01 5.52660e-01
8.24000e-01 5.52806e-01
8.28000e-01 5.50781e-01
8.32000e-01 5.36416e-01
8.36000e-01 5.03618e-01
8.40000e-01 4.87231e-01
8.44000e-01 4.86196e-01
8.48000e-01 4.86463e-01
8.52000e-01 4.88213e-01
8.56000e-01 4.94093e-01
8.60000e-01 5.07609e-01
8.64000e-01 5.23228e-01
8.68000e-01 5.27545e-01
8.72000e-01 5.27173e-01
8.76000e-01 5.20409e-01
8.80000e-01 4.85775e-01
8.84000e-01 4.40870e-01
8.88000e-01 4.30701e-01
8.92000e-01 4.30606e-01
8.96000e-01 4.31414e-01
9.00000e-01 4.34588e-01
9.04000e-01 4.41494e-01
9.08000e-01 4.49293e-01
9.12000e-01 4.52259e-01
9.16000e-01 4.52487e-01
9.20000e-01 4.52489e-01
9.24000e-01 4.52490e-01
9.28000e-01 4.52490e-01
9.32000e-01 4.52490e-01
9.36000e-01 4.52491e-01
9.40000e-01 4.52493e-01
9.44000e-01 4.52499e-01
9.48000e-01 4.52516e-01
9.52000e-01 4.52556e-01
9.56000e-01 4.52643e-01
9.60000e-01 4.52824e-01
9.64000e-01 4.53169e-01
9.68000e-01 4.53771e-01
9.72000e-01 4.54721e-01
9.76000e-01 4.56056e-01
9.80000e-01 4.57737e-01
9.84000e-01 4.59691e-01
9.88000e-01 4.61951e-01
9.92000e-01 4.64825e-01
9.96000e-01 4.69108e-01
1.00000e+00 4.76338e-01
1.00400e+00 4.87477e-01
1.00800e+00 4.97267e-01
1.01200e+00 4.99981e-01
1.01600e+00 5.00116e-01
1.02000e+00 5.00116e-01
1.02400e+00 5.00116e-01
1.02800e+00 5.00116e-01
1.03200e+00 5.00116e-01
1.03600e+00 5.00116e-01
1.04000e+00 5.00116e-01
1.04400e+00 5.00116e-01
1.04800e+00 5.00117e-01
1.05200e+00 5.00117e-01
1.05600e+00 5.00119e-01
1.06000e+00 5.00127e-01
1.06400e+00 5.00160e-01
1.06800e+00 5.00286e-01
1.07200e+00 5.00764e-01
1.07600e+00 5.02360e-01
1.08000e+00 5.05936e-01
1.08400e+00 5.09080e-01
1.08800e+00 5.09622e-01
1.09200e+00 5.09567e-01
1.09600e+00 5.08932e-01
1.10000e+00 5.05873e-01
1.10400e+00 4.98859e-01
1.10800e+00 4.93866e-01
1.11200e+00 4.93223e-01
1.11600e+00 4.93246e-01
1.12000e+00 4.93506e-01
1.12400e+00 4.94438e-01
1.12800e+00 4.95768e-01
1.13200e+00 4.96287e-01
1.13600e+00 4.96322e-01
1.14000e+00 4.96323e-01
1.14400e+00 4.96324e-01
1.14800e+00 4.96326e-01
1.15200e+00 4.96334e-01
1.15600e+00 4.96359e-01
1.16000e+00 4.96423e-01
1.16400e+00 4.96571e-01
1.16800e+00 4.96894e-01
1.17200e+00 4.97561e-01
1.17600e+00 4.98878e-01
1.18000e+00 5.01227e-01
1.18400e+00 5.04570e-01
1.18800e+00 5.07917e-01
1.19200e+00 5.10500e-01
1.19600e+00 5.12993e-01
1.20000e+00 5.17029e-01
1.20400e+00 5.23006e-01
1.20800e+00 5.25758e-01
1.21200e+00 5.25715e-01
1.21600e+00 5.23339e-01
1.22000e+00 5.09621e-01
1.22400e+00 4.83291e-01
1.22800e+00 4.72275e-01
1.23200e+00 4.71813e-01
1.23600e+00 4.72309e-01
1.24000e+00 4.74186e-01
1.24400e+00 4.76004e-01
1.24800e+00 4.76367e-01
1.25200e+00 4.76378e-01
1.25600e+00 4.76380e-01
1.26000e+00 4.76383e-01
1.26400e+00 4.76394e-01
1.26800e+00 4.76424e-01
1.27200e+00 4.76497e-01
1.27600e+00 4.76649e-01
1.28000e+00 4.76930e-01
1.28400e+00 4.77421e-01
1.28800e+00 4.78286e-01
1.29200e+00 4.79930e-01
1.29600e+00 4.83333e-01
1.30000e+00 4.90170e-01
1.30400e+00 4.99771e-01
1.30800e+00 5.05252e-01
1.31200e+00 5.05977e-01
1.31600e+00 5.05990e-01
1.32000e+00 5.05990e-01
1.32400e+00 5.05990e-01
1.32800e+00 5.05990e-01
1.33200e+00 5.05991e-01
1.33600e+00 5.05996e-01
1.34000e+00 5.06018e-01
1.34400e+00 5.06114e-01
1.34800e+00 5.06515e-01
1.35200e+00 5.07968e-01
1.35600e+00 5.11201e-01
1.36000e+00 5.13569e-01
1.36400e+00 5.13785e-01
1.36800e+00 5.13483e-01
1.37200e+00 5.11083e-01
1.37600e+00 5.02364e-01
1.38000e+00 4.90655e-01
1.38400e+00 4.86962e-01
1.38800e+00 4.86818e-01
1.39200e+00 4.86868e-01
1.39600e+00 4.87196e-01
1.40000e+00 4.88341e-01
1.40400e+00 4.91434e-01
1.40800e+00 4.98625e-01
1.41200e+00 5.11739e-01
1.41600e+00 5.24467e-01
1.42000e+00 5.28207e-01
1.42400e+00 5.28397e-01
1.42800e+00 5.28398e-01
1.43200e+00 5.28398e-01
1.43600e+00 5.28398e-01
1.44000e+00 5.28398e-01
1.44400e+00 5.28398e-01
1.44800e+00 5.28398e-01
1.45200e+00 5.28398e-01
1.45600e+00 5.28398e-01
1.46000e+00 5.28398e-01
1.46400e+00 5.28398e-01
1.46800e+00 5.28398e-01
1.47200e+00 5.28398e-01
1.47600e+00 5.28398e-01
1.48000e+00 5.28398e-01
1.48400e+00 5.28398e-01
1.48800e+00 5.28398e-01
1.49200e+00 5.28400e-01
1.49600e+00 5.28407e-01
1.50000e+00 5.28434e-01
1.50400e+00 5.28542e-01
1.50800e+00 5.28963e-01
1.51200e+00 5.30433e-01
1.51600e+00 5.34138e-01
1.52000e+00 5.38432e-01
1.52400e+00 5.39769e-01
1.52800e+00 5.39835e-01
1.53200e+00 5.39835e-01
1.53600e+00 5.39835e-01
1.54000e+00 5.39835e-01
1.54400e+00 5.39836e-01
1.54800e+00 5.39836e-01
1.55200e+00 5.39839e-01
1.55600e+00 5.39860e-01
1.56000e+00 5.40005e-01
1.56400e+00 5.40749e-01
1.56800e+00 5.42182e-01
1.57200e+00 5.42503e-01
1.57600e+00 5.41852e-01
1.58000e+00 5.34843e-01
1.58400e+00 5.05518e-01
1.58800e+00 4.72264e-01
1.59200e+00 4.65383e-01
1.59600e+00 4.65285e-01
1.60000e+00 4.65555e-01
1.60400e+00 4.66846e-01
1.60800e+00 4.70611e-01
1.61200e+00 4.78987e-01
1.61600e+00 4.90790e-01
1.62000e+00 4.97124e-01
1.62400e+00 4.97789e-01
1.62800e+00 4.97737e-01
1.63200e+00 4.97112e-01
1.63600e+00 4.93491e-01
1.64000e+00 4.81516e-01
1.64400e+00 4.66501e-01
1.64800e+00 4.62043e-01
1.65200e+00 4.61869e-01
1.65600e+00 4.61902e-01
1.66000e+00 4.62132e-01
1.66400e+00 4.63008e-01
1.66800e+00 4.65526e-01
1.67200e+00 4.70679e-01
1.67600e+00 4.75904e-01
1.68000e+00 4.77471e-01
1.68400e+00 4.77553e-01
1.68800e+00 4.77553e-01
1.69200e+00 4.77553e-01
1.69600e+00 4.77553e-01
1.70000e+00 4.77553e-01
1.70400e+00 4.77553e-01
1.70800e+00 4.77553e-01
1.71200e+00 4.77553e-01
1.71600e+00 4.77553e-01
1.72000e+00 4.77554e-01
1.72400e+00 4.77554e-01
1.72800e+00 4.77557e-01
1.73200e+00 4.77571e-01
1.73600e+00 4.77631e-01
1.74000e+00 4.77895e-01
1.74400e+00 4.78788e-01
1.74800e+00 4.80120e-01
1.75200e+00 4.80471e-01
1.75600e+00 4.80326e-01
1.76000e+00 4.78855e-01
1.76400e+00 4.71838e-01
1.76800e+00 4.56675e-01
1.77200e+00 4.47338e-01
1.77600e+00 4.46438e-01
1.78000e+00 4.46597e-01
1.78400e+00 4.47735e-01
1.78800e+00 4.51557e-01
1.79200e+00 4.59383e-01
1.79600e+00 4.66962e-01
1.80000e+00 4.69102e-01
1.80400e+00 4.69206e-01
1.80800e+00 4.69206e-01
1.81200e+00 4.69206e-01
1.81600e+00 4.69206e-01
1.82000e+00 4.69206e-01
1.82400e+00 4.69206e-01
1.82800e+00 4.69207e-01
1.83200e+00 4.69207e-01
1.83600e+00 4.69207e-01
1.84000e+00 4.69207e-01
1.84400e+00 4.69207e-01
1.84800e+00 4.69207e-01
1.85200e+00 4.69208e-01
1.85600e+00 4.69211e-01
1.86000e+00 4.69217e-01
1.86400e+00 4.69230e-01
1.86800e+00 4.69258e-01
1.87200e+00 4.69317e-01
1.87600e+00 4.69432e-01
1.88000e+00 4.69641e-01
1.88400e+00 4.69986e-01
1.88800e+00 4.70510e-01
1.89200e+00 4.71292e-01
1.89600e+00 4.72556e-01
1.90000e+00 4.74893e-01
1.90400e+00 4.79510e-01
1.90800e+00 4.86895e-01
1.91200e+00 4.92681e-01
1.91600e+00 4.93956e-01
1.92000e+00 4.94013e-01
1.92400e+00 4.94021e-01
1.92800e+00 4.94036e-01
1.93200e+00 4.94105e-01
1.93600e+00 4.94410e-01
1.94000e+00 4.95532e-01
1.94400e+00 4.97846e-01
1.94800e+00 4.99180e-01
1.95200e+00 4.99213e-01
1.95600e+00 4.98621e-01
1.96000e+00 4.94739e-01
1.96400e+00 4.82307e-01
1.96800e+00 4.68324e-01
1.97200e+00 4.64781e-01
1.97600e+00 4.64668e-01
1.98000e+00 4.64687e-01
1.98400e+00 4.64818e-01
1.98800e+00 4.65176e-01
1.99200e+00 4.67148e-01
1.99600e+00 4.67315e-01
