0.00000e+00 5.69380e-01
4.00000e-03 5.69380e-01
8.00000e-03 5.69380e-01
1.20000e-02 5.69374e-01
1.60000e-02 5.69258e-01
2.00000e-02 5.67406e-01
2.40000e-02 5.49969e-01
2.80000e-02 4.95557e-01
3.20000e-02 4.60586e-01
3.60000e-02 4.55900e-01
4.00000e-02 4.54351e-01
4.40000e-02 4.50885e-01
4.80000e-02 4.44261e-01
5.20000e-02 4.40776e-01
5.60000e-02 4.40649e-01
6.00000e-02 4.41291e-01
6.40000e-02 4.44204e-01
6.80000e-02 4.51564e-01
7.20000e-02 4.65505e-01
7.60000e-02 4.88168e-01
8.00000e-02 5.18170e-01
8.40000e-02 5.39647e-01
8.80000e-02 5.44123e-01
9.20000e-02 5.44260e-01
9.60000e-02 5.44244e-01
1.00000e-01 5.44083e-01
1.04000e-01 5.43162e-01
1.08000e-01 5.39995e-01
1.12000e-01 5.35591e-01
1.16000e-01 5.34129e-01
1.20000e-01 5.34078e-01
1.24000e-01 5.34137e-01
1.28000e-01 5.34531e-01
1.32000e-01 5.36062e-01
1.36000e-01 5.40769e-01
1.40000e-01 5.52485e-01
1.44000e-01 5.70831e-01
1.48000e-01 5.81500e-01
1.52000e-01 5.82798e-01
1.56000e-01 5.82815e-01
1.60000e-01 5.82810e-01
1.64000e-01 5.82711e-01
1.68000e-01 5.81045e-01
1.72000e-01 5.61157e-01
1.76000e-01 4.85052e-01
1.80000e-01 4.33116e-01
1.84000e-01 4.28251e-01
1.88000e-01 4.28217e-01
1.92000e-01 4.28230e-01
1.96000e-01 4.28291e-01
2.00000e-01 4.28470e-01
2.04000e-01 4.28889e-01
2.08000e-01 4.29744e-01
2.12000e-01 4.31294e-01
2.16000e-01 4.33800e-01
2.20000e-01 4.37447e-01
2.24000e-01 4.42275e-01
2.28000e-01 4.48172e-01
2.32000e-01 4.54915e-01
2.36000e-01 4.62232e-01
2.40000e-01 4.69856e-01
2.44000e-01 4.77564e-01
2.48000e-01 4.85209e-01
2.52000e-01 4.92791e-01
2.56000e-01 5.00557e-01
2.60000e-01 5.09227e-01
2.64000e-01 5.20416e-01
2.68000e-01 5.37052e-01
2.72000e-01 5.59964e-01
2.76000e-01 5.76965e-01
2.80000e-01 5.80504e-01
2.84000e-01 5.80615e-01
2.88000e-01 5.80615e-01
2.92000e-01 5.80605e-01
2.96000e-01 5.80464e-01
3.00000e-01 5.78554e-01
3.04000e-01 5.60063e-01
3.08000e-01 4.97958e-01
3.12000e-01 4.57060e-01
3.16000e-01 4.53318e-01
3.20000e-01 4.53377e-01
3.24000e-01 4.53956e-01
3.28000e-01 4.55780e-01
3.32000e-01 4.59540e-01
3.36000e-01 4.65875e-01
3.40000e-01 4.75920e-01
3.44000e-01 4.91283e-01
3.48000e-01 5.08952e-01
3.52000e-01 5.17810e-01
3.56000e-01 5.18878e-01
3.60000e-01 5.18897e-01
3.64000e-01 5.18899e-01
3.68000e-01 5.18901e-01
3.72000e-01 5.18913e-01
3.76000e-01 5.18970e-01
3.80000e-01 5.19245e-01
3.84000e-01 5.20445e-01
3.88000e-01 5.24335e-01
3.92000e-01 5.30003e-01
3.96000e-01 5.31761e-01
4.00000e-01 5.31631e-01
4.04000e-01 5.29800e-01
4.08000e-01 5.21000e-01
4.12000e-01 4.96446e-01
4.16000e-01 4.62825e-01
4.20000e-01 4.46867e-01
4.24000e-01 4.45098e-01
4.28000e-01 4.45086e-01
4.32000e-01 4.45167e-01
4.36000e-01 4.45597e-01
4.40000e-01 4.46915e-01
4.44000e-01 4.49779e-01
4.48000e-01 4.54583e-01
4.52000e-01 4.61450e-01
4.56000e-01 4.70926e-01
4.60000e-01 4.84510e-01
4.64000e-01 5.01901e-01
4.68000e-01 5.14173e-01
4.72000e-01 5.16750e-01
4.76000e-01 5.16839e-01
4.80000e-01 5.16840e-01
4.84000e-01 5.16840e-01
4.88000e-01 5.16840e-01
4.92000e-01 5.16840e-01
4.96000e-01 5.16844e-01
5.00000e-01 5.16875e-01
5.04000e-01 5.17094e-01
5.08000e-01 5.17834e-01
5.12000e-01 5.18230e-01
5.16000e-01 5.17964e-01
5.20000e-01 5.14246e-01
5.24000e-01 4.92485e-01
5.28000e-01 4.51770e-01
5.32000e-01 4.36322e-01
5.36000e-01 4.35778e-01
5.40000e-01 4.36449e-01
5.44000e-01 4.39279e-01
5.48000e-01 4.44899e-01
5.52000e-01 4.51970e-01
5.56000e-01 4.58680e-01
5.60000e-01 4.64910e-01
5.64000e-01 4.72110e-01
5.68000e-01 4.82217e-01
5.72000e-01 4.94050e-01
5.76000e-01 5.00316e-01
5.80000e-01 5.01135e-01
5.84000e-01 5.01150e-01
5.88000e-01 5.01150e-01
5.92000e-01 5.01150e-01
5.96000e-01 5.01150e-01
6.00000e-01 5.01150e-01
6.04000e-01 5.01150e-01
6.08000e-01 5.01151e-01
6.12000e-01 5.01153e-01
6.16000e-01 5.01159e-01
6.20000e-01 5.01174e-01
6.24000e-01 5.01212e-01
6.28000e-01 5.01304e-01
6.32000e-01 5.01512e-01
6.36000e-01 5.01964e-01
6.40000e-01 5.02930e-01
6.44000e-01 5.05071e-01
6.48000e-01 5.10162e-01
6.52000e-01 5.21661e-01
6.56000e-01 5.36562e-01
6.60000e-01 5.41066e-01
6.64000e-01 5.40224e-01
6.68000e-01 5.26544e-01
6.72000e-01 4.70291e-01
6.76000e-01 4.24172e-01
6.80000e-01 4.18675e-01
6.84000e-01 4.18761e-01
6.88000e-01 4.19617e-01
6.92000e-01 4.21986e-01
6.96000e-01 4.25958e-01
7.00000e-01 4.30911e-01
7.04000e-01 4.36062e-01
7.08000e-01 4.40849e-01
7.12000e-01 4.44970e-01
7.16000e-01 4.48339e-01
7.20000e-01 4.51052e-01
7.24000e-01 4.53313e-01
7.28000e-01 4.55344e-01
7.32000e-01 4.57325e-01
7.36000e-01 4.59385e-01
7.40000e-01 4.61599e-01
7.44000e-01 4.63989e-01
7.48000e-01 4.66535e-01
7.52000e-01 4.69188e-01
7.56000e-01 4.71883e-01
7.60000e-01 4.74564e-01
7.64000e-01 4.77189e-01
7.68000e-01 4.79740e-01
7.72000e-01 4.82217e-01
7.76000e-01 4.84629e-01
7.80000e-01 4.86991e-01
7.84000e-01 4.89316e-01
7.88000e-01 4.91608e-01
7.92000e-01 4.93864e-01
7.96000e-01 4.96065e-01
8.00000e-01 4.98182e-01
8.04000e-01 5.00172e-01
8.08000e-01 5.01997e-01
8.12000e-01 5.03637e-01
8.16000e-01 5.05122e-01
8.20000e-01 5.06553e-01
8.24000e-01 5.08149e-01
8.28000e-01 5.10381e-01
8.32000e-01 5.14420e-01
8.36000e-01 5.22992e-01
8.40000e-01 5.38220e-01
8.44000e-01 5.49995e-01
8.48000e-01 5.51636e-01
8.52000e-01 5.51021e-01
8.56000e-01 5.44155e-01
8.60000e-01 5.17744e-01
8.64000e-01 4.91323e-01
8.68000e-01 4.86830e-01
8.72000e-01 4.86885e-01
8.76000e-01 4.87883e-01
8.80000e-01 4.92071e-01
8.84000e-01 5.03421e-01
8.88000e-01 5.19529e-01
8.92000e-01 5.25292e-01
8.96000e-01 5.24912e-01
9.00000e-01 5.16982e-01
9.04000e-01 4.80011e-01
9.08000e-01 4.38967e-01
9.12000e-01 4.31455e-01
9.16000e-01 4.31518e-01
9.20000e-01 4.32837e-01
9.24000e-01 4.37333e-01
9.28000e-01 4.45369e-01
9.32000e-01 4.51315e-01
9.36000e-01 4.52456e-01
9.40000e-01 4.52489e-01
9.44000e-01 4.52490e-01
9.48000e-01 4.52490e-01
9.52000e-01 4.52490e-01
9.56000e-01 4.52490e-01
9.60000e-01 4.52491e-01
9.64000e-01 4.52494e-01
9.68000e-01 4.52502e-01
9.72000e-01 4.52523e-01
9.76000e-01 4.52571e-01
9.80000e-01 4.52675e-01
9.84000e-01 4.52884e-01
9.88000e-01 4.53274e-01
9.92000e-01 4.53941e-01
9.96000e-01 4.54967e-01
1.00000e+00 4.56376e-01
1.00400e+00 4.58106e-01
1.00800e+00 4.60076e-01
1.01200e+00 4.62334e-01
1.01600e+00 4.65208e-01
1.02000e+00 4.69526e-01
1.02400e+00 4.76853e-01
1.02800e+00 4.88033e-01
1.03200e+00 4.97524e-01
1.03600e+00 5.00003e-01
1.04000e+00 5.00116e-01
1.04400e+00 5.00116e-01
1.04800e+00 5.00116e-01
1.05200e+00 5.00116e-01
1.05600e+00 5.00116e-01
1.06000e+00 5.00116e-01
1.06400e+00 5.00116e-01
1.06800e+00 5.00116e-01
1.07200e+00 5.00117e-01
1.07600e+00 5.00117e-01
1.08000e+00 5.00118e-01
1.08400e+00 5.00125e-01
1.08800e+00 5.00149e-01
1.09200e+00 5.00242e-01
1.09600e+00 5.00601e-01
1.10000e+00 5.01846e-01
1.10400e+00 5.04982e-01
1.10800e+00 5.08495e-01
1.11200e+00 5.09407e-01
1.11600e+00 5.09394e-01
1.12000e+00 5.08994e-01
1.12400e+00 5.06784e-01
1.12800e+00 5.00610e-01
1.13200e+00 4.94591e-01
1.13600e+00 4.93359e-01
1.14000e+00 4.93352e-01
1.14400e+00 4.93510e-01
1.14800e+00 4.94213e-01
1.15200e+00 4.95512e-01
1.15600e+00 4.96242e-01
1.16000e+00 4.96322e-01
1.16400e+00 4.96324e-01
1.16800e+00 4.96324e-01
1.17200e+00 4.96326e-01
1.17600e+00 4.96331e-01
1.18000e+00 4.96348e-01
1.18400e+00 4.96393e-01
1.18800e+00 4.96501e-01
1.19200e+00 4.96741e-01
1.19600e+00 4.97253e-01
1.20000e+00 4.98293e-01
1.20400e+00 5.00233e-01
1.20800e+00 5.03209e-01
1.21200e+00 5.06536e-01
1.21600e+00 5.09376e-01
1.22000e+00 5.12123e-01
1.22400e+00 5.16238e-01
1.22800e+00 5.22027e-01
1.23200e+00 5.24773e-01
1.23600e+00 5.24798e-01
1.24000e+00 5.23160e-01
1.24400e+00 5.12592e-01
1.24800e+00 4.87699e-01
1.25200e+00 4.73570e-01
1.25600e+00 4.72485e-01
1.26000e+00 4.72747e-01
1.26400e+00 4.74079e-01
1.26800e+00 4.75837e-01
1.27200e+00 4.76356e-01
1.27600e+00 4.76381e-01
1.28000e+00 4.76382e-01
1.28400e+00 4.76385e-01
1.28800e+00 4.76394e-01
1.29200e+00 4.76421e-01
1.29600e+00 4.76486e-01
1.30000e+00 4.76624e-01
1.30400e+00 4.76883e-01
1.30800e+00 4.77338e-01
1.31200e+00 4.78144e-01
1.31600e+00 4.79680e-01
1.32000e+00 4.82864e-01
1.32400e+00 4.89361e-01
1.32800e+00 4.98970e-01
1.33200e+00 5.05039e-01
1.33600e+00 5.05970e-01
1.34000e+00 5.05990e-01
1.34400e+00 5.05990e-01
1.34800e+00 5.05990e-01
1.35200e+00 5.05990e-01
1.35600e+00 5.05991e-01
1.36000e+00 5.05994e-01
1.36400e+00 5.06010e-01
1.36800e+00 5.06077e-01
1.37200e+00 5.06364e-01
1.37600e+00 5.07455e-01
1.38000e+00 5.10253e-01
1.38400e+00 5.12970e-01
1.38800e+00 5.13411e-01
1.39200e+00 5.13244e-01
1.39600e+00 5.11638e-01
1.40000e+00 5.04766e-01
1.40400e+00 4.92771e-01
1.40800e+00 4.87289e-01
1.41200e+00 4.86903e-01
1.41600e+00 4.86928e-01
1.42000e+00 4.87139e-01
1.42400e+00 4.87950e-01
1.42800e+00 4.90249e-01
1.43200e+00 4.95819e-01
1.43600e+00 5.07082e-01
1.44000e+00 5.21270e-01
1.44400e+00 5.27773e-01
1.44800e+00 5.28391e-01
1.45200e+00 5.28398e-01
1.45600e+00 5.28398e-01
1.46000e+00 5.28398e-01
1.46400e+00 5.28398e-01
1.46800e+00 5.28398e-01
1.47200e+00 5.28398e-01
1.47600e+00 5.28398e-01
1.48000e+00 5.28398e-01
1.48400e+00 5.28398e-01
1.48800e+00 5.28398e-01
1.49200e+00 5.28398e-01
1.49600e+00 5.28398e-01
1.50000e+00 5.28398e-01
1.50400e+00 5.28398e-01
1.50800e+00 5.28398e-01
1.51200e+00 5.28398e-01
1.51600e+00 5.28399e-01
1.52000e+00 5.28402e-01
1.52400e+00 5.28413e-01
1.52800e+00 5.28459e-01
1.53200e+00 5.28639e-01
1.53600e+00 5.29323e-01
1.54000e+00 5.31521e-01
1.54400e+00 5.35936e-01
1.54800e+00 5.39267e-01
1.55200e+00 5.39824e-01
1.55600e+00 5.39835e-01
1.56000e+00 5.39835e-01
1.56400e+00 5.39835e-01
1.56800e+00 5.39835e-01
1.57200e+00 5.39836e-01
1.57600e+00 5.39837e-01
1.58000e+00 5.39848e-01
1.58400e+00 5.39925e-01
1.58800e+00 5.40370e-01
1.59200e+00 5.41437e-01
1.59600e+00 5.41793e-01
1.60000e+00 5.41424e-01
1.60400e+00 5.36887e-01
1.60800e+00 5.13608e-01
1.61200e+00 4.77287e-01
1.61600e+00 4.65966e-01
1.62000e+00 4.65594e-01
1.62400e+00 4.65806e-01
1.62800e+00 4.66999e-01
1.63200e+00 4.70698e-01
1.63600e+00 4.79107e-01
1.64000e+00 4.90881e-01
1.64400e+00 4.97006e-01
1.64800e+00 4.97610e-01
1.65200e+00 4.97549e-01
1.65600e+00 4.96859e-01
1.66000e+00 4.92951e-01
1.66400e+00 4.80539e-01
1.66800e+00 4.65999e-01
1.67200e+00 4.62070e-01
1.67600e+00 4.61940e-01
1.68000e+00 4.61982e-01
1.68400e+00 4.62262e-01
1.68800e+00 4.63297e-01
1.69200e+00 4.66177e-01
1.69600e+00 4.71645e-01
1.70000e+00 4.76390e-01
1.70400e+00 4.77511e-01
1.70800e+00 4.77553e-01
1.71200e+00 4.77553e-01
1.71600e+00 4.77553e-01
1.72000e+00 4.77553e-01
1.72400e+00 4.77553e-01
1.72800e+00 4.77553e-01
1.73200e+00 4.77553e-01
1.73600e+00 4.77553e-01
1.74000e+00 4.77553e-01
1.74400e+00 4.77554e-01
1.74800e+00 4.77555e-01
1.75200e+00 4.77559e-01
1.75600e+00 4.77577e-01
1.76000e+00 4.77663e-01
1.76400e+00 4.78024e-01
1.76800e+00 4.79049e-01
1.77200e+00 4.80038e-01
1.77600e+00 4.80132e-01
1.78000e+00 4.79827e-01
1.78400e+00 4.77476e-01
1.78800e+00 4.68210e-01
1.79200e+00 4.53220e-01
1.79600e+00 4.47131e-01
1.80000e+00 4.46853e-01
1.80400e+00 4.47136e-01
1.80800e+00 4.48727e-01
1.81200e+00 4.53445e-01
1.81600e+00 4.61776e-01
1.82000e+00 4.67987e-01
1.82400e+00 4.69173e-01
1.82800e+00 4.69206e-01
1.83200e+00 4.69206e-01
1.83600e+00 4.69206e-01
1.84000e+00 4.69206e-01
1.84400e+00 4.69206e-01
1.84800e+00 4.69207e-01
1.85200e+00 4.69207e-01
1.85600e+00 4.69207e-01
1.86000e+00 4.69207e-01
1.86400e+00 4.69207e-01
1.86800e+00 4.69207e-01
1.87200e+00 4.69207e-01
1.87600e+00 4.69208e-01
1.88000e+00 4.69211e-01
1.88400e+00 4.69217e-01
1.88800e+00 4.69230e-01
1.89200e+00 4.69258e-01
1.89600e+00 4.69317e-01
1.90000e+00 4.69432e-01
1.90400e+00 4.69639e-01
1.90800e+00 4.69977e-01
1.91200e+00 4.70489e-01
1.91600e+00 4.71261e-01
1.92000e+00 4.72530e-01
1.92400e+00 4.74922e-01
1.92800e+00 4.79683e-01
1.93200e+00 4.87188e-01
1.93600e+00 4.92818e-01
1.94000e+00 4.93975e-01
1.94400e+00 4.94022e-01
1.94800e+00 4.94028e-01
1.95200e+00 4.94043e-01
1.95600e+00 4.94106e-01
1.96000e+00 4.94391e-01
1.96400e+00 4.95446e-01
1.96800e+00 4.97601e-01
1.97200e+00 4.98804e-01
1.97600e+00 4.98825e-01
1.98000e+00 4.98219e-01
1.98400e+00 4.94332e-01
1.98800e+00 4.81999e-01
1.99200e+00 4.67597e-01
1.99600e+00 4.67009e-01
