0.00000e+00 4.28021e-01
4.00000e-03 4.28021e-01
8.00000e-03 4.28042e-01
1.20000e-02 4.28316e-01
1.60000e-02 4.30284e-01
2.00000e-02 4.38683e-01
2.40000e-02 4.61819e-01
2.80000e-02 5.05544e-01
3.20000e-02 5.52226e-01
3.60000e-02 5.68166e-01
4.00000e-02 5.68888e-01
4.40000e-02 5.68127e-01
4.80000e-02 5.58814e-01
5.20000e-02 5.16335e-01
5.60000e-02 4.67546e-01
6.00000e-02 4.54213e-01
6.40000e-02 4.50523e-01
6.80000e-02 4.46267e-01
7.20000e-02 4.42072e-01
7.60000e-02 4.41157e-01
8.00000e-02 4.41274e-01
8.40000e-02 4.42266e-01
8.80000e-02 4.45586e-01
9.20000e-02 4.52807e-01
9.60000e-02 4.65164e-01
1.00000e-01 4.84157e-01
1.04000e-01 5.10643e-01
1.08000e-01 5.35271e-01
1.12000e-01 5.43672e-01
1.16000e-01 5.44232e-01
1.20000e-01 5.44232e-01
1.24000e-01 5.44188e-01
1.28000e-01 5.43881e-01
1.32000e-01 5.42418e-01
1.36000e-01 5.38489e-01
1.40000e-01 5.34840e-01
1.44000e-01 5.34153e-01
1.48000e-01 5.34149e-01
1.52000e-01 5.34236e-01
1.56000e-01 5.34702e-01
1.60000e-01 5.36378e-01
1.64000e-01 5.41332e-01
1.68000e-01 5.53352e-01
1.72000e-01 5.71577e-01
1.76000e-01 5.81656e-01
1.80000e-01 5.82792e-01
1.84000e-01 5.82801e-01
1.88000e-01 5.82744e-01
1.92000e-01 5.81641e-01
1.96000e-01 5.67000e-01
2.00000e-01 4.97526e-01
2.04000e-01 4.36102e-01
2.08000e-01 4.28325e-01
2.12000e-01 4.28244e-01
2.16000e-01 4.28265e-01
2.20000e-01 4.28370e-01
2.24000e-01 4.28655e-01
2.28000e-01 4.29272e-01
2.32000e-01 4.30431e-01
2.36000e-01 4.32377e-01
2.40000e-01 4.35316e-01
2.44000e-01 4.39339e-01
2.48000e-01 4.44389e-01
2.52000e-01 4.50294e-01
2.56000e-01 4.56822e-01
2.60000e-01 4.63739e-01
2.64000e-01 4.70840e-01
2.68000e-01 4.77953e-01
2.72000e-01 4.84959e-01
2.76000e-01 4.91817e-01
2.80000e-01 4.98626e-01
2.84000e-01 5.05753e-01
2.88000e-01 5.14083e-01
2.92000e-01 5.25512e-01
2.96000e-01 5.43116e-01
3.00000e-01 5.65621e-01
3.04000e-01 5.78739e-01
3.08000e-01 5.80580e-01
3.12000e-01 5.80612e-01
3.16000e-01 5.80609e-01
3.20000e-01 5.80553e-01
3.24000e-01 5.79708e-01
3.28000e-01 5.69857e-01
3.32000e-01 5.19824e-01
3.36000e-01 4.63689e-01
3.40000e-01 4.53854e-01
3.44000e-01 4.53780e-01
3.48000e-01 4.54255e-01
3.52000e-01 4.55996e-01
3.56000e-01 4.59687e-01
3.60000e-01 4.65835e-01
3.64000e-01 4.75401e-01
3.68000e-01 4.90028e-01
3.72000e-01 5.07650e-01
3.76000e-01 5.17478e-01
3.80000e-01 5.18870e-01
3.84000e-01 5.18899e-01
3.88000e-01 5.18900e-01
3.92000e-01 5.18901e-01
3.96000e-01 5.18907e-01
4.00000e-01 5.18939e-01
4.04000e-01 5.19090e-01
4.08000e-01 5.19765e-01
4.12000e-01 5.22243e-01
4.16000e-01 5.27482e-01
4.20000e-01 5.30861e-01
4.24000e-01 5.31088e-01
4.28000e-01 5.30469e-01
4.32000e-01 5.24776e-01
4.36000e-01 4.98659e-01
4.40000e-01 4.58764e-01
4.44000e-01 4.45723e-01
4.48000e-01 4.45139e-01
4.52000e-01 4.45159e-01
4.56000e-01 4.45324e-01
4.60000e-01 4.45936e-01
4.64000e-01 4.47498e-01
4.68000e-01 4.50549e-01
4.72000e-01 4.55370e-01
4.76000e-01 4.62048e-01
4.80000e-01 4.71140e-01
4.84000e-01 4.84172e-01
4.88000e-01 5.01199e-01
4.92000e-01 5.13845e-01
4.96000e-01 5.16727e-01
5.00000e-01 5.16839e-01
5.04000e-01 5.16840e-01
5.08000e-01 5.16840e-01
5.12000e-01 5.16840e-01
5.16000e-01 5.16840e-01
5.20000e-01 5.16845e-01
5.24000e-01 5.16884e-01
5.28000e-01 5.17122e-01
5.32000e-01 5.17628e-01
5.36000e-01 5.17717e-01
5.40000e-01 5.17240e-01
5.44000e-01 5.12149e-01
5.48000e-01 4.86829e-01
5.52000e-01 4.48300e-01
5.56000e-01 4.36945e-01
5.60000e-01 4.36732e-01
5.64000e-01 4.37541e-01
5.68000e-01 4.40576e-01
5.72000e-01 4.46322e-01
5.76000e-01 4.53367e-01
5.80000e-01 4.59981e-01
5.84000e-01 4.66150e-01
5.88000e-01 4.73364e-01
5.92000e-01 4.83488e-01
5.96000e-01 4.94918e-01
6.00000e-01 5.00496e-01
6.04000e-01 5.01140e-01
6.08000e-01 5.01150e-01
6.12000e-01 5.01150e-01
6.16000e-01 5.01150e-01
6.20000e-01 5.01150e-01
6.24000e-01 5.01150e-01
6.28000e-01 5.01150e-01
6.32000e-01 5.01151e-01
6.36000e-01 5.01152e-01
6.40000e-01 5.01156e-01
6.44000e-01 5.01166e-01
6.48000e-01 5.01192e-01
6.52000e-01 5.01255e-01
6.56000e-01 5.01399e-01
6.60000e-01 5.01712e-01
6.64000e-01 5.02375e-01
6.68000e-01 5.03844e-01
6.72000e-01 5.07490e-01
6.76000e-01 5.16780e-01
6.80000e-01 5.31690e-01
6.84000e-01 5.37537e-01
6.88000e-01 5.36556e-01
6.92000e-01 5.20447e-01
6.96000e-01 4.62646e-01
7.00000e-01 4.23037e-01
7.04000e-01 4.19340e-01
7.08000e-01 4.19527e-01
7.12000e-01 4.20748e-01
7.16000e-01 4.23771e-01
7.20000e-01 4.28407e-01
7.24000e-01 4.33719e-01
7.28000e-01 4.38824e-01
7.32000e-01 4.43261e-01
7.36000e-01 4.46907e-01
7.40000e-01 4.49828e-01
7.44000e-01 4.52193e-01
7.48000e-01 4.54216e-01
7.52000e-01 4.56091e-01
7.56000e-01 4.57974e-01
7.60000e-01 4.59970e-01
7.64000e-01 4.62138e-01
7.68000e-01 4.64489e-01
7.72000e-01 4.66994e-01
7.76000e-01 4.69599e-01
7.80000e-01 4.72238e-01
7.84000e-01 4.74854e-01
7.88000e-01 4.77410e-01
7.92000e-01 4.79888e-01
7.96000e-01 4.82290e-01
8.00000e-01 4.84628e-01
8.04000e-01 4.86919e-01
8.08000e-01 4.89175e-01
8.12000e-01 4.91406e-01
8.16000e-01 4.93611e-01
8.20000e-01 4.95775e-01
8.24000e-01 4.97873e-01
8.28000e-01 4.99863e-01
8.32000e-01 5.01698e-01
8.36000e-01 5.03340e-01
8.40000e-01 5.04792e-01
8.44000e-01 5.06120e-01
8.48000e-01 5.07480e-01
8.52000e-01 5.09191e-01
8.56000e-01 5.12000e-01
8.60000e-01 5.17800e-01
8.64000e-01 5.29888e-01
8.68000e-01 5.44998e-01
8.72000e-01 5.50233e-01
8.76000e-01 5.50229e-01
8.80000e-01 5.47462e-01
8.84000e-01 5.30798e-01
8.88000e-01 4.99824e-01
8.92000e-01 4.87932e-01
8.96000e-01 4.87484e-01
9.00000e-01 4.87980e-01
9.04000e-01 4.90890e-01
9.08000e-01 5.00216e-01
9.12000e-01 5.15773e-01
9.16000e-01 5.22346e-01
9.20000e-01 5.21924e-01
9.24000e-01 5.12800e-01
9.28000e-01 4.74428e-01
9.32000e-01 4.37848e-01
9.36000e-01 4.32463e-01
9.40000e-01 4.32697e-01
9.44000e-01 4.34711e-01
9.48000e-01 4.40605e-01
9.52000e-01 4.48588e-01
9.56000e-01 4.52159e-01
9.60000e-01 4.52486e-01
9.64000e-01 4.52490e-01
9.68000e-01 4.52490e-01
9.72000e-01 4.52490e-01
9.76000e-01 4.52490e-01
9.80000e-01 4.52490e-01
9.84000e-01 4.52492e-01
9.88000e-01 4.52496e-01
9.92000e-01 4.52506e-01
9.96000e-01 4.52532e-01
1.00000e+00 4.52589e-01
1.00400e+00 4.52711e-01
1.00800e+00 4.52952e-01
1.01200e+00 4.53392e-01
1.01600e+00 4.54126e-01
1.02000e+00 4.55231e-01
1.02400e+00 4.56711e-01
1.02800e+00 4.58484e-01
1.03200e+00 4.60465e-01
1.03600e+00 4.62714e-01
1.04000e+00 4.65585e-01
1.04400e+00 4.69934e-01
1.04800e+00 4.77354e-01
1.05200e+00 4.88563e-01
1.05600e+00 4.97756e-01
1.06000e+00 5.00021e-01
1.06400e+00 5.00116e-01
1.06800e+00 5.00116e-01
1.07200e+00 5.00116e-01
1.07600e+00 5.00116e-01
1.08000e+00 5.00116e-01
1.08400e+00 5.00116e-01
1.08800e+00 5.00116e-01
1.09200e+00 5.00116e-01
1.09600e+00 5.00116e-01
1.10000e+00 5.00117e-01
1.10400e+00 5.00118e-01
1.10800e+00 5.00122e-01
1.11200e+00 5.00140e-01
1.11600e+00 5.00210e-01
1.12000e+00 5.00478e-01
1.12400e+00 5.01438e-01
1.12800e+00 5.04101e-01
1.13200e+00 5.07798e-01
1.13600e+00 5.09177e-01
1.14000e+00 5.09213e-01
1.14400e+00 5.08974e-01
1.14800e+00 5.07422e-01
1.15200e+00 5.02274e-01
1.15600e+00 4.95596e-01
1.16000e+00 4.93524e-01
1.16400e+00 4.93459e-01
1.16800e+00 4.93549e-01
1.17200e+00 4.94054e-01
1.17600e+00 4.95232e-01
1.18000e+00 4.96160e-01
1.18400e+00 4.96320e-01
1.18800e+00 4.96324e-01
1.19200e+00 4.96325e-01
1.19600e+00 4.96326e-01
1.20000e+00 4.96329e-01
1.20400e+00 4.96341e-01
1.20800e+00 4.96372e-01
1.21200e+00 4.96450e-01
1.21600e+00 4.96628e-01
1.22000e+00 4.97017e-01
1.22400e+00 4.97829e-01
1.22800e+00 4.99399e-01
1.23200e+00 5.01955e-01
1.23600e+00 5.05092e-01
1.24000e+00 5.08073e-01
1.24400e+00 5.11092e-01
1.24800e+00 5.15430e-01
1.25200e+00 5.21222e-01
1.25600e+00 5.23979e-01
1.26000e+00 5.24047e-01
1.26400e+00 5.22917e-01
1.26800e+00 5.14866e-01
1.27200e+00 4.92144e-01
1.27600e+00 4.75114e-01
1.28000e+00 4.73057e-01
1.28400e+00 4.73182e-01
1.28800e+00 4.74079e-01
1.29200e+00 4.75662e-01
1.29600e+00 4.76334e-01
1.30000e+00 4.76383e-01
1.30400e+00 4.76385e-01
1.30800e+00 4.76387e-01
1.31200e+00 4.76395e-01
1.31600e+00 4.76418e-01
1.32000e+00 4.76477e-01
1.32400e+00 4.76602e-01
1.32800e+00 4.76839e-01
1.33200e+00 4.77261e-01
1.33600e+00 4.78013e-01
1.34000e+00 4.79446e-01
1.34400e+00 4.82422e-01
1.34800e+00 4.88576e-01
1.35200e+00 4.98128e-01
1.35600e+00 5.04780e-01
1.36000e+00 5.05960e-01
1.36400e+00 5.05990e-01
1.36800e+00 5.05990e-01
1.37200e+00 5.05990e-01
1.37600e+00 5.05990e-01
1.38000e+00 5.05991e-01
1.38400e+00 5.05993e-01
1.38800e+00 5.06004e-01
1.39200e+00 5.06051e-01
1.39600e+00 5.06255e-01
1.40000e+00 5.07064e-01
1.40400e+00 5.09397e-01
1.40800e+00 5.12304e-01
1.41200e+00 5.13047e-01
1.41600e+00 5.12965e-01
1.42000e+00 5.11916e-01
1.42400e+00 5.06707e-01
1.42800e+00 4.95220e-01
1.43200e+00 4.87839e-01
1.43600e+00 4.86988e-01
1.44000e+00 4.86995e-01
1.44400e+00 4.87124e-01
1.44800e+00 4.87689e-01
1.45200e+00 4.89384e-01
1.45600e+00 4.93638e-01
1.46000e+00 5.02880e-01
1.46400e+00 5.17132e-01
1.46800e+00 5.26752e-01
1.47200e+00 5.28360e-01
1.47600e+00 5.28398e-01
1.48000e+00 5.28398e-01
1.48400e+00 5.28398e-01
1.48800e+00 5.28398e-01
1.49200e+00 5.28398e-01
1.49600e+00 5.28398e-01
1.50000e+00 5.28398e-01
1.50400e+00 5.28398e-01
1.50800e+00 5.28398e-01
1.51200e+00 5.28398e-01
1.51600e+00 5.28398e-01
1.52000e+00 5.28398e-01
1.52400e+00 5.28398e-01
1.52800e+00 5.28398e-01
1.53200e+00 5.28398e-01
1.53600e+00 5.28398e-01
1.54000e+00 5.28398e-01
1.54400e+00 5.28399e-01
1.54800e+00 5.28404e-01
1.55200e+00 5.28423e-01
1.55600e+00 5.28500e-01
1.56000e+00 5.28799e-01
1.56400e+00 5.29888e-01
1.56800e+00 5.32974e-01
1.57200e+00 5.37564e-01
1.57600e+00 5.39660e-01
1.58000e+00 5.39834e-01
1.58400e+00 5.39835e-01
1.58800e+00 5.39835e-01
1.59200e+00 5.39835e-01
1.59600e+00 5.39836e-01
1.60000e+00 5.39836e-01
1.60400e+00 5.39842e-01
1.60800e+00 5.39885e-01
1.61200e+00 5.40153e-01
1.61600e+00 5.40907e-01
1.62000e+00 5.41237e-01
1.62400e+00 5.41025e-01
1.62800e+00 5.38093e-01
1.63200e+00 5.20381e-01
1.63600e+00 4.83592e-01
1.64000e+00 4.66938e-01
1.64400e+00 4.65954e-01
1.64800e+00 4.66116e-01
1.65200e+00 4.67197e-01
1.65600e+00 4.70793e-01
1.66000e+00 4.79181e-01
1.66400e+00 4.90909e-01
1.66800e+00 4.96867e-01
1.67200e+00 4.97424e-01
1.67600e+00 4.97354e-01
1.68000e+00 4.96592e-01
1.68400e+00 4.92380e-01
1.68800e+00 4.79555e-01
1.69200e+00 4.65548e-01
1.69600e+00 4.62111e-01
1.70000e+00 4.62017e-01
1.70400e+00 4.62071e-01
1.70800e+00 4.62409e-01
1.71200e+00 4.63626e-01
1.71600e+00 4.66892e-01
1.72000e+00 4.72583e-01
1.72400e+00 4.76763e-01
1.72800e+00 4.77533e-01
1.73200e+00 4.77553e-01
1.73600e+00 4.77553e-01
1.74000e+00 4.77553e-01
1.74400e+00 4.77553e-01
1.74800e+00 4.77553e-01
1.75200e+00 4.77553e-01
1.75600e+00 4.77553e-01
1.76000e+00 4.77553e-01
1.76400e+00 4.77553e-01
1.76800e+00 4.77554e-01
1.77200e+00 4.77555e-01
1.77600e+00 4.77561e-01
1.78000e+00 4.77587e-01
1.78400e+00 4.77710e-01
1.78800e+00 4.78191e-01
1.79200e+00 4.79246e-01
1.79600e+00 4.79834e-01
1.80000e+00 4.79817e-01
1.80400e+00 4.79229e-01
1.80800e+00 4.75664e-01
1.81200e+00 4.64197e-01
1.81600e+00 4.50747e-01
1.82000e+00 4.47291e-01
1.82400e+00 4.47259e-01
1.82800e+00 4.47733e-01
1.83200e+00 4.49873e-01
1.83600e+00 4.55524e-01
1.84000e+00 4.63934e-01
1.84400e+00 4.68612e-01
1.84800e+00 4.69197e-01
1.85200e+00 4.69206e-01
1.85600e+00 4.69206e-01
1.86000e+00 4.69206e-01
1.86400e+00 4.69206e-01
1.86800e+00 4.69206e-01
1.87200e+00 4.69207e-01
1.87600e+00 4.69207e-01
1.88000e+00 4.69207e-01
1.88400e+00 4.69207e-01
1.88800e+00 4.69207e-01
1.89200e+00 4.69207e-01
1.89600e+00 4.69207e-01
1.90000e+00 4.69208e-01
1.90400e+00 4.69211e-01
1.90800e+00 4.69217e-01
1.91200e+00 4.69230e-01
1.91600e+00 4.69259e-01
1.92000e+00 4.69318e-01
1.92400e+00 4.69432e-01
1.92800e+00 4.69636e-01
1.93200e+00 4.69967e-01
1.93600e+00 4.70469e-01
1.94000e+00 4.71232e-01
1.94400e+00 4.72509e-01
1.94800e+00 4.74960e-01
1.95200e+00 4.79864e-01
1.95600e+00 4.87473e-01
1.96000e+00 4.92941e-01
1.96400e+00 4.93990e-01
1.96800e+00 4.94029e-01
1.97200e+00 4.94035e-01
1.97600e+00 4.94048e-01
1.98000e+00 4.94108e-01
1.98400e+00 4.94370e-01
1.98800e+00 4.95492e-01
1.99200e+00 4.97521e-01
1.99600e+00 4.97634e-01
