0.00000e+00 5.44468e-01
4.00000e-03 5.44468e-01
8.00000e-03 5.44468e-01
1.20000e-02 5.44451e-01
1.60000e-02 5.44126e-01
2.00000e-02 5.39642e-01
2.40000e-02 5.07907e-01
2.80000e-02 4.48869e-01
3.20000e-02 4.30667e-01
3.60000e-02 4.30589e-01
4.00000e-02 4.33445e-01
4.40000e-02 4.42824e-01
4.80000e-02 4.61644e-01
5.20000e-02 4.92273e-01
5.60000e-02 5.33148e-01
6.00000e-02 5.62502e-01
6.40000e-02 5.67884e-01
6.80000e-02 5.67746e-01
7.20000e-02 5.63866e-01
7.60000e-02 5.37091e-01
8.00000e-02 4.80868e-01
8.40000e-02 4.51298e-01
8.80000e-02 4.44500e-01
9.20000e-02 4.42077e-01
9.60000e-02 4.41474e-01
1.00000e-01 4.41485e-01
1.04000e-01 4.41794e-01
1.08000e-01 4.43171e-01
1.12000e-01 4.46838e-01
1.16000e-01 4.53897e-01
1.20000e-01 4.65018e-01
1.24000e-01 4.81201e-01
1.28000e-01 5.04091e-01
1.32000e-01 5.29616e-01
1.36000e-01 5.42593e-01
1.40000e-01 5.44195e-01
1.44000e-01 5.44218e-01
1.48000e-01 5.44208e-01
1.52000e-01 5.44115e-01
1.56000e-01 5.43577e-01
1.60000e-01 5.41405e-01
1.64000e-01 5.37042e-01
1.68000e-01 5.34457e-01
1.72000e-01 5.34199e-01
1.76000e-01 5.34210e-01
1.80000e-01 5.34326e-01
1.84000e-01 5.34863e-01
1.88000e-01 5.36678e-01
1.92000e-01 5.41883e-01
1.96000e-01 5.54248e-01
2.00000e-01 5.72379e-01
2.04000e-01 5.81806e-01
2.08000e-01 5.82741e-01
2.12000e-01 5.82719e-01
2.16000e-01 5.82005e-01
2.20000e-01 5.71468e-01
2.24000e-01 5.10291e-01
2.28000e-01 4.40368e-01
2.32000e-01 4.28476e-01
2.36000e-01 4.28293e-01
2.40000e-01 4.28325e-01
2.44000e-01 4.28488e-01
2.48000e-01 4.28916e-01
2.52000e-01 4.29781e-01
2.56000e-01 4.31288e-01
2.60000e-01 4.33643e-01
2.64000e-01 4.36977e-01
2.68000e-01 4.41295e-01
2.72000e-01 4.46471e-01
2.76000e-01 4.52305e-01
2.80000e-01 4.58581e-01
2.84000e-01 4.65108e-01
2.88000e-01 4.71732e-01
2.92000e-01 4.78331e-01
2.96000e-01 4.84809e-01
3.00000e-01 4.91114e-01
3.04000e-01 4.97266e-01
3.08000e-01 5.03439e-01
3.12000e-01 5.10096e-01
3.16000e-01 5.18290e-01
3.20000e-01 5.30211e-01
3.24000e-01 5.48858e-01
3.28000e-01 5.70218e-01
3.32000e-01 5.79720e-01
3.36000e-01 5.80597e-01
3.40000e-01 5.80604e-01
3.44000e-01 5.80582e-01
3.48000e-01 5.80214e-01
3.52000e-01 5.75370e-01
3.56000e-01 5.40703e-01
3.60000e-01 4.75846e-01
3.64000e-01 4.54954e-01
3.68000e-01 4.54297e-01
3.72000e-01 4.54633e-01
3.76000e-01 4.56185e-01
3.80000e-01 4.59734e-01
3.84000e-01 4.65714e-01
3.88000e-01 4.74894e-01
3.92000e-01 4.88855e-01
3.96000e-01 5.06323e-01
4.00000e-01 5.17078e-01
4.04000e-01 5.18855e-01
4.08000e-01 5.18900e-01
4.12000e-01 5.18901e-01
4.16000e-01 5.18901e-01
4.20000e-01 5.18905e-01
4.24000e-01 5.18922e-01
4.28000e-01 5.19003e-01
4.32000e-01 5.19371e-01
4.36000e-01 5.20845e-01
4.40000e-01 5.24969e-01
4.44000e-01 5.29551e-01
4.48000e-01 5.30413e-01
4.52000e-01 5.30005e-01
4.56000e-01 5.24985e-01
4.60000e-01 4.99111e-01
4.64000e-01 4.58577e-01
4.68000e-01 4.45739e-01
4.72000e-01 4.45222e-01
4.76000e-01 4.45257e-01
4.80000e-01 4.45499e-01
4.84000e-01 4.46289e-01
4.88000e-01 4.48095e-01
4.92000e-01 4.51337e-01
4.96000e-01 4.56171e-01
5.00000e-01 4.62652e-01
5.04000e-01 4.71348e-01
5.08000e-01 4.83812e-01
5.12000e-01 5.00439e-01
5.16000e-01 5.13464e-01
5.20000e-01 5.16697e-01
5.24000e-01 5.16839e-01
5.28000e-01 5.16840e-01
5.32000e-01 5.16840e-01
5.36000e-01 5.16840e-01
5.40000e-01 5.16840e-01
5.44000e-01 5.16847e-01
5.48000e-01 5.16895e-01
5.52000e-01 5.17129e-01
5.56000e-01 5.17393e-01
5.60000e-01 5.17372e-01
5.64000e-01 5.16598e-01
5.68000e-01 5.09850e-01
5.72000e-01 4.81111e-01
5.76000e-01 4.45678e-01
5.80000e-01 4.37659e-01
5.84000e-01 4.37628e-01
5.88000e-01 4.38595e-01
5.92000e-01 4.41832e-01
5.96000e-01 4.47694e-01
6.00000e-01 4.54695e-01
6.04000e-01 4.61202e-01
6.08000e-01 4.67311e-01
6.12000e-01 4.74551e-01
6.16000e-01 4.84701e-01
6.20000e-01 4.95712e-01
6.24000e-01 5.00642e-01
6.28000e-01 5.01144e-01
6.32000e-01 5.01150e-01
6.36000e-01 5.01150e-01
6.40000e-01 5.01150e-01
6.44000e-01 5.01150e-01
6.48000e-01 5.01150e-01
6.52000e-01 5.01150e-01
6.56000e-01 5.01150e-01
6.60000e-01 5.01151e-01
6.64000e-01 5.01154e-01
6.68000e-01 5.01161e-01
6.72000e-01 5.01178e-01
6.76000e-01 5.01222e-01
6.80000e-01 5.01321e-01
6.84000e-01 5.01537e-01
6.88000e-01 5.01992e-01
6.92000e-01 5.03017e-01
6.96000e-01 5.05724e-01
7.00000e-01 5.13393e-01
7.04000e-01 5.27235e-01
7.08000e-01 5.33083e-01
7.12000e-01 5.31791e-01
7.16000e-01 5.13098e-01
7.20000e-01 4.55510e-01
7.24000e-01 4.22520e-01
7.28000e-01 4.20143e-01
7.32000e-01 4.20451e-01
7.36000e-01 4.22097e-01
7.40000e-01 4.25795e-01
7.44000e-01 4.31021e-01
7.48000e-01 4.36541e-01
7.52000e-01 4.41442e-01
7.56000e-01 4.45432e-01
7.60000e-01 4.48587e-01
7.64000e-01 4.51096e-01
7.68000e-01 4.53167e-01
7.72000e-01 4.54998e-01
7.76000e-01 4.56754e-01
7.80000e-01 4.58563e-01
7.84000e-01 4.60511e-01
7.88000e-01 4.62644e-01
7.92000e-01 4.64963e-01
7.96000e-01 4.67431e-01
8.00000e-01 4.69992e-01
8.04000e-01 4.72577e-01
8.08000e-01 4.75133e-01
8.12000e-01 4.77622e-01
8.16000e-01 4.80030e-01
8.20000e-01 4.82361e-01
8.24000e-01 4.84628e-01
8.28000e-01 4.86850e-01
8.32000e-01 4.89041e-01
8.36000e-01 4.91211e-01
8.40000e-01 4.93363e-01
8.44000e-01 4.95488e-01
8.48000e-01 4.97564e-01
8.52000e-01 4.99553e-01
8.56000e-01 5.01404e-01
8.60000e-01 5.03064e-01
8.64000e-01 5.04510e-01
8.68000e-01 5.05780e-01
8.72000e-01 5.06987e-01
8.76000e-01 5.08359e-01
8.80000e-01 5.10384e-01
8.84000e-01 5.14295e-01
8.88000e-01 5.22936e-01
8.92000e-01 5.37848e-01
8.96000e-01 5.47990e-01
9.00000e-01 5.49028e-01
9.04000e-01 5.48122e-01
9.08000e-01 5.39538e-01
9.12000e-01 5.12174e-01
9.16000e-01 4.90752e-01
9.20000e-01 4.88202e-01
9.24000e-01 4.88427e-01
9.28000e-01 4.90396e-01
9.32000e-01 4.97995e-01
9.36000e-01 5.12313e-01
9.40000e-01 5.18864e-01
9.44000e-01 5.18313e-01
9.48000e-01 5.07936e-01
9.52000e-01 4.69122e-01
9.56000e-01 4.37416e-01
9.60000e-01 4.33731e-01
9.64000e-01 4.34167e-01
9.68000e-01 4.37015e-01
9.72000e-01 4.43963e-01
9.76000e-01 4.50675e-01
9.80000e-01 4.52416e-01
9.84000e-01 4.52489e-01
9.88000e-01 4.52490e-01
9.92000e-01 4.52490e-01
9.96000e-01 4.52490e-01
1.00000e+00 4.52490e-01
1.00400e+00 4.52491e-01
1.00800e+00 4.52492e-01
1.01200e+00 4.52498e-01
1.01600e+00 4.52511e-01
1.02000e+00 4.52542e-01
1.02400e+00 4.52611e-01
1.02800e+00 4.52753e-01
1.03200e+00 4.53028e-01
1.03600e+00 4.53522e-01
1.04000e+00 4.54327e-01
1.04400e+00 4.55512e-01
1.04800e+00 4.57060e-01
1.05200e+00 4.58870e-01
1.05600e+00 4.60855e-01
1.06000e+00 4.63091e-01
1.06400e+00 4.65955e-01
1.06800e+00 4.70333e-01
1.07200e+00 4.77840e-01
1.07600e+00 4.89065e-01
1.08000e+00 4.97964e-01
1.08400e+00 5.00036e-01
1.08800e+00 5.00116e-01
1.09200e+00 5.00116e-01
1.09600e+00 5.00116e-01
1.10000e+00 5.00116e-01
1.10400e+00 5.00116e-01
1.10800e+00 5.00116e-01
1.11200e+00 5.00116e-01
1.11600e+00 5.00116e-01
1.12000e+00 5.00116e-01
1.12400e+00 5.00117e-01
1.12800e+00 5.00118e-01
1.13200e+00 5.00121e-01
1.13600e+00 5.00134e-01
1.14000e+00 5.00186e-01
1.14400e+00 5.00386e-01
1.14800e+00 5.01119e-01
1.15200e+00 5.03319e-01
1.15600e+00 5.07005e-01
1.16000e+00 5.08909e-01
1.16400e+00 5.09034e-01
1.16800e+00 5.08897e-01
1.17200e+00 5.07838e-01
1.17600e+00 5.03741e-01
1.18000e+00 4.96872e-01
1.18400e+00 4.93765e-01
1.18800e+00 4.93563e-01
1.19200e+00 4.93611e-01
1.19600e+00 4.93957e-01
1.20000e+00 4.94958e-01
1.20400e+00 4.96032e-01
1.20800e+00 4.96313e-01
1.21200e+00 4.96325e-01
1.21600e+00 4.96326e-01
1.22000e+00 4.96326e-01
1.22400e+00 4.96328e-01
1.22800e+00 4.96336e-01
1.23200e+00 4.96358e-01
1.23600e+00 4.96413e-01
1.24000e+00 4.96544e-01
1.24400e+00 4.96837e-01
1.24800e+00 4.97466e-01
1.25200e+00 4.98717e-01
1.25600e+00 5.00848e-01
1.26000e+00 5.03674e-01
1.26400e+00 5.06647e-01
1.26800e+00 5.09887e-01
1.27200e+00 5.14525e-01
1.27600e+00 5.20493e-01
1.28000e+00 5.23328e-01
1.28400e+00 5.23437e-01
1.28800e+00 5.22652e-01
1.29200e+00 5.16573e-01
1.29600e+00 4.96459e-01
1.30000e+00 4.77004e-01
1.30400e+00 4.73564e-01
1.30800e+00 4.73590e-01
1.31200e+00 4.74164e-01
1.31600e+00 4.75499e-01
1.32000e+00 4.76296e-01
1.32400e+00 4.76385e-01
1.32800e+00 4.76388e-01
1.33200e+00 4.76390e-01
1.33600e+00 4.76396e-01
1.34000e+00 4.76416e-01
1.34400e+00 4.76468e-01
1.34800e+00 4.76581e-01
1.35200e+00 4.76799e-01
1.35600e+00 4.77190e-01
1.36000e+00 4.77890e-01
1.36400e+00 4.79228e-01
1.36800e+00 4.82006e-01
1.37200e+00 4.87817e-01
1.37600e+00 4.97250e-01
1.38000e+00 5.04469e-01
1.38400e+00 5.05944e-01
1.38800e+00 5.05990e-01
1.39200e+00 5.05990e-01
1.39600e+00 5.05990e-01
1.40000e+00 5.05990e-01
1.40400e+00 5.05990e-01
1.40800e+00 5.05992e-01
1.41200e+00 5.06000e-01
1.41600e+00 5.06033e-01
1.42000e+00 5.06178e-01
1.42400e+00 5.06772e-01
1.42800e+00 5.08658e-01
1.43200e+00 5.11583e-01
1.43600e+00 5.12683e-01
1.44000e+00 5.12667e-01
1.44400e+00 5.11999e-01
1.44800e+00 5.08178e-01
1.45200e+00 4.97817e-01
1.45600e+00 4.88710e-01
1.46000e+00 4.87082e-01
1.46400e+00 4.87062e-01
1.46800e+00 4.87137e-01
1.47200e+00 4.87524e-01
1.47600e+00 4.88761e-01
1.48000e+00 4.91978e-01
1.48400e+00 4.99328e-01
1.48800e+00 5.12489e-01
1.49200e+00 5.24814e-01
1.49600e+00 5.28237e-01
1.50000e+00 5.28397e-01
1.50400e+00 5.28398e-01
1.50800e+00 5.28398e-01
1.51200e+00 5.28398e-01
1.51600e+00 5.28398e-01
1.52000e+00 5.28398e-01
1.52400e+00 5.28398e-01
1.52800e+00 5.28398e-01
1.53200e+00 5.28398e-01
1.53600e+00 5.28398e-01
1.54000e+00 5.28398e-01
1.54400e+00 5.28398e-01
1.54800e+00 5.28398e-01
1.55200e+00 5.28398e-01
1.55600e+00 5.28398e-01
1.56000e+00 5.28398e-01
1.56400e+00 5.28398e-01
1.56800e+00 5.28399e-01
1.57200e+00 5.28401e-01
1.57600e+00 5.28408e-01
1.58000e+00 5.28440e-01
1.58400e+00 5.28568e-01
1.58800e+00 5.29060e-01
1.59200e+00 5.30739e-01
1.59600e+00 5.34708e-01
1.60000e+00 5.38754e-01
1.60400e+00 5.39796e-01
1.60800e+00 5.39835e-01
1.61200e+00 5.39835e-01
1.61600e+00 5.39835e-01
1.62000e+00 5.39836e-01
1.62400e+00 5.39836e-01
1.62800e+00 5.39839e-01
1.63200e+00 5.39864e-01
1.63600e+00 5.40028e-01
1.64000e+00 5.40545e-01
1.64400e+00 5.40820e-01
1.64800e+00 5.40695e-01
1.65200e+00 5.38796e-01
1.65600e+00 5.25744e-01
1.66000e+00 4.90806e-01
1.66400e+00 4.68518e-01
1.66800e+00 4.66376e-01
1.67200e+00 4.66491e-01
1.67600e+00 4.67451e-01
1.68000e+00 4.70902e-01
1.68400e+00 4.79205e-01
1.68800e+00 4.90868e-01
1.69200e+00 4.96704e-01
1.69600e+00 4.97228e-01
1.70000e+00 4.97149e-01
1.70400e+00 4.96310e-01
1.70800e+00 4.91777e-01
1.71200e+00 4.78571e-01
1.71600e+00 4.65147e-01
1.72000e+00 4.62167e-01
1.72400e+00 4.62101e-01
1.72800e+00 4.62170e-01
1.73200e+00 4.62577e-01
1.73600e+00 4.63998e-01
1.74000e+00 4.67666e-01
1.74400e+00 4.73468e-01
1.74800e+00 4.77036e-01
1.75200e+00 4.77544e-01
1.75600e+00 4.77553e-01
1.76000e+00 4.77553e-01
1.76400e+00 4.77553e-01
1.76800e+00 4.77553e-01
1.77200e+00 4.77553e-01
1.77600e+00 4.77553e-01
1.78000e+00 4.77553e-01
1.78400e+00 4.77553e-01
1.78800e+00 4.77553e-01
1.79200e+00 4.77554e-01
1.79600e+00 4.77556e-01
1.80000e+00 4.77564e-01
1.80400e+00 4.77602e-01
1.80800e+00 4.77776e-01
1.81200e+00 4.78383e-01
1.81600e+00 4.79324e-01
1.82000e+00 4.79589e-01
1.82400e+00 4.79492e-01
1.82800e+00 4.78477e-01
1.83200e+00 4.73323e-01
1.83600e+00 4.60132e-01
1.84000e+00 4.49274e-01
1.84400e+00 4.47604e-01
1.84800e+00 4.47674e-01
1.85200e+00 4.48404e-01
1.85600e+00 4.51193e-01
1.86000e+00 4.57740e-01
1.86400e+00 4.65733e-01
1.86800e+00 4.68949e-01
1.87200e+00 4.69204e-01
1.87600e+00 4.69206e-01
1.88000e+00 4.69206e-01
1.88400e+00 4.69206e-01
1.88800e+00 4.69206e-01
1.89200e+00 4.69207e-01
1.89600e+00 4.69207e-01
1.90000e+00 4.69207e-01
1.90400e+00 4.69207e-01
1.90800e+00 4.69207e-01
1.91200e+00 4.69207e-01
1.91600e+00 4.69207e-01
1.92000e+00 4.69207e-01
1.92400e+00 4.69208e-01
1.92800e+00 4.69211e-01
1.93200e+00 4.69217e-01
1.93600e+00 4.69230e-01
1.94000e+00 4.69259e-01
1.94400e+00 4.69319e-01
1.94800e+00 4.69432e-01
1.95200e+00 4.69634e-01
1.95600e+00 4.69958e-01
1.96000e+00 4.70449e-01
1.96400e+00 4.71205e-01
1.96800e+00 4.72494e-01
1.97200e+00 4.75005e-01
1.97600e+00 4.80052e-01
1.98000e+00 4.87747e-01
1.98400e+00 4.93064e-01
1.98800e+00 4.93976e-01
1.99200e+00 4.94061e-01
1.99600e+00 4.94062e-01
