0.00000e+00 5.18552e-01
4.00000e-03 5.18552e-01
8.00000e-03 5.18552e-01
1.20000e-02 5.18557e-01
1.60000e-02 5.18613e-01
2.00000e-02 5.19092e-01
2.40000e-02 5.21732e-01
2.80000e-02 5.30213e-01
3.20000e-02 5.40993e-01
3.60000e-02 5.43814e-01
4.00000e-02 5.43546e-01
4.40000e-02 5.38237e-01
4.80000e-02 5.04081e-01
5.20000e-02 4.48181e-01
5.60000e-02 4.33154e-01
6.00000e-02 4.33244e-01
6.40000e-02 4.36185e-01
6.80000e-02 4.44988e-01
7.20000e-02 4.60947e-01
7.60000e-02 4.84689e-01
8.00000e-02 5.17765e-01
8.40000e-02 5.52168e-01
8.80000e-02 5.65965e-01
9.20000e-02 5.66712e-01
9.60000e-02 5.65419e-01
1.00000e-01 5.50876e-01
1.04000e-01 4.95388e-01
1.08000e-01 4.48214e-01
1.12000e-01 4.41608e-01
1.16000e-01 4.41518e-01
1.20000e-01 4.41537e-01
1.24000e-01 4.41681e-01
1.28000e-01 4.42290e-01
1.32000e-01 4.44089e-01
1.36000e-01 4.48063e-01
1.40000e-01 4.54955e-01
1.44000e-01 4.65068e-01
1.48000e-01 4.79030e-01
1.52000e-01 4.98579e-01
1.56000e-01 5.23148e-01
1.60000e-01 5.40462e-01
1.64000e-01 5.44088e-01
1.68000e-01 5.44208e-01
1.72000e-01 5.44206e-01
1.76000e-01 5.44180e-01
1.80000e-01 5.44004e-01
1.84000e-01 5.43115e-01
1.88000e-01 5.40130e-01
1.92000e-01 5.35856e-01
1.96000e-01 5.34315e-01
2.00000e-01 5.34242e-01
2.04000e-01 5.34261e-01
2.08000e-01 5.34408e-01
2.12000e-01 5.35015e-01
2.16000e-01 5.36968e-01
2.20000e-01 5.42444e-01
2.24000e-01 5.55247e-01
2.28000e-01 5.73330e-01
2.32000e-01 5.81865e-01
2.36000e-01 5.82480e-01
2.40000e-01 5.82086e-01
2.44000e-01 5.74748e-01
2.48000e-01 5.22813e-01
2.52000e-01 4.46166e-01
2.56000e-01 4.28766e-01
2.60000e-01 4.28375e-01
2.64000e-01 4.28420e-01
2.68000e-01 4.28658e-01
2.72000e-01 4.29268e-01
2.76000e-01 4.30431e-01
2.80000e-01 4.32320e-01
2.84000e-01 4.35075e-01
2.88000e-01 4.38749e-01
2.92000e-01 4.43276e-01
2.96000e-01 4.48492e-01
3.00000e-01 4.54194e-01
3.04000e-01 4.60195e-01
3.08000e-01 4.66347e-01
3.12000e-01 4.72538e-01
3.16000e-01 4.78684e-01
3.20000e-01 4.84713e-01
3.24000e-01 4.90572e-01
3.28000e-01 4.96246e-01
3.32000e-01 5.01799e-01
3.36000e-01 5.07466e-01
3.40000e-01 5.13803e-01
3.44000e-01 5.22041e-01
3.48000e-01 5.34673e-01
3.52000e-01 5.54291e-01
3.56000e-01 5.73765e-01
3.60000e-01 5.80210e-01
3.64000e-01 5.80585e-01
3.68000e-01 5.80580e-01
3.72000e-01 5.80427e-01
3.76000e-01 5.78185e-01
3.80000e-01 5.57234e-01
3.84000e-01 4.93906e-01
3.88000e-01 4.57587e-01
3.92000e-01 4.54919e-01
3.96000e-01 4.55125e-01
4.00000e-01 4.56401e-01
4.04000e-01 4.59699e-01
4.08000e-01 4.65483e-01
4.12000e-01 4.74344e-01
4.16000e-01 4.87738e-01
4.20000e-01 5.05000e-01
4.24000e-01 5.16616e-01
4.28000e-01 5.18833e-01
4.32000e-01 5.18900e-01
4.36000e-01 5.18901e-01
4.40000e-01 5.18902e-01
4.44000e-01 5.18903e-01
4.48000e-01 5.18912e-01
4.52000e-01 5.18956e-01
4.56000e-01 5.19155e-01
4.60000e-01 5.20015e-01
4.64000e-01 5.22965e-01
4.68000e-01 5.27800e-01
4.72000e-01 5.29438e-01
4.76000e-01 5.29134e-01
4.80000e-01 5.24487e-01
4.84000e-01 4.99390e-01
4.88000e-01 4.58969e-01
4.92000e-01 4.45867e-01
4.96000e-01 4.45335e-01
5.00000e-01 4.45384e-01
5.04000e-01 4.45699e-01
5.08000e-01 4.46660e-01
5.12000e-01 4.48704e-01
5.16000e-01 4.52130e-01
5.20000e-01 4.56979e-01
5.24000e-01 4.63262e-01
5.28000e-01 4.71559e-01
5.32000e-01 4.83438e-01
5.36000e-01 4.99621e-01
5.40000e-01 5.13018e-01
5.44000e-01 5.16658e-01
5.48000e-01 5.16839e-01
5.52000e-01 5.16840e-01
5.56000e-01 5.16840e-01
5.60000e-01 5.16840e-01
5.64000e-01 5.16841e-01
5.68000e-01 5.16849e-01
5.72000e-01 5.16907e-01
5.76000e-01 5.17102e-01
5.80000e-01 5.17198e-01
5.84000e-01 5.17118e-01
5.88000e-01 5.15980e-01
5.92000e-01 5.07269e-01
5.96000e-01 4.75503e-01
6.00000e-01 4.43852e-01
6.04000e-01 4.38404e-01
6.08000e-01 4.38484e-01
6.12000e-01 4.39609e-01
6.16000e-01 4.43050e-01
6.20000e-01 4.49015e-01
6.24000e-01 4.55956e-01
6.28000e-01 4.62349e-01
6.32000e-01 4.68402e-01
6.36000e-01 4.75681e-01
6.40000e-01 4.85860e-01
6.44000e-01 4.96433e-01
6.48000e-01 5.00760e-01
6.52000e-01 5.01146e-01
6.56000e-01 5.01150e-01
6.60000e-01 5.01150e-01
6.64000e-01 5.01150e-01
6.68000e-01 5.01150e-01
6.72000e-01 5.01150e-01
6.76000e-01 5.01150e-01
6.80000e-01 5.01150e-01
6.84000e-01 5.01151e-01
6.88000e-01 5.01153e-01
6.92000e-01 5.01157e-01
6.96000e-01 5.01169e-01
7.00000e-01 5.01199e-01
7.04000e-01 5.01267e-01
7.08000e-01 5.01415e-01
7.12000e-01 5.01727e-01
7.16000e-01 5.02460e-01
7.20000e-01 5.04584e-01
7.24000e-01 5.11204e-01
7.28000e-01 5.23512e-01
7.32000e-01 5.28204e-01
7.36000e-01 5.26354e-01
7.40000e-01 5.04698e-01
7.44000e-01 4.48811e-01
7.48000e-01 4.22463e-01
7.52000e-01 4.21068e-01
7.56000e-01 4.21528e-01
7.60000e-01 4.23654e-01
7.64000e-01 4.28022e-01
7.68000e-01 4.33739e-01
7.72000e-01 4.39309e-01
7.76000e-01 4.43865e-01
7.80000e-01 4.47347e-01
7.84000e-01 4.50022e-01
7.88000e-01 4.52167e-01
7.92000e-01 4.53997e-01
7.96000e-01 4.55679e-01
8.00000e-01 4.57346e-01
8.04000e-01 4.59102e-01
8.08000e-01 4.61016e-01
8.12000e-01 4.63122e-01
8.16000e-01 4.65414e-01
8.20000e-01 4.67850e-01
8.24000e-01 4.70369e-01
8.28000e-01 4.72904e-01
8.32000e-01 4.75401e-01
8.36000e-01 4.77827e-01
8.40000e-01 4.80168e-01
8.44000e-01 4.82430e-01
8.48000e-01 4.84629e-01
8.52000e-01 4.86784e-01
8.56000e-01 4.88911e-01
8.60000e-01 4.91023e-01
8.64000e-01 4.93122e-01
8.68000e-01 4.95205e-01
8.72000e-01 4.97255e-01
8.76000e-01 4.99240e-01
8.80000e-01 5.01109e-01
8.84000e-01 5.02797e-01
8.88000e-01 5.04260e-01
8.92000e-01 5.05505e-01
8.96000e-01 5.06617e-01
9.00000e-01 5.07766e-01
9.04000e-01 5.09285e-01
9.08000e-01 5.11969e-01
9.12000e-01 5.17850e-01
9.16000e-01 5.30110e-01
9.20000e-01 5.43916e-01
9.24000e-01 5.47698e-01
9.28000e-01 5.47511e-01
9.32000e-01 5.43769e-01
9.36000e-01 5.24874e-01
9.40000e-01 4.97030e-01
9.44000e-01 4.89234e-01
9.48000e-01 4.89172e-01
9.52000e-01 4.90463e-01
9.56000e-01 4.96629e-01
9.60000e-01 5.09298e-01
9.64000e-01 5.15062e-01
9.68000e-01 5.14274e-01
9.72000e-01 5.02554e-01
9.76000e-01 4.64189e-01
9.80000e-01 4.37585e-01
9.84000e-01 4.35223e-01
9.88000e-01 4.35905e-01
9.92000e-01 4.39596e-01
9.96000e-01 4.46885e-01
1.00000e+00 4.51750e-01
1.00400e+00 4.52475e-01
1.00800e+00 4.52490e-01
1.01200e+00 4.52490e-01
1.01600e+00 4.52490e-01
1.02000e+00 4.52490e-01
1.02400e+00 4.52490e-01
1.02800e+00 4.52491e-01
1.03200e+00 4.52493e-01
1.03600e+00 4.52500e-01
1.04000e+00 4.52517e-01
1.04400e+00 4.52554e-01
1.04800e+00 4.52636e-01
1.05200e+00 4.52801e-01
1.05600e+00 4.53115e-01
1.06000e+00 4.53665e-01
1.06400e+00 4.54546e-01
1.06800e+00 4.55811e-01
1.07200e+00 4.57423e-01
1.07600e+00 4.59263e-01
1.08000e+00 4.61245e-01
1.08400e+00 4.63463e-01
1.08800e+00 4.66316e-01
1.09200e+00 4.70720e-01
1.09600e+00 4.78309e-01
1.10000e+00 4.89540e-01
1.10400e+00 4.98152e-01
1.10800e+00 5.00048e-01
1.11200e+00 5.00116e-01
1.11600e+00 5.00116e-01
1.12000e+00 5.00116e-01
1.12400e+00 5.00116e-01
1.12800e+00 5.00116e-01
1.13200e+00 5.00116e-01
1.13600e+00 5.00116e-01
1.14000e+00 5.00116e-01
1.14400e+00 5.00116e-01
1.14800e+00 5.00117e-01
1.15200e+00 5.00117e-01
1.15600e+00 5.00120e-01
1.16000e+00 5.00129e-01
1.16400e+00 5.00168e-01
1.16800e+00 5.00317e-01
1.17200e+00 5.00873e-01
1.17600e+00 5.02650e-01
1.18000e+00 5.06152e-01
1.18400e+00 5.08578e-01
1.18800e+00 5.08860e-01
1.19200e+00 5.08785e-01
1.19600e+00 5.08081e-01
1.20000e+00 5.04951e-01
1.20400e+00 4.98355e-01
1.20800e+00 4.94137e-01
1.21200e+00 4.93665e-01
1.21600e+00 4.93687e-01
1.22000e+00 4.93914e-01
1.22400e+00 4.94716e-01
1.22800e+00 4.95854e-01
1.23200e+00 4.96296e-01
1.23600e+00 4.96325e-01
1.24000e+00 4.96326e-01
1.24400e+00 4.96327e-01
1.24800e+00 4.96328e-01
1.25200e+00 4.96333e-01
1.25600e+00 4.96348e-01
1.26000e+00 4.96387e-01
1.26400e+00 4.96483e-01
1.26800e+00 4.96702e-01
1.27200e+00 4.97185e-01
1.27600e+00 4.98169e-01
1.28000e+00 4.99907e-01
1.28400e+00 5.02356e-01
1.28800e+00 5.05179e-01
1.29200e+00 5.08529e-01
1.29600e+00 5.13458e-01
1.30000e+00 5.19739e-01
1.30400e+00 5.22775e-01
1.30800e+00 5.22931e-01
1.31200e+00 5.22389e-01
1.31600e+00 5.17833e-01
1.32000e+00 5.00503e-01
1.32400e+00 4.79303e-01
1.32800e+00 4.74045e-01
1.33200e+00 4.73962e-01
1.33600e+00 4.74304e-01
1.34000e+00 4.75369e-01
1.34400e+00 4.76240e-01
1.34800e+00 4.76385e-01
1.35200e+00 4.76391e-01
1.35600e+00 4.76393e-01
1.36000e+00 4.76398e-01
1.36400e+00 4.76415e-01
1.36800e+00 4.76461e-01
1.37200e+00 4.76563e-01
1.37600e+00 4.76762e-01
1.38000e+00 4.77124e-01
1.38400e+00 4.77777e-01
1.38800e+00 4.79024e-01
1.39200e+00 4.81615e-01
1.39600e+00 4.87088e-01
1.40000e+00 4.96344e-01
1.40400e+00 5.04100e-01
1.40800e+00 5.05921e-01
1.41200e+00 5.05990e-01
1.41600e+00 5.05990e-01
1.42000e+00 5.05990e-01
1.42400e+00 5.05990e-01
1.42800e+00 5.05990e-01
1.43200e+00 5.05991e-01
1.43600e+00 5.05997e-01
1.44000e+00 5.06020e-01
1.44400e+00 5.06124e-01
1.44800e+00 5.06557e-01
1.45200e+00 5.08042e-01
1.45600e+00 5.10832e-01
1.46000e+00 5.12308e-01
1.46400e+00 5.12360e-01
1.46800e+00 5.11953e-01
1.47200e+00 5.09223e-01
1.47600e+00 5.00357e-01
1.48000e+00 4.89975e-01
1.48400e+00 4.87212e-01
1.48800e+00 4.87128e-01
1.49200e+00 4.87169e-01
1.49600e+00 4.87427e-01
1.50000e+00 4.88321e-01
1.50400e+00 4.90735e-01
1.50800e+00 4.96460e-01
1.51200e+00 5.07853e-01
1.51600e+00 5.21787e-01
1.52000e+00 5.27856e-01
1.52400e+00 5.28393e-01
1.52800e+00 5.28398e-01
1.53200e+00 5.28398e-01
1.53600e+00 5.28398e-01
1.54000e+00 5.28398e-01
1.54400e+00 5.28398e-01
1.54800e+00 5.28398e-01
1.55200e+00 5.28398e-01
1.55600e+00 5.28398e-01
1.56000e+00 5.28398e-01
1.56400e+00 5.28398e-01
1.56800e+00 5.28398e-01
1.57200e+00 5.28398e-01
1.57600e+00 5.28398e-01
1.58000e+00 5.28398e-01
1.58400e+00 5.28398e-01
1.58800e+00 5.28398e-01
1.59200e+00 5.28398e-01
1.59600e+00 5.28399e-01
1.60000e+00 5.28402e-01
1.60400e+00 5.28416e-01
1.60800e+00 5.28469e-01
1.61200e+00 5.28682e-01
1.61600e+00 5.29477e-01
1.62000e+00 5.31944e-01
1.62400e+00 5.36486e-01
1.62800e+00 5.39431e-01
1.63200e+00 5.39829e-01
1.63600e+00 5.39835e-01
1.64000e+00 5.39835e-01
1.64400e+00 5.39836e-01
1.64800e+00 5.39836e-01
1.65200e+00 5.39838e-01
1.65600e+00 5.39852e-01
1.66000e+00 5.39954e-01
1.66400e+00 5.40304e-01
1.66800e+00 5.40517e-01
1.67200e+00 5.40443e-01
1.67600e+00 5.39207e-01
1.68000e+00 5.29821e-01
1.68400e+00 4.98438e-01
1.68800e+00 4.70937e-01
1.69200e+00 4.66884e-01
1.69600e+00 4.66937e-01
1.70000e+00 4.67768e-01
1.70400e+00 4.71031e-01
1.70800e+00 4.79177e-01
1.71200e+00 4.90752e-01
1.71600e+00 4.96518e-01
1.72000e+00 4.97022e-01
1.72400e+00 4.96933e-01
1.72800e+00 4.96011e-01
1.73200e+00 4.91143e-01
1.73600e+00 4.77593e-01
1.74000e+00 4.64799e-01
1.74400e+00 4.62235e-01
1.74800e+00 4.62192e-01
1.75200e+00 4.62279e-01
1.75600e+00 4.62766e-01
1.76000e+00 4.64418e-01
1.76400e+00 4.68489e-01
1.76800e+00 4.74277e-01
1.77200e+00 4.77228e-01
1.77600e+00 4.77549e-01
1.78000e+00 4.77553e-01
1.78400e+00 4.77553e-01
1.78800e+00 4.77553e-01
1.79200e+00 4.77553e-01
1.79600e+00 4.77553e-01
1.80000e+00 4.77553e-01
1.80400e+00 4.77553e-01
1.80800e+00 4.77553e-01
1.81200e+00 4.77553e-01
1.81600e+00 4.77554e-01
1.82000e+00 4.77557e-01
1.82400e+00 4.77568e-01
1.82800e+00 4.77625e-01
1.83200e+00 4.77867e-01
1.83600e+00 4.78573e-01
1.84000e+00 4.79276e-01
1.84400e+00 4.79348e-01
1.84800e+00 4.79139e-01
1.85200e+00 4.77486e-01
1.85600e+00 4.70409e-01
1.86000e+00 4.56429e-01
1.86400e+00 4.48617e-01
1.86800e+00 4.47959e-01
1.87200e+00 4.48111e-01
1.87600e+00 4.49167e-01
1.88000e+00 4.52707e-01
1.88400e+00 4.60005e-01
1.88800e+00 4.67103e-01
1.89200e+00 4.69108e-01
1.89600e+00 4.69206e-01
1.90000e+00 4.69206e-01
1.90400e+00 4.69206e-01
1.90800e+00 4.69206e-01
1.91200e+00 4.69207e-01
1.91600e+00 4.69207e-01
1.92000e+00 4.69207e-01
1.92400e+00 4.69207e-01
1.92800e+00 4.69207e-01
1.93200e+00 4.69207e-01
1.93600e+00 4.69207e-01
1.94000e+00 4.69207e-01
1.94400e+00 4.69207e-01
1.94800e+00 4.69208e-01
1.95200e+00 4.69211e-01
1.95600e+00 4.69217e-01
1.96000e+00 4.69231e-01
1.96400e+00 4.69260e-01
1.96800e+00 4.69319e-01
1.97200e+00 4.69432e-01
1.97600e+00 4.69631e-01
1.98000e+00 4.69947e-01
1.98400e+00 4.70445e-01
1.98800e+00 4.71093e-01
1.99200e+00 4.74114e-01
1.99600e+00 4.74370e-01
