0.00000e+00 5.92732e-01
4.00000e-03 5.92732e-01
8.00000e-03 5.92732e-01
1.20000e-02 5.92732e-01
1.60000e-02 5.92711e-01
2.00000e-02 5.92370e-01
2.40000e-02 5.88507e-01
2.80000e-02 5.66489e-01
3.20000e-02 5.30317e-01
3.60000e-02 5.19106e-01
4.00000e-02 5.18746e-01
4.40000e-02 5.18921e-01
4.80000e-02 5.20161e-01
5.20000e-02 5.25043e-01
5.60000e-02 5.35477e-01
6.00000e-02 5.41749e-01
6.40000e-02 5.41822e-01
6.80000e-02 5.36467e-01
7.20000e-02 5.01797e-01
7.60000e-02 4.48662e-01
8.00000e-02 4.35521e-01
8.40000e-02 4.35668e-01
8.80000e-02 4.38469e-01
9.20000e-02 4.46536e-01
9.60000e-02 4.60444e-01
1.00000e-01 4.79813e-01
1.04000e-01 5.06219e-01
1.08000e-01 5.39325e-01
1.12000e-01 5.61865e-01
1.16000e-01 5.65396e-01
1.20000e-01 5.64857e-01
1.24000e-01 5.55592e-01
1.28000e-01 5.07079e-01
1.32000e-01 4.51869e-01
1.36000e-01 4.41747e-01
1.40000e-01 4.41572e-01
1.44000e-01 4.41621e-01
1.48000e-01 4.41903e-01
1.52000e-01 4.42817e-01
1.56000e-01 4.45029e-01
1.60000e-01 4.49286e-01
1.64000e-01 4.56025e-01
1.68000e-01 4.65300e-01
1.72000e-01 4.77470e-01
1.76000e-01 4.94080e-01
1.80000e-01 5.16460e-01
1.84000e-01 5.36932e-01
1.88000e-01 5.43753e-01
1.92000e-01 5.44200e-01
1.96000e-01 5.44202e-01
2.00000e-01 5.44195e-01
2.04000e-01 5.44141e-01
2.08000e-01 5.43831e-01
2.12000e-01 5.42436e-01
2.16000e-01 5.38688e-01
2.20000e-01 5.35049e-01
2.24000e-01 5.34290e-01
2.28000e-01 5.34277e-01
2.32000e-01 5.34306e-01
2.36000e-01 5.34485e-01
2.40000e-01 5.35161e-01
2.44000e-01 5.37256e-01
2.48000e-01 5.43078e-01
2.52000e-01 5.56644e-01
2.56000e-01 5.74626e-01
2.60000e-01 5.81351e-01
2.64000e-01 5.81406e-01
2.68000e-01 5.76688e-01
2.72000e-01 5.34597e-01
2.76000e-01 4.53805e-01
2.80000e-01 4.29305e-01
2.84000e-01 4.28505e-01
2.88000e-01 4.28564e-01
2.92000e-01 4.28891e-01
2.96000e-01 4.29724e-01
3.00000e-01 4.31232e-01
3.04000e-01 4.33523e-01
3.08000e-01 4.36652e-01
3.12000e-01 4.40597e-01
3.16000e-01 4.45247e-01
3.20000e-01 4.50428e-01
3.24000e-01 4.55954e-01
3.28000e-01 4.61670e-01
3.32000e-01 4.67465e-01
3.36000e-01 4.73263e-01
3.40000e-01 4.79006e-01
3.44000e-01 4.84645e-01
3.48000e-01 4.90131e-01
3.52000e-01 4.95433e-01
3.56000e-01 5.00560e-01
3.60000e-01 5.05615e-01
3.64000e-01 5.10888e-01
3.68000e-01 5.17032e-01
3.72000e-01 5.25480e-01
3.76000e-01 5.39014e-01
3.80000e-01 5.59376e-01
3.84000e-01 5.76347e-01
3.88000e-01 5.80408e-01
3.92000e-01 5.80542e-01
3.96000e-01 5.80488e-01
4.00000e-01 5.79507e-01
4.04000e-01 5.68261e-01
4.08000e-01 5.15844e-01
4.12000e-01 4.63528e-01
4.16000e-01 4.55697e-01
4.20000e-01 4.55743e-01
4.24000e-01 4.56699e-01
4.28000e-01 4.59623e-01
4.32000e-01 4.65134e-01
4.36000e-01 4.73709e-01
4.40000e-01 4.86635e-01
4.44000e-01 5.03688e-01
4.48000e-01 5.16099e-01
4.52000e-01 5.18802e-01
4.56000e-01 5.18901e-01
4.60000e-01 5.18901e-01
4.64000e-01 5.18902e-01
4.68000e-01 5.18903e-01
4.72000e-01 5.18908e-01
4.76000e-01 5.18931e-01
4.80000e-01 5.19041e-01
4.84000e-01 5.19552e-01
4.88000e-01 5.21592e-01
4.92000e-01 5.25978e-01
4.96000e-01 5.28160e-01
5.00000e-01 5.27951e-01
5.04000e-01 5.23652e-01
5.08000e-01 4.99537e-01
5.12000e-01 4.59473e-01
5.16000e-01 4.46039e-01
5.20000e-01 4.45477e-01
5.24000e-01 4.45539e-01
5.28000e-01 4.45925e-01
5.32000e-01 4.47052e-01
5.36000e-01 4.49323e-01
5.40000e-01 4.52926e-01
5.44000e-01 4.57786e-01
5.48000e-01 4.63874e-01
5.52000e-01 4.71773e-01
5.56000e-01 4.83057e-01
5.60000e-01 4.98746e-01
5.64000e-01 5.12497e-01
5.68000e-01 5.16606e-01
5.72000e-01 5.16838e-01
5.76000e-01 5.16840e-01
5.80000e-01 5.16840e-01
5.84000e-01 5.16840e-01
5.88000e-01 5.16841e-01
5.92000e-01 5.16852e-01
5.96000e-01 5.16916e-01
6.00000e-01 5.17045e-01
6.04000e-01 5.17062e-01
6.08000e-01 5.16919e-01
6.12000e-01 5.15327e-01
6.16000e-01 5.04362e-01
6.20000e-01 4.70190e-01
6.24000e-01 4.42707e-01
6.28000e-01 4.39148e-01
6.32000e-01 4.39306e-01
6.36000e-01 4.40590e-01
6.40000e-01 4.44232e-01
6.44000e-01 4.50285e-01
6.48000e-01 4.57154e-01
6.52000e-01 4.63429e-01
6.56000e-01 4.69430e-01
6.60000e-01 4.76761e-01
6.64000e-01 4.86970e-01
6.68000e-01 4.97084e-01
6.72000e-01 5.00854e-01
6.76000e-01 5.01147e-01
6.80000e-01 5.01150e-01
6.84000e-01 5.01150e-01
6.88000e-01 5.01150e-01
6.92000e-01 5.01150e-01
6.96000e-01 5.01150e-01
7.00000e-01 5.01150e-01
7.04000e-01 5.01150e-01
7.08000e-01 5.01151e-01
7.12000e-01 5.01152e-01
7.16000e-01 5.01155e-01
7.20000e-01 5.01163e-01
7.24000e-01 5.01183e-01
7.28000e-01 5.01230e-01
7.32000e-01 5.01330e-01
7.36000e-01 5.01545e-01
7.40000e-01 5.02093e-01
7.44000e-01 5.03879e-01
7.48000e-01 5.09889e-01
7.52000e-01 5.20358e-01
7.56000e-01 5.23336e-01
7.60000e-01 5.20622e-01
7.64000e-01 4.95451e-01
7.68000e-01 4.42652e-01
7.72000e-01 4.22778e-01
7.76000e-01 4.22088e-01
7.80000e-01 4.22748e-01
7.84000e-01 4.25403e-01
7.88000e-01 4.30415e-01
7.92000e-01 4.36506e-01
7.96000e-01 4.41962e-01
8.00000e-01 4.46055e-01
8.04000e-01 4.48999e-01
8.08000e-01 4.51229e-01
8.12000e-01 4.53067e-01
8.16000e-01 4.54706e-01
8.20000e-01 4.56278e-01
8.24000e-01 4.57883e-01
8.28000e-01 4.59602e-01
8.32000e-01 4.61492e-01
8.36000e-01 4.63578e-01
8.40000e-01 4.65846e-01
8.44000e-01 4.68252e-01
8.48000e-01 4.70732e-01
8.52000e-01 4.73219e-01
8.56000e-01 4.75660e-01
8.60000e-01 4.78024e-01
8.64000e-01 4.80301e-01
8.68000e-01 4.82497e-01
8.72000e-01 4.84631e-01
8.76000e-01 4.86722e-01
8.80000e-01 4.88788e-01
8.84000e-01 4.90841e-01
8.88000e-01 4.92888e-01
8.92000e-01 4.94926e-01
8.96000e-01 4.96947e-01
9.00000e-01 4.98923e-01
9.04000e-01 5.00808e-01
9.08000e-01 5.02532e-01
9.12000e-01 5.04029e-01
9.16000e-01 5.05277e-01
9.20000e-01 5.06334e-01
9.24000e-01 5.07335e-01
9.28000e-01 5.08523e-01
9.32000e-01 5.10419e-01
9.36000e-01 5.14369e-01
9.40000e-01 5.23361e-01
9.44000e-01 5.37836e-01
9.48000e-01 5.45888e-01
9.52000e-01 5.46383e-01
9.56000e-01 5.45023e-01
9.60000e-01 5.34368e-01
9.64000e-01 5.07117e-01
9.68000e-01 4.91295e-01
9.72000e-01 4.90235e-01
9.76000e-01 4.91019e-01
9.80000e-01 4.95944e-01
9.84000e-01 5.06677e-01
9.88000e-01 5.11157e-01
9.92000e-01 5.10026e-01
9.96000e-01 4.96848e-01
1.00000e+00 4.59766e-01
1.00400e+00 4.38242e-01
1.00800e+00 4.36874e-01
1.01200e+00 4.37830e-01
1.01600e+00 4.42203e-01
1.02000e+00 4.49060e-01
1.02400e+00 4.52212e-01
1.02800e+00 4.52487e-01
1.03200e+00 4.52490e-01
1.03600e+00 4.52490e-01
1.04000e+00 4.52490e-01
1.04400e+00 4.52490e-01
1.04800e+00 4.52490e-01
1.05200e+00 4.52491e-01
1.05600e+00 4.52495e-01
1.06000e+00 4.52503e-01
1.06400e+00 4.52523e-01
1.06800e+00 4.52568e-01
1.07200e+00 4.52664e-01
1.07600e+00 4.52856e-01
1.08000e+00 4.53211e-01
1.08400e+00 4.53823e-01
1.08800e+00 4.54782e-01
1.09200e+00 4.56128e-01
1.09600e+00 4.57800e-01
1.10000e+00 4.59663e-01
1.10400e+00 4.61635e-01
1.10800e+00 4.63830e-01
1.11200e+00 4.66669e-01
1.11600e+00 4.71096e-01
1.12000e+00 4.78761e-01
1.12400e+00 4.89988e-01
1.12800e+00 4.98319e-01
1.13200e+00 5.00058e-01
1.13600e+00 5.00116e-01
1.14000e+00 5.00116e-01
1.14400e+00 5.00116e-01
1.14800e+00 5.00116e-01
1.15200e+00 5.00116e-01
1.15600e+00 5.00116e-01
1.16000e+00 5.00116e-01
1.16400e+00 5.00116e-01
1.16800e+00 5.00116e-01
1.17200e+00 5.00117e-01
1.17600e+00 5.00117e-01
1.18000e+00 5.00119e-01
1.18400e+00 5.00126e-01
1.18800e+00 5.00154e-01
1.19200e+00 5.00265e-01
1.19600e+00 5.00685e-01
1.20000e+00 5.02093e-01
1.20400e+00 5.05281e-01
1.20800e+00 5.08159e-01
1.21200e+00 5.08688e-01
1.21600e+00 5.08653e-01
1.22000e+00 5.08197e-01
1.22400e+00 5.05888e-01
1.22800e+00 4.99935e-01
1.23200e+00 4.94706e-01
1.23600e+00 4.93771e-01
1.24000e+00 4.93770e-01
1.24400e+00 4.93912e-01
1.24800e+00 4.94521e-01
1.25200e+00 4.95637e-01
1.25600e+00 4.96258e-01
1.26000e+00 4.96325e-01
1.26400e+00 4.96327e-01
1.26800e+00 4.96327e-01
1.27200e+00 4.96328e-01
1.27600e+00 4.96331e-01
1.28000e+00 4.96341e-01
1.28400e+00 4.96369e-01
1.28800e+00 4.96438e-01
1.29200e+00 4.96602e-01
1.29600e+00 4.96969e-01
1.30000e+00 4.97736e-01
1.30400e+00 4.99128e-01
1.30800e+00 5.01187e-01
1.31200e+00 5.03758e-01
1.31600e+00 5.07076e-01
1.32000e+00 5.12191e-01
1.32400e+00 5.18866e-01
1.32800e+00 5.22270e-01
1.33200e+00 5.22499e-01
1.33600e+00 5.22128e-01
1.34000e+00 5.18743e-01
1.34400e+00 5.04173e-01
1.34800e+00 4.82031e-01
1.35200e+00 4.74560e-01
1.35600e+00 4.74287e-01
1.36000e+00 4.74480e-01
1.36400e+00 4.75284e-01
1.36800e+00 4.76169e-01
1.37200e+00 4.76383e-01
1.37600e+00 4.76393e-01
1.38000e+00 4.76396e-01
1.38400e+00 4.76400e-01
1.38800e+00 4.76415e-01
1.39200e+00 4.76455e-01
1.39600e+00 4.76546e-01
1.40000e+00 4.76728e-01
1.40400e+00 4.77063e-01
1.40800e+00 4.77670e-01
1.41200e+00 4.78834e-01
1.41600e+00 4.81249e-01
1.42000e+00 4.86391e-01
1.42400e+00 4.95420e-01
1.42800e+00 5.03670e-01
1.43200e+00 5.05889e-01
1.43600e+00 5.05990e-01
1.44000e+00 5.05990e-01
1.44400e+00 5.05990e-01
1.44800e+00 5.05990e-01
1.45200e+00 5.05990e-01
1.45600e+00 5.05991e-01
1.46000e+00 5.05995e-01
1.46400e+00 5.06011e-01
1.46800e+00 5.06085e-01
1.47200e+00 5.06399e-01
1.47600e+00 5.07546e-01
1.48000e+00 5.10083e-01
1.48400e+00 5.11902e-01
1.48800e+00 5.12060e-01
1.49200e+00 5.11819e-01
1.49600e+00 5.09916e-01
1.50000e+00 5.02664e-01
1.50400e+00 4.91650e-01
1.50800e+00 4.87425e-01
1.51200e+00 4.87189e-01
1.51600e+00 4.87211e-01
1.52000e+00 4.87378e-01
1.52400e+00 4.88015e-01
1.52800e+00 4.89814e-01
1.53200e+00 4.94213e-01
1.53600e+00 5.03625e-01
1.54000e+00 5.17794e-01
1.54400e+00 5.26937e-01
1.54800e+00 5.28367e-01
1.55200e+00 5.28398e-01
1.55600e+00 5.28398e-01
1.56000e+00 5.28398e-01
1.56400e+00 5.28398e-01
1.56800e+00 5.28398e-01
1.57200e+00 5.28398e-01
1.57600e+00 5.28398e-01
1.58000e+00 5.28398e-01
1.58400e+00 5.28398e-01
1.58800e+00 5.28398e-01
1.59200e+00 5.28398e-01
1.59600e+00 5.28398e-01
1.60000e+00 5.28398e-01
1.60400e+00 5.28398e-01
1.60800e+00 5.28398e-01
1.61200e+00 5.28398e-01
1.61600e+00 5.28398e-01
1.62000e+00 5.28398e-01
1.62400e+00 5.28400e-01
1.62800e+00 5.28405e-01
1.63200e+00 5.28428e-01
1.63600e+00 5.28518e-01
1.64000e+00 5.28869e-01
1.64400e+00 5.30124e-01
1.64800e+00 5.33503e-01
1.65200e+00 5.37997e-01
1.65600e+00 5.39722e-01
1.66000e+00 5.39835e-01
1.66400e+00 5.39836e-01
1.66800e+00 5.39836e-01
1.67200e+00 5.39836e-01
1.67600e+00 5.39837e-01
1.68000e+00 5.39846e-01
1.68400e+00 5.39910e-01
1.68800e+00 5.40144e-01
1.69200e+00 5.40302e-01
1.69600e+00 5.40257e-01
1.70000e+00 5.39449e-01
1.70400e+00 5.32829e-01
1.70800e+00 5.05992e-01
1.71200e+00 4.74395e-01
1.71600e+00 4.67514e-01
1.72000e+00 4.67462e-01
1.72400e+00 4.68153e-01
1.72800e+00 4.71189e-01
1.73200e+00 4.79097e-01
1.73600e+00 4.90557e-01
1.74000e+00 4.96305e-01
1.74400e+00 4.96802e-01
1.74800e+00 4.96702e-01
1.75200e+00 4.95692e-01
1.75600e+00 4.90478e-01
1.76000e+00 4.76629e-01
1.76400e+00 4.64502e-01
1.76800e+00 4.62316e-01
1.77200e+00 4.62290e-01
1.77600e+00 4.62400e-01
1.78000e+00 4.62979e-01
1.78400e+00 4.64888e-01
1.78800e+00 4.69349e-01
1.79200e+00 4.74993e-01
1.79600e+00 4.77356e-01
1.80000e+00 4.77552e-01
1.80400e+00 4.77553e-01
1.80800e+00 4.77553e-01
1.81200e+00 4.77553e-01
1.81600e+00 4.77553e-01
1.82000e+00 4.77553e-01
1.82400e+00 4.77553e-01
1.82800e+00 4.77553e-01
1.83200e+00 4.77553e-01
1.83600e+00 4.77554e-01
1.84000e+00 4.77554e-01
1.84400e+00 4.77558e-01
1.84800e+00 4.77575e-01
1.85200e+00 4.77657e-01
1.85600e+00 4.77985e-01
1.86000e+00 4.78718e-01
1.86400e+00 4.79135e-01
1.86800e+00 4.79125e-01
1.87200e+00 4.78715e-01
1.87600e+00 4.76158e-01
1.88000e+00 4.66986e-01
1.88400e+00 4.53451e-01
1.88800e+00 4.48500e-01
1.89200e+00 4.48314e-01
1.89600e+00 4.48581e-01
1.90000e+00 4.50050e-01
1.90400e+00 4.54418e-01
1.90800e+00 4.62198e-01
1.91200e+00 4.68048e-01
1.91600e+00 4.69174e-01
1.92000e+00 4.69206e-01
1.92400e+00 4.69207e-01
1.92800e+00 4.69207e-01
1.93200e+00 4.69207e-01
1.93600e+00 4.69207e-01
1.94000e+00 4.69207e-01
1.94400e+00 4.69207e-01
1.94800e+00 4.69207e-01
1.95200e+00 4.69207e-01
1.95600e+00 4.69207e-01
1.96000e+00 4.69207e-01
1.96400e+00 4.69207e-01
1.96800e+00 4.69207e-01
1.97200e+00 4.69208e-01
1.97600e+00 4.69211e-01
1.98000e+00 4.69217e-01
1.98400e+00 4.69232e-01
1.98800e+00 4.69257e-01
1.99200e+00 4.69398e-01
1.99600e+00 4.69411e-01
