0.00000e+00 4.51809e-01
4.00000e-03 4.51809e-01
8.00000e-03 4.51818e-01
1.20000e-02 4.51955e-01
1.60000e-02 4.53084e-01
2.00000e-02 4.58668e-01
2.40000e-02 4.76300e-01
2.80000e-02 5.14427e-01
3.20000e-02 5.64925e-01
3.60000e-02 5.90125e-01
4.00000e-02 5.92602e-01
4.40000e-02 5.92590e-01
4.80000e-02 5.92013e-01
5.20000e-02 5.86405e-01
5.60000e-02 5.60480e-01
6.00000e-02 5.27051e-01
6.40000e-02 5.19231e-01
6.80000e-02 5.19106e-01
7.20000e-02 5.19539e-01
7.60000e-02 5.22165e-01
8.00000e-02 5.30322e-01
8.40000e-02 5.38314e-01
8.80000e-02 5.38888e-01
9.20000e-02 5.33904e-01
9.60000e-02 5.00501e-01
1.00000e-01 4.50038e-01
1.04000e-01 4.37731e-01
1.08000e-01 4.37861e-01
1.12000e-01 4.40417e-01
1.16000e-01 4.47763e-01
1.20000e-01 4.60150e-01
1.24000e-01 4.76562e-01
1.28000e-01 4.97931e-01
1.32000e-01 5.26834e-01
1.36000e-01 5.54776e-01
1.40000e-01 5.63399e-01
1.44000e-01 5.63368e-01
1.48000e-01 5.57486e-01
1.52000e-01 5.18118e-01
1.56000e-01 4.57731e-01
1.60000e-01 4.42111e-01
1.64000e-01 4.41687e-01
1.68000e-01 4.41759e-01
1.72000e-01 4.42170e-01
1.76000e-01 4.43379e-01
1.80000e-01 4.45980e-01
1.84000e-01 4.50498e-01
1.88000e-01 4.57110e-01
1.92000e-01 4.65689e-01
1.96000e-01 4.76400e-01
2.00000e-01 4.90507e-01
2.04000e-01 5.10102e-01
2.08000e-01 5.31940e-01
2.12000e-01 5.42867e-01
2.16000e-01 5.44179e-01
2.20000e-01 5.44198e-01
2.24000e-01 5.44197e-01
2.28000e-01 5.44181e-01
2.32000e-01 5.44081e-01
2.36000e-01 5.43558e-01
2.40000e-01 5.41491e-01
2.44000e-01 5.37260e-01
2.48000e-01 5.34606e-01
2.52000e-01 5.34304e-01
2.56000e-01 5.34305e-01
2.60000e-01 5.34347e-01
2.64000e-01 5.34557e-01
2.68000e-01 5.35300e-01
2.72000e-01 5.37573e-01
2.76000e-01 5.44077e-01
2.80000e-01 5.59299e-01
2.84000e-01 5.75820e-01
2.88000e-01 5.78916e-01
2.92000e-01 5.76380e-01
2.96000e-01 5.44681e-01
3.00000e-01 4.63628e-01
3.04000e-01 4.30299e-01
3.08000e-01 4.28704e-01
3.12000e-01 4.28775e-01
3.16000e-01 4.29200e-01
3.20000e-01 4.30289e-01
3.24000e-01 4.32181e-01
3.28000e-01 4.34882e-01
3.32000e-01 4.38345e-01
3.36000e-01 4.42486e-01
3.40000e-01 4.47179e-01
3.44000e-01 4.52263e-01
3.48000e-01 4.57582e-01
3.52000e-01 4.63012e-01
3.56000e-01 4.68473e-01
3.60000e-01 4.73914e-01
3.64000e-01 4.79298e-01
3.68000e-01 4.84591e-01
3.72000e-01 4.89754e-01
3.76000e-01 4.94752e-01
3.80000e-01 4.99564e-01
3.84000e-01 5.04223e-01
3.88000e-01 5.08866e-01
3.92000e-01 5.13840e-01
3.96000e-01 5.19904e-01
4.00000e-01 5.28721e-01
4.04000e-01 5.43322e-01
4.08000e-01 5.64054e-01
4.12000e-01 5.78092e-01
4.16000e-01 5.80409e-01
4.20000e-01 5.80429e-01
4.24000e-01 5.80040e-01
4.28000e-01 5.74581e-01
4.32000e-01 5.37677e-01
4.36000e-01 4.74877e-01
4.40000e-01 4.56900e-01
4.44000e-01 4.56500e-01
4.48000e-01 4.57114e-01
4.52000e-01 4.59565e-01
4.56000e-01 4.64684e-01
4.60000e-01 4.72954e-01
4.64000e-01 4.85495e-01
4.68000e-01 5.02377e-01
4.72000e-01 5.15534e-01
4.76000e-01 5.18762e-01
4.80000e-01 5.18901e-01
4.84000e-01 5.18902e-01
4.88000e-01 5.18902e-01
4.92000e-01 5.18902e-01
4.96000e-01 5.18905e-01
5.00000e-01 5.18918e-01
5.04000e-01 5.18981e-01
5.08000e-01 5.19298e-01
5.12000e-01 5.20721e-01
5.16000e-01 5.24399e-01
5.20000e-01 5.26713e-01
5.24000e-01 5.26571e-01
5.28000e-01 5.22562e-01
5.32000e-01 4.99463e-01
5.36000e-01 4.59966e-01
5.40000e-01 4.46243e-01
5.44000e-01 4.45648e-01
5.48000e-01 4.45723e-01
5.52000e-01 4.46177e-01
5.56000e-01 4.47464e-01
5.60000e-01 4.49952e-01
5.64000e-01 4.53722e-01
5.68000e-01 4.58588e-01
5.72000e-01 4.64485e-01
5.76000e-01 4.71990e-01
5.80000e-01 4.82674e-01
5.84000e-01 4.97821e-01
5.88000e-01 5.11892e-01
5.92000e-01 5.16535e-01
5.96000e-01 5.16837e-01
6.00000e-01 5.16840e-01
6.04000e-01 5.16840e-01
6.08000e-01 5.16840e-01
6.12000e-01 5.16842e-01
6.16000e-01 5.16855e-01
6.20000e-01 5.16918e-01
6.24000e-01 5.16981e-01
6.28000e-01 5.16972e-01
6.32000e-01 5.16745e-01
6.36000e-01 5.14596e-01
6.40000e-01 5.01123e-01
6.44000e-01 4.65332e-01
6.48000e-01 4.42107e-01
6.52000e-01 4.39874e-01
6.56000e-01 4.40096e-01
6.60000e-01 4.41543e-01
6.64000e-01 4.45379e-01
6.68000e-01 4.51505e-01
6.72000e-01 4.58291e-01
6.76000e-01 4.64446e-01
6.80000e-01 4.70404e-01
6.84000e-01 4.77798e-01
6.88000e-01 4.88032e-01
6.92000e-01 4.97669e-01
6.96000e-01 5.00928e-01
7.00000e-01 5.01148e-01
7.04000e-01 5.01150e-01
7.08000e-01 5.01150e-01
7.12000e-01 5.01150e-01
7.16000e-01 5.01150e-01
7.20000e-01 5.01150e-01
7.24000e-01 5.01150e-01
7.28000e-01 5.01150e-01
7.32000e-01 5.01150e-01
7.36000e-01 5.01151e-01
7.40000e-01 5.01153e-01
7.44000e-01 5.01159e-01
7.48000e-01 5.01172e-01
7.52000e-01 5.01204e-01
7.56000e-01 5.01271e-01
7.60000e-01 5.01422e-01
7.64000e-01 5.01860e-01
7.68000e-01 5.03491e-01
7.72000e-01 5.09160e-01
7.76000e-01 5.17453e-01
7.80000e-01 5.18800e-01
7.84000e-01 5.14759e-01
7.88000e-01 4.85532e-01
7.92000e-01 4.37312e-01
7.96000e-01 4.23406e-01
8.00000e-01 4.23171e-01
8.04000e-01 4.24106e-01
8.08000e-01 4.27326e-01
8.12000e-01 4.32941e-01
8.16000e-01 4.39272e-01
8.20000e-01 4.44446e-01
8.24000e-01 4.47984e-01
8.28000e-01 4.50394e-01
8.32000e-01 4.52232e-01
8.36000e-01 4.53819e-01
8.40000e-01 4.55314e-01
8.44000e-01 4.56809e-01
8.48000e-01 4.58374e-01
8.52000e-01 4.60072e-01
8.56000e-01 4.61946e-01
8.60000e-01 4.64016e-01
8.64000e-01 4.66263e-01
8.68000e-01 4.68640e-01
8.72000e-01 4.71082e-01
8.76000e-01 4.73522e-01
8.80000e-01 4.75910e-01
8.84000e-01 4.78214e-01
8.88000e-01 4.80429e-01
8.92000e-01 4.82563e-01
8.96000e-01 4.84634e-01
9.00000e-01 4.86664e-01
9.04000e-01 4.88670e-01
9.08000e-01 4.90667e-01
9.12000e-01 4.92661e-01
9.16000e-01 4.94653e-01
9.20000e-01 4.96640e-01
9.24000e-01 4.98601e-01
9.28000e-01 5.00498e-01
9.32000e-01 5.02261e-01
9.36000e-01 5.03805e-01
9.40000e-01 5.05080e-01
9.44000e-01 5.06114e-01
9.48000e-01 5.07020e-01
9.52000e-01 5.07987e-01
9.56000e-01 5.09371e-01
9.60000e-01 5.12046e-01
9.64000e-01 5.18249e-01
9.68000e-01 5.30803e-01
9.72000e-01 5.42790e-01
9.76000e-01 5.45135e-01
9.80000e-01 5.44725e-01
9.84000e-01 5.39628e-01
9.88000e-01 5.18718e-01
9.92000e-01 4.95711e-01
9.96000e-01 4.91653e-01
1.00000e+00 4.92075e-01
1.00400e+00 4.95804e-01
1.00800e+00 5.04318e-01
1.01200e+00 5.07325e-01
1.01600e+00 5.05752e-01
1.02000e+00 4.91016e-01
1.02400e+00 4.55978e-01
1.02800e+00 4.39273e-01
1.03200e+00 4.38583e-01
1.03600e+00 4.39826e-01
1.04000e+00 4.44585e-01
1.04400e+00 4.50489e-01
1.04800e+00 4.52389e-01
1.05200e+00 4.52489e-01
1.05600e+00 4.52490e-01
1.06000e+00 4.52490e-01
1.06400e+00 4.52490e-01
1.06800e+00 4.52490e-01
1.07200e+00 4.52490e-01
1.07600e+00 4.52492e-01
1.08000e+00 4.52496e-01
1.08400e+00 4.52507e-01
1.08800e+00 4.52531e-01
1.09200e+00 4.52585e-01
1.09600e+00 4.52698e-01
1.10000e+00 4.52918e-01
1.10400e+00 4.53319e-01
1.10800e+00 4.53997e-01
1.11200e+00 4.55037e-01
1.11600e+00 4.56462e-01
1.12000e+00 4.58189e-01
1.12400e+00 4.60067e-01
1.12800e+00 4.62023e-01
1.13200e+00 4.64190e-01
1.13600e+00 4.67013e-01
1.14000e+00 4.71459e-01
1.14400e+00 4.79194e-01
1.14800e+00 4.90407e-01
1.15200e+00 4.98469e-01
1.15600e+00 5.00067e-01
1.16000e+00 5.00116e-01
1.16400e+00 5.00116e-01
1.16800e+00 5.00116e-01
1.17200e+00 5.00116e-01
1.17600e+00 5.00116e-01
1.18000e+00 5.00116e-01
1.18400e+00 5.00116e-01
1.18800e+00 5.00116e-01
1.19200e+00 5.00116e-01
1.19600e+00 5.00116e-01
1.20000e+00 5.00117e-01
1.20400e+00 5.00118e-01
1.20800e+00 5.00124e-01
1.21200e+00 5.00145e-01
1.21600e+00 5.00227e-01
1.22000e+00 5.00543e-01
1.22400e+00 5.01643e-01
1.22800e+00 5.04437e-01
1.23200e+00 5.07638e-01
1.23600e+00 5.08511e-01
1.24000e+00 5.08510e-01
1.24400e+00 5.08225e-01
1.24800e+00 5.06570e-01
1.25200e+00 5.01485e-01
1.25600e+00 4.95522e-01
1.26000e+00 4.93897e-01
1.26400e+00 4.93857e-01
1.26800e+00 4.93938e-01
1.27200e+00 4.94381e-01
1.27600e+00 4.95399e-01
1.28000e+00 4.96190e-01
1.28400e+00 4.96324e-01
1.28800e+00 4.96327e-01
1.29200e+00 4.96327e-01
1.29600e+00 4.96328e-01
1.30000e+00 4.96330e-01
1.30400e+00 4.96337e-01
1.30800e+00 4.96356e-01
1.31200e+00 4.96406e-01
1.31600e+00 4.96527e-01
1.32000e+00 4.96805e-01
1.32400e+00 4.97397e-01
1.32800e+00 4.98496e-01
1.33200e+00 5.00190e-01
1.33600e+00 5.02451e-01
1.34000e+00 5.05600e-01
1.34400e+00 5.10731e-01
1.34800e+00 5.17793e-01
1.35200e+00 5.21761e-01
1.35600e+00 5.22114e-01
1.36000e+00 5.21865e-01
1.36400e+00 5.19377e-01
1.36800e+00 5.07404e-01
1.37200e+00 4.85163e-01
1.37600e+00 4.75180e-01
1.38000e+00 4.74565e-01
1.38400e+00 4.74671e-01
1.38800e+00 4.75247e-01
1.39200e+00 4.76088e-01
1.39600e+00 4.76378e-01
1.40000e+00 4.76396e-01
1.40400e+00 4.76399e-01
1.40800e+00 4.76403e-01
1.41200e+00 4.76415e-01
1.41600e+00 4.76450e-01
1.42000e+00 4.76531e-01
1.42400e+00 4.76697e-01
1.42800e+00 4.77006e-01
1.43200e+00 4.77571e-01
1.43600e+00 4.78656e-01
1.44000e+00 4.80905e-01
1.44400e+00 4.85727e-01
1.44800e+00 4.94486e-01
1.45200e+00 5.03176e-01
1.45600e+00 5.05843e-01
1.46000e+00 5.05989e-01
1.46400e+00 5.05990e-01
1.46800e+00 5.05990e-01
1.47200e+00 5.05990e-01
1.47600e+00 5.05990e-01
1.48000e+00 5.05991e-01
1.48400e+00 5.05993e-01
1.48800e+00 5.06005e-01
1.49200e+00 5.06058e-01
1.49600e+00 5.06285e-01
1.50000e+00 5.07156e-01
1.50400e+00 5.09371e-01
1.50800e+00 5.11454e-01
1.51200e+00 5.11771e-01
1.51600e+00 5.11633e-01
1.52000e+00 5.10335e-01
1.52400e+00 5.04628e-01
1.52800e+00 4.93675e-01
1.53200e+00 4.87787e-01
1.53600e+00 4.87248e-01
1.54000e+00 4.87256e-01
1.54400e+00 4.87362e-01
1.54800e+00 4.87810e-01
1.55200e+00 4.89141e-01
1.55600e+00 4.92491e-01
1.56000e+00 5.00018e-01
1.56400e+00 5.13239e-01
1.56800e+00 5.25151e-01
1.57200e+00 5.28263e-01
1.57600e+00 5.28397e-01
1.58000e+00 5.28398e-01
1.58400e+00 5.28398e-01
1.58800e+00 5.28398e-01
1.59200e+00 5.28398e-01
1.59600e+00 5.28398e-01
1.60000e+00 5.28398e-01
1.60400e+00 5.28398e-01
1.60800e+00 5.28398e-01
1.61200e+00 5.28398e-01
1.61600e+00 5.28398e-01
1.62000e+00 5.28398e-01
1.62400e+00 5.28398e-01
1.62800e+00 5.28398e-01
1.63200e+00 5.28398e-01
1.63600e+00 5.28398e-01
1.64000e+00 5.28398e-01
1.64400e+00 5.28398e-01
1.64800e+00 5.28399e-01
1.65200e+00 5.28401e-01
1.65600e+00 5.28410e-01
1.66000e+00 5.28448e-01
1.66400e+00 5.28598e-01
1.66800e+00 5.29172e-01
1.67200e+00 5.31082e-01
1.67600e+00 5.35282e-01
1.68000e+00 5.39021e-01
1.68400e+00 5.39812e-01
1.68800e+00 5.39835e-01
1.69200e+00 5.39836e-01
1.69600e+00 5.39836e-01
1.70000e+00 5.39836e-01
1.70400e+00 5.39842e-01
1.70800e+00 5.39883e-01
1.71200e+00 5.40039e-01
1.71600e+00 5.40152e-01
1.72000e+00 5.40125e-01
1.72400e+00 5.39595e-01
1.72800e+00 5.35000e-01
1.73200e+00 5.13046e-01
1.73600e+00 4.78995e-01
1.74000e+00 4.68343e-01
1.74400e+00 4.68064e-01
1.74800e+00 4.68612e-01
1.75200e+00 4.71386e-01
1.75600e+00 4.78975e-01
1.76000e+00 4.90282e-01
1.76400e+00 4.96062e-01
1.76800e+00 4.96565e-01
1.77200e+00 4.96454e-01
1.77600e+00 4.95350e-01
1.78000e+00 4.89781e-01
1.78400e+00 4.75687e-01
1.78800e+00 4.64257e-01
1.79200e+00 4.62408e-01
1.79600e+00 4.62396e-01
1.80000e+00 4.62534e-01
1.80400e+00 4.63219e-01
1.80800e+00 4.65408e-01
1.81200e+00 4.70231e-01
1.81600e+00 4.75605e-01
1.82000e+00 4.77439e-01
1.82400e+00 4.77553e-01
1.82800e+00 4.77553e-01
1.83200e+00 4.77553e-01
1.83600e+00 4.77553e-01
1.84000e+00 4.77553e-01
1.84400e+00 4.77553e-01
1.84800e+00 4.77553e-01
1.85200e+00 4.77553e-01
1.85600e+00 4.77553e-01
1.86000e+00 4.77554e-01
1.86400e+00 4.77555e-01
1.86800e+00 4.77560e-01
1.87200e+00 4.77586e-01
1.87600e+00 4.77704e-01
1.88000e+00 4.78122e-01
1.88400e+00 4.78777e-01
1.88800e+00 4.78964e-01
1.89200e+00 4.78896e-01
1.89600e+00 4.78181e-01
1.90000e+00 4.74394e-01
1.90400e+00 4.63258e-01
1.90800e+00 4.51388e-01
1.91200e+00 4.48669e-01
1.91600e+00 4.48660e-01
1.92000e+00 4.49104e-01
1.92400e+00 4.51073e-01
1.92800e+00 4.56308e-01
1.93200e+00 4.64189e-01
1.93600e+00 4.68632e-01
1.94000e+00 4.69197e-01
1.94400e+00 4.69206e-01
1.94800e+00 4.69207e-01
1.95200e+00 4.69207e-01
1.95600e+00 4.69207e-01
1.96000e+00 4.69207e-01
1.96400e+00 4.69207e-01
1.96800e+00 4.69207e-01
1.97200e+00 4.69207e-01
1.97600e+00 4.69207e-01
1.98000e+00 4.69207e-01
1.98400e+00 4.69207e-01
1.98800e+00 4.69207e-01
1.99200e+00 4.69209e-01
1.99600e+00 4.69209e-01
