0.00000e+00 4.59810e-01
4.00000e-03 4.59810e-01
8.00000e-03 4.59809e-01
1.20000e-02 4.59797e-01
1.60000e-02 4.59675e-01
2.00000e-02 4.58896e-01
2.40000e-02 4.56179e-01
2.80000e-02 4.52971e-01
3.20000e-02 4.52384e-01
3.60000e-02 4.52629e-01
4.00000e-02 4.54343e-01
4.40000e-02 4.59978e-01
4.80000e-02 4.72711e-01
5.20000e-02 4.95863e-01
5.60000e-02 5.32187e-01
6.00000e-02 5.72656e-01
6.40000e-02 5.90784e-01
6.80000e-02 5.92415e-01
7.20000e-02 5.92378e-01
7.60000e-02 5.91534e-01
8.00000e-02 5.83951e-01
8.40000e-02 5.54294e-01
8.80000e-02 5.24559e-01
9.20000e-02 5.19634e-01
9.60000e-02 5.19689e-01
1.00000e-01 5.20937e-01
1.04000e-01 5.26555e-01
1.08000e-01 5.34248e-01
1.12000e-01 5.35189e-01
1.16000e-01 5.30662e-01
1.20000e-01 4.99571e-01
1.24000e-01 4.51806e-01
1.28000e-01 4.39775e-01
1.32000e-01 4.39852e-01
1.36000e-01 4.42125e-01
1.40000e-01 4.48790e-01
1.44000e-01 4.59993e-01
1.48000e-01 4.74338e-01
1.52000e-01 4.92082e-01
1.56000e-01 5.16359e-01
1.60000e-01 5.45523e-01
1.64000e-01 5.60285e-01
1.68000e-01 5.61143e-01
1.72000e-01 5.57639e-01
1.76000e-01 5.27292e-01
1.80000e-01 4.65239e-01
1.84000e-01 4.42824e-01
1.88000e-01 4.41876e-01
1.92000e-01 4.41962e-01
1.96000e-01 4.42484e-01
2.00000e-01 4.43969e-01
2.04000e-01 4.46937e-01
2.08000e-01 4.51699e-01
2.12000e-01 4.58209e-01
2.16000e-01 4.66206e-01
2.20000e-01 4.75722e-01
2.24000e-01 4.87746e-01
2.28000e-01 5.04457e-01
2.32000e-01 5.25821e-01
2.36000e-01 5.40952e-01
2.40000e-01 5.44092e-01
2.44000e-01 5.44196e-01
2.48000e-01 5.44196e-01
2.52000e-01 5.44192e-01
2.56000e-01 5.44161e-01
2.60000e-01 5.43985e-01
2.64000e-01 5.43133e-01
2.68000e-01 5.40279e-01
2.72000e-01 5.36052e-01
2.76000e-01 5.34417e-01
2.80000e-01 5.34324e-01
2.84000e-01 5.34330e-01
2.88000e-01 5.34384e-01
2.92000e-01 5.34623e-01
2.96000e-01 5.35448e-01
3.00000e-01 5.38121e-01
3.04000e-01 5.46491e-01
3.08000e-01 5.63887e-01
3.12000e-01 5.73570e-01
3.16000e-01 5.72723e-01
3.20000e-01 5.51008e-01
3.24000e-01 4.75286e-01
3.28000e-01 4.32085e-01
3.32000e-01 4.28999e-01
3.36000e-01 4.29072e-01
3.40000e-01 4.29596e-01
3.44000e-01 4.30963e-01
3.48000e-01 4.33269e-01
3.52000e-01 4.36377e-01
3.56000e-01 4.40123e-01
3.60000e-01 4.44384e-01
3.64000e-01 4.49047e-01
3.68000e-01 4.53986e-01
3.72000e-01 4.59079e-01
3.76000e-01 4.64231e-01
3.80000e-01 4.69381e-01
3.84000e-01 4.74498e-01
3.88000e-01 4.79560e-01
3.92000e-01 4.84544e-01
3.96000e-01 4.89422e-01
4.00000e-01 4.94158e-01
4.04000e-01 4.98721e-01
4.08000e-01 5.03104e-01
4.12000e-01 5.07362e-01
4.16000e-01 5.11667e-01
4.20000e-01 5.16422e-01
4.24000e-01 5.22511e-01
4.28000e-01 5.31865e-01
4.32000e-01 5.47691e-01
4.36000e-01 5.68273e-01
4.40000e-01 5.79104e-01
4.44000e-01 5.80212e-01
4.48000e-01 5.80095e-01
4.52000e-01 5.77700e-01
4.56000e-01 5.55466e-01
4.60000e-01 4.92605e-01
4.64000e-01 4.59445e-01
4.68000e-01 4.57345e-01
4.72000e-01 4.57695e-01
4.76000e-01 4.59593e-01
4.80000e-01 4.64181e-01
4.84000e-01 4.72070e-01
4.88000e-01 4.84268e-01
4.92000e-01 5.01031e-01
4.96000e-01 5.14917e-01
5.00000e-01 5.18710e-01
5.04000e-01 5.18901e-01
5.08000e-01 5.18902e-01
5.12000e-01 5.18902e-01
5.16000e-01 5.18902e-01
5.20000e-01 5.18904e-01
5.24000e-01 5.18911e-01
5.28000e-01 5.18950e-01
5.32000e-01 5.19159e-01
5.36000e-01 5.20188e-01
5.40000e-01 5.23165e-01
5.44000e-01 5.25263e-01
5.48000e-01 5.25137e-01
5.52000e-01 5.21319e-01
5.56000e-01 4.99116e-01
5.60000e-01 4.60348e-01
5.64000e-01 4.46468e-01
5.68000e-01 4.45846e-01
5.72000e-01 4.45933e-01
5.76000e-01 4.46454e-01
5.80000e-01 4.47894e-01
5.84000e-01 4.50591e-01
5.88000e-01 4.54517e-01
5.92000e-01 4.59384e-01
5.96000e-01 4.65092e-01
6.00000e-01 4.72212e-01
6.04000e-01 4.82294e-01
6.08000e-01 4.96851e-01
6.12000e-01 5.11194e-01
6.16000e-01 5.16441e-01
6.20000e-01 5.16836e-01
6.24000e-01 5.16840e-01
6.28000e-01 5.16840e-01
6.32000e-01 5.16840e-01
6.36000e-01 5.16842e-01
6.40000e-01 5.16859e-01
6.44000e-01 5.16909e-01
6.48000e-01 5.16931e-01
6.52000e-01 5.16907e-01
6.56000e-01 5.16579e-01
6.60000e-01 5.13751e-01
6.64000e-01 4.97582e-01
6.68000e-01 4.61049e-01
6.72000e-01 4.41915e-01
6.76000e-01 4.40572e-01
6.80000e-01 4.40857e-01
6.84000e-01 4.42473e-01
6.88000e-01 4.46494e-01
6.92000e-01 4.52677e-01
6.96000e-01 4.59369e-01
7.00000e-01 4.65407e-01
7.04000e-01 4.71328e-01
7.08000e-01 4.78798e-01
7.12000e-01 4.89049e-01
7.16000e-01 4.98191e-01
7.20000e-01 5.00985e-01
7.24000e-01 5.01149e-01
7.28000e-01 5.01150e-01
7.32000e-01 5.01150e-01
7.36000e-01 5.01150e-01
7.40000e-01 5.01150e-01
7.44000e-01 5.01150e-01
7.48000e-01 5.01150e-01
7.52000e-01 5.01150e-01
7.56000e-01 5.01150e-01
7.60000e-01 5.01151e-01
7.64000e-01 5.01152e-01
7.68000e-01 5.01156e-01
7.72000e-01 5.01165e-01
7.76000e-01 5.01186e-01
7.80000e-01 5.01231e-01
7.84000e-01 5.01343e-01
7.88000e-01 5.01727e-01
7.92000e-01 5.03340e-01
7.96000e-01 5.08742e-01
8.00000e-01 5.14568e-01
8.04000e-01 5.14798e-01
8.08000e-01 5.08651e-01
8.12000e-01 4.75186e-01
8.16000e-01 4.33108e-01
8.20000e-01 4.24270e-01
8.24000e-01 4.24302e-01
8.28000e-01 4.25590e-01
8.32000e-01 4.29408e-01
8.36000e-01 4.35575e-01
8.40000e-01 4.41986e-01
8.44000e-01 4.46711e-01
8.48000e-01 4.49634e-01
8.52000e-01 4.51548e-01
8.56000e-01 4.53055e-01
8.60000e-01 4.54446e-01
8.64000e-01 4.55838e-01
8.68000e-01 4.57285e-01
8.72000e-01 4.58831e-01
8.76000e-01 4.60518e-01
8.80000e-01 4.62383e-01
8.84000e-01 4.64439e-01
8.88000e-01 4.66665e-01
8.92000e-01 4.69014e-01
8.96000e-01 4.71420e-01
9.00000e-01 4.73815e-01
9.04000e-01 4.76151e-01
9.08000e-01 4.78399e-01
9.12000e-01 4.80554e-01
9.16000e-01 4.82627e-01
9.20000e-01 4.84638e-01
9.24000e-01 4.86608e-01
9.28000e-01 4.88558e-01
9.32000e-01 4.90500e-01
9.36000e-01 4.92442e-01
9.40000e-01 4.94387e-01
9.44000e-01 4.96335e-01
9.48000e-01 4.98275e-01
9.52000e-01 5.00178e-01
9.56000e-01 5.01978e-01
9.60000e-01 5.03580e-01
9.64000e-01 5.04902e-01
9.68000e-01 5.05940e-01
9.72000e-01 5.06788e-01
9.76000e-01 5.07606e-01
9.80000e-01 5.08652e-01
9.84000e-01 5.10499e-01
9.88000e-01 5.14671e-01
9.92000e-01 5.24256e-01
9.96000e-01 5.37927e-01
1.00000e+00 5.43663e-01
1.00400e+00 5.43770e-01
1.00800e+00 5.41664e-01
1.01200e+00 5.28548e-01
1.01600e+00 5.03291e-01
1.02000e+00 4.93691e-01
1.02400e+00 4.93633e-01
1.02800e+00 4.96120e-01
1.03200e+00 5.02114e-01
1.03600e+00 5.03733e-01
1.04000e+00 5.01582e-01
1.04400e+00 4.85221e-01
1.04800e+00 4.52919e-01
1.05200e+00 4.40522e-01
1.05600e+00 4.40263e-01
1.06000e+00 4.41769e-01
1.06400e+00 4.46587e-01
1.06800e+00 4.51352e-01
1.07200e+00 4.52453e-01
1.07600e+00 4.52490e-01
1.08000e+00 4.52490e-01
1.08400e+00 4.52490e-01
1.08800e+00 4.52490e-01
1.09200e+00 4.52490e-01
1.09600e+00 4.52491e-01
1.10000e+00 4.52493e-01
1.10400e+00 4.52498e-01
1.10800e+00 4.52511e-01
1.11200e+00 4.52541e-01
1.11600e+00 4.52605e-01
1.12000e+00 4.52736e-01
1.12400e+00 4.52988e-01
1.12800e+00 4.53440e-01
1.13200e+00 4.54187e-01
1.13600e+00 4.55310e-01
1.14000e+00 4.56814e-01
1.14400e+00 4.58590e-01
1.14800e+00 4.60476e-01
1.15200e+00 4.62409e-01
1.15600e+00 4.64544e-01
1.16000e+00 4.67347e-01
1.16400e+00 4.71809e-01
1.16800e+00 4.79608e-01
1.17200e+00 4.90799e-01
1.17600e+00 4.98602e-01
1.18000e+00 5.00074e-01
1.18400e+00 5.00116e-01
1.18800e+00 5.00116e-01
1.19200e+00 5.00116e-01
1.19600e+00 5.00116e-01
1.20000e+00 5.00116e-01
1.20400e+00 5.00116e-01
1.20800e+00 5.00116e-01
1.21200e+00 5.00116e-01
1.21600e+00 5.00116e-01
1.22000e+00 5.00116e-01
1.22400e+00 5.00117e-01
1.22800e+00 5.00118e-01
1.23200e+00 5.00122e-01
1.23600e+00 5.00137e-01
1.24000e+00 5.00198e-01
1.24400e+00 5.00435e-01
1.24800e+00 5.01285e-01
1.25200e+00 5.03657e-01
1.25600e+00 5.07013e-01
1.26000e+00 5.08317e-01
1.26400e+00 5.08361e-01
1.26800e+00 5.08192e-01
1.27200e+00 5.07037e-01
1.27600e+00 5.02899e-01
1.28000e+00 4.96593e-01
1.28400e+00 4.94077e-01
1.28800e+00 4.93941e-01
1.29200e+00 4.93985e-01
1.29600e+00 4.94293e-01
1.30000e+00 4.95165e-01
1.30400e+00 4.96083e-01
1.30800e+00 4.96318e-01
1.31200e+00 4.96327e-01
1.31600e+00 4.96328e-01
1.32000e+00 4.96328e-01
1.32400e+00 4.96329e-01
1.32800e+00 4.96334e-01
1.33200e+00 4.96347e-01
1.33600e+00 4.96383e-01
1.34000e+00 4.96472e-01
1.34400e+00 4.96681e-01
1.34800e+00 4.97134e-01
1.35200e+00 4.97992e-01
1.35600e+00 4.99362e-01
1.36000e+00 5.01297e-01
1.36400e+00 5.04171e-01
1.36800e+00 5.09124e-01
1.37200e+00 5.16471e-01
1.37600e+00 5.21195e-01
1.38000e+00 5.21756e-01
1.38400e+00 5.21595e-01
1.38800e+00 5.19789e-01
1.39200e+00 5.10161e-01
1.39600e+00 4.88626e-01
1.40000e+00 4.75990e-01
1.40400e+00 4.74807e-01
1.40800e+00 4.74859e-01
1.41200e+00 4.75254e-01
1.41600e+00 4.76005e-01
1.42000e+00 4.76366e-01
1.42400e+00 4.76399e-01
1.42800e+00 4.76402e-01
1.43200e+00 4.76405e-01
1.43600e+00 4.76416e-01
1.44000e+00 4.76446e-01
1.44400e+00 4.76518e-01
1.44800e+00 4.76668e-01
1.45200e+00 4.76953e-01
1.45600e+00 4.77479e-01
1.46000e+00 4.78490e-01
1.46400e+00 4.80584e-01
1.46800e+00 4.85097e-01
1.47200e+00 4.93549e-01
1.47600e+00 5.02616e-01
1.48000e+00 5.05782e-01
1.48400e+00 5.05989e-01
1.48800e+00 5.05990e-01
1.49200e+00 5.05990e-01
1.49600e+00 5.05990e-01
1.50000e+00 5.05990e-01
1.50400e+00 5.05991e-01
1.50800e+00 5.05992e-01
1.51200e+00 5.06001e-01
1.51600e+00 5.06038e-01
1.52000e+00 5.06202e-01
1.52400e+00 5.06856e-01
1.52800e+00 5.08723e-01
1.53200e+00 5.10960e-01
1.53600e+00 5.11489e-01
1.54000e+00 5.11417e-01
1.54400e+00 5.10549e-01
1.54800e+00 5.06203e-01
1.55200e+00 4.95926e-01
1.55600e+00 4.88381e-01
1.56000e+00 4.87310e-01
1.56400e+00 4.87304e-01
1.56800e+00 4.87367e-01
1.57200e+00 4.87677e-01
1.57600e+00 4.88654e-01
1.58000e+00 4.91188e-01
1.58400e+00 4.97083e-01
1.58800e+00 5.08626e-01
1.59200e+00 5.22296e-01
1.59600e+00 5.27933e-01
1.60000e+00 5.28394e-01
1.60400e+00 5.28398e-01
1.60800e+00 5.28398e-01
1.61200e+00 5.28398e-01
1.61600e+00 5.28398e-01
1.62000e+00 5.28398e-01
1.62400e+00 5.28398e-01
1.62800e+00 5.28398e-01
1.63200e+00 5.28398e-01
1.63600e+00 5.28398e-01
1.64000e+00 5.28398e-01
1.64400e+00 5.28398e-01
1.64800e+00 5.28398e-01
1.65200e+00 5.28398e-01
1.65600e+00 5.28398e-01
1.66000e+00 5.28398e-01
1.66400e+00 5.28398e-01
1.66800e+00 5.28398e-01
1.67200e+00 5.28398e-01
1.67600e+00 5.28399e-01
1.68000e+00 5.28403e-01
1.68400e+00 5.28419e-01
1.68800e+00 5.28482e-01
1.69200e+00 5.28732e-01
1.69600e+00 5.29653e-01
1.70000e+00 5.32404e-01
1.70400e+00 5.37009e-01
1.70800e+00 5.39556e-01
1.71200e+00 5.39832e-01
1.71600e+00 5.39836e-01
1.72000e+00 5.39836e-01
1.72400e+00 5.39836e-01
1.72800e+00 5.39840e-01
1.73200e+00 5.39866e-01
1.73600e+00 5.39970e-01
1.74000e+00 5.40049e-01
1.74400e+00 5.40032e-01
1.74800e+00 5.39685e-01
1.75200e+00 5.36539e-01
1.75600e+00 5.19285e-01
1.76000e+00 4.84706e-01
1.76400e+00 4.69507e-01
1.76800e+00 4.68740e-01
1.77200e+00 4.69160e-01
1.77600e+00 4.71629e-01
1.78000e+00 4.78817e-01
1.78400e+00 4.89926e-01
1.78800e+00 4.95785e-01
1.79200e+00 4.96308e-01
1.79600e+00 4.96186e-01
1.80000e+00 4.94984e-01
1.80400e+00 4.89054e-01
1.80800e+00 4.74774e-01
1.81200e+00 4.64061e-01
1.81600e+00 4.62511e-01
1.82000e+00 4.62510e-01
1.82400e+00 4.62682e-01
1.82800e+00 4.63487e-01
1.83200e+00 4.65978e-01
1.83600e+00 4.71116e-01
1.84000e+00 4.76111e-01
1.84400e+00 4.77489e-01
1.84800e+00 4.77553e-01
1.85200e+00 4.77553e-01
1.85600e+00 4.77553e-01
1.86000e+00 4.77553e-01
1.86400e+00 4.77553e-01
1.86800e+00 4.77553e-01
1.87200e+00 4.77553e-01
1.87600e+00 4.77553e-01
1.88000e+00 4.77553e-01
1.88400e+00 4.77554e-01
1.88800e+00 4.77555e-01
1.89200e+00 4.77563e-01
1.89600e+00 4.77602e-01
1.90000e+00 4.77769e-01
1.90400e+00 4.78257e-01
1.90800e+00 4.78745e-01
1.91200e+00 4.78794e-01
1.91600e+00 4.78646e-01
1.92000e+00 4.77470e-01
1.92400e+00 4.72113e-01
1.92800e+00 4.59562e-01
1.93200e+00 4.50213e-01
1.93600e+00 4.48946e-01
1.94000e+00 4.49018e-01
1.94400e+00 4.49692e-01
1.94800e+00 4.52258e-01
1.95200e+00 4.58334e-01
1.95600e+00 4.65864e-01
1.96000e+00 4.68953e-01
1.96400e+00 4.69204e-01
1.96800e+00 4.69207e-01
1.97200e+00 4.69207e-01
1.97600e+00 4.69207e-01
1.98000e+00 4.69207e-01
1.98400e+00 4.69207e-01
1.98800e+00 4.69207e-01
1.99200e+00 4.69207e-01
1.99600e+00 4.69207e-01
