0.00000e+00 4.63971e-01
4.00000e-03 4.63971e-01
8.00000e-03 4.63971e-01
1.20000e-02 4.63966e-01
1.60000e-02 4.63911e-01
2.00000e-02 4.63564e-01
2.40000e-02 4.62367e-01
2.80000e-02 4.60687e-01
3.20000e-02 4.59918e-01
3.60000e-02 4.59653e-01
4.00000e-02 4.59242e-01
4.40000e-02 4.57846e-01
4.80000e-02 4.54831e-01
5.20000e-02 4.52969e-01
5.60000e-02 4.52881e-01
6.00000e-02 4.53263e-01
6.40000e-02 4.55169e-01
6.80000e-02 4.60366e-01
7.20000e-02 4.70555e-01
7.60000e-02 4.86954e-01
8.00000e-02 5.11352e-01
8.40000e-02 5.45627e-01
8.80000e-02 5.79246e-01
9.20000e-02 5.91435e-01
9.60000e-02 5.92221e-01
1.00000e-01 5.92146e-01
1.04000e-01 5.90899e-01
1.08000e-01 5.80786e-01
1.12000e-01 5.48044e-01
1.16000e-01 5.23153e-01
1.20000e-01 5.20494e-01
1.24000e-01 5.20919e-01
1.28000e-01 5.24303e-01
1.32000e-01 5.30379e-01
1.36000e-01 5.31292e-01
1.40000e-01 5.27134e-01
1.44000e-01 4.98546e-01
1.48000e-01 4.53563e-01
1.52000e-01 4.41650e-01
1.56000e-01 4.41664e-01
1.60000e-01 4.43652e-01
1.64000e-01 4.49680e-01
1.68000e-01 4.59920e-01
1.72000e-01 4.72771e-01
1.76000e-01 4.87930e-01
1.80000e-01 5.08218e-01
1.84000e-01 5.35770e-01
1.88000e-01 5.55756e-01
1.92000e-01 5.58420e-01
1.96000e-01 5.56382e-01
2.00000e-01 5.33980e-01
2.04000e-01 4.73876e-01
2.08000e-01 4.44060e-01
2.12000e-01 4.42153e-01
2.16000e-01 4.42242e-01
2.20000e-01 4.42848e-01
2.24000e-01 4.44579e-01
2.28000e-01 4.47889e-01
2.32000e-01 4.52884e-01
2.36000e-01 4.59317e-01
2.40000e-01 4.66824e-01
2.44000e-01 4.75356e-01
2.48000e-01 4.85671e-01
2.52000e-01 4.99714e-01
2.56000e-01 5.19213e-01
2.60000e-01 5.37550e-01
2.64000e-01 5.43776e-01
2.68000e-01 5.44192e-01
2.72000e-01 5.44195e-01
2.76000e-01 5.44194e-01
2.80000e-01 5.44185e-01
2.84000e-01 5.44128e-01
2.88000e-01 5.43827e-01
2.92000e-01 5.42499e-01
2.96000e-01 5.38879e-01
3.00000e-01 5.35198e-01
3.04000e-01 5.34362e-01
3.08000e-01 5.34341e-01
3.12000e-01 5.34350e-01
3.16000e-01 5.34416e-01
3.20000e-01 5.34693e-01
3.24000e-01 5.35737e-01
3.28000e-01 5.39751e-01
3.32000e-01 5.52126e-01
3.36000e-01 5.65338e-01
3.40000e-01 5.66047e-01
3.44000e-01 5.52249e-01
3.48000e-01 4.86655e-01
3.52000e-01 4.34913e-01
3.56000e-01 4.29424e-01
3.60000e-01 4.29480e-01
3.64000e-01 4.30087e-01
3.68000e-01 4.31738e-01
3.72000e-01 4.34475e-01
3.76000e-01 4.37979e-01
3.80000e-01 4.41956e-01
3.84000e-01 4.46265e-01
3.88000e-01 4.50835e-01
3.92000e-01 4.55592e-01
3.96000e-01 4.60449e-01
4.00000e-01 4.65334e-01
4.04000e-01 4.70199e-01
4.08000e-01 4.75023e-01
4.12000e-01 4.79794e-01
4.16000e-01 4.84501e-01
4.20000e-01 4.89122e-01
4.24000e-01 4.93626e-01
4.28000e-01 4.97980e-01
4.32000e-01 5.02156e-01
4.36000e-01 5.06163e-01
4.40000e-01 5.10076e-01
4.44000e-01 5.14103e-01
4.48000e-01 5.18710e-01
4.52000e-01 5.24929e-01
4.56000e-01 5.35033e-01
4.60000e-01 5.52266e-01
4.64000e-01 5.71940e-01
4.68000e-01 5.79381e-01
4.72000e-01 5.79713e-01
4.76000e-01 5.78833e-01
4.80000e-01 5.67298e-01
4.84000e-01 5.15005e-01
4.88000e-01 4.65245e-01
4.92000e-01 4.58308e-01
4.96000e-01 4.58436e-01
5.00000e-01 4.59780e-01
5.04000e-01 4.63695e-01
5.08000e-01 4.71076e-01
5.12000e-01 4.82911e-01
5.16000e-01 4.99598e-01
5.20000e-01 5.14230e-01
5.24000e-01 5.18645e-01
5.28000e-01 5.18900e-01
5.32000e-01 5.18902e-01
5.36000e-01 5.18902e-01
5.40000e-01 5.18902e-01
5.44000e-01 5.18903e-01
5.48000e-01 5.18908e-01
5.52000e-01 5.18933e-01
5.56000e-01 5.19081e-01
5.60000e-01 5.19862e-01
5.64000e-01 5.22245e-01
5.68000e-01 5.23929e-01
5.72000e-01 5.23774e-01
5.76000e-01 5.20037e-01
5.80000e-01 4.98493e-01
5.84000e-01 4.60541e-01
5.88000e-01 4.46700e-01
5.92000e-01 4.46069e-01
5.96000e-01 4.46169e-01
6.00000e-01 4.46753e-01
6.04000e-01 4.48341e-01
6.08000e-01 4.51236e-01
6.12000e-01 4.55309e-01
6.16000e-01 4.60172e-01
6.20000e-01 4.65695e-01
6.24000e-01 4.72438e-01
6.28000e-01 4.81921e-01
6.32000e-01 4.95845e-01
6.36000e-01 5.10395e-01
6.40000e-01 5.16316e-01
6.44000e-01 5.16834e-01
6.48000e-01 5.16840e-01
6.52000e-01 5.16840e-01
6.56000e-01 5.16840e-01
6.60000e-01 5.16843e-01
6.64000e-01 5.16861e-01
6.68000e-01 5.16893e-01
6.72000e-01 5.16896e-01
6.76000e-01 5.16856e-01
6.80000e-01 5.16404e-01
6.84000e-01 5.12765e-01
6.88000e-01 4.93798e-01
6.92000e-01 4.57404e-01
6.96000e-01 4.42009e-01
7.00000e-01 4.41243e-01
7.04000e-01 4.41595e-01
7.08000e-01 4.43381e-01
7.12000e-01 4.47574e-01
7.16000e-01 4.53800e-01
7.20000e-01 4.60393e-01
7.24000e-01 4.66315e-01
7.28000e-01 4.72209e-01
7.32000e-01 4.79765e-01
7.36000e-01 4.90022e-01
7.40000e-01 4.98652e-01
7.44000e-01 5.01029e-01
7.48000e-01 5.01150e-01
7.52000e-01 5.01150e-01
7.56000e-01 5.01150e-01
7.60000e-01 5.01150e-01
7.64000e-01 5.01150e-01
7.68000e-01 5.01150e-01
7.72000e-01 5.01150e-01
7.76000e-01 5.01150e-01
7.80000e-01 5.01150e-01
7.84000e-01 5.01151e-01
7.88000e-01 5.01152e-01
7.92000e-01 5.01154e-01
7.96000e-01 5.01160e-01
8.00000e-01 5.01174e-01
8.04000e-01 5.01204e-01
8.08000e-01 5.01296e-01
8.12000e-01 5.01669e-01
8.16000e-01 5.03375e-01
8.20000e-01 5.08358e-01
8.24000e-01 5.11741e-01
8.28000e-01 5.11235e-01
8.32000e-01 5.02066e-01
8.36000e-01 4.64831e-01
8.40000e-01 4.30246e-01
8.44000e-01 4.25272e-01
8.48000e-01 4.25488e-01
8.52000e-01 4.27187e-01
8.56000e-01 4.31646e-01
8.60000e-01 4.38294e-01
8.64000e-01 4.44595e-01
8.68000e-01 4.48709e-01
8.72000e-01 4.51003e-01
8.76000e-01 4.52481e-01
8.80000e-01 4.53724e-01
8.84000e-01 4.54969e-01
8.88000e-01 4.56294e-01
8.92000e-01 4.57720e-01
8.96000e-01 4.59262e-01
9.00000e-01 4.60948e-01
9.04000e-01 4.62807e-01
9.08000e-01 4.64849e-01
9.12000e-01 4.67055e-01
9.16000e-01 4.69377e-01
9.20000e-01 4.71746e-01
9.24000e-01 4.74099e-01
9.28000e-01 4.76384e-01
9.32000e-01 4.78577e-01
9.36000e-01 4.80674e-01
9.40000e-01 4.82689e-01
9.44000e-01 4.84642e-01
9.48000e-01 4.86556e-01
9.52000e-01 4.88451e-01
9.56000e-01 4.90340e-01
9.60000e-01 4.92231e-01
9.64000e-01 4.94129e-01
9.68000e-01 4.96036e-01
9.72000e-01 4.97948e-01
9.76000e-01 4.99846e-01
9.80000e-01 5.01679e-01
9.84000e-01 5.03345e-01
9.88000e-01 5.04732e-01
9.92000e-01 5.05800e-01
9.96000e-01 5.06618e-01
1.00000e+00 5.07335e-01
1.00400e+00 5.08154e-01
1.00800e+00 5.09462e-01
1.01200e+00 5.12259e-01
1.01600e+00 5.19035e-01
1.02000e+00 5.31801e-01
1.02400e+00 5.41433e-01
1.02800e+00 5.42595e-01
1.03200e+00 5.41856e-01
1.03600e+00 5.34887e-01
1.04000e+00 5.13088e-01
1.04400e+00 4.96938e-01
1.04800e+00 4.95602e-01
1.05200e+00 4.96822e-01
1.05600e+00 5.00093e-01
1.06000e+00 5.00585e-01
1.06400e+00 4.97609e-01
1.06800e+00 4.79587e-01
1.07200e+00 4.50596e-01
1.07600e+00 4.41847e-01
1.08000e+00 4.41842e-01
1.08400e+00 4.43564e-01
1.08800e+00 4.48174e-01
1.09200e+00 4.51850e-01
1.09600e+00 4.52476e-01
1.10000e+00 4.52490e-01
1.10400e+00 4.52490e-01
1.10800e+00 4.52490e-01
1.11200e+00 4.52490e-01
1.11600e+00 4.52490e-01
1.12000e+00 4.52491e-01
1.12400e+00 4.52494e-01
1.12800e+00 4.52501e-01
1.13200e+00 4.52517e-01
1.13600e+00 4.52552e-01
1.14000e+00 4.52628e-01
1.14400e+00 4.52780e-01
1.14800e+00 4.53067e-01
1.15200e+00 4.53573e-01
1.15600e+00 4.54394e-01
1.16000e+00 4.55603e-01
1.16400e+00 4.57183e-01
1.16800e+00 4.59001e-01
1.17200e+00 4.60887e-01
1.17600e+00 4.62790e-01
1.18000e+00 4.64890e-01
1.18400e+00 4.67671e-01
1.18800e+00 4.72144e-01
1.19200e+00 4.80001e-01
1.19600e+00 4.91164e-01
1.20000e+00 4.98720e-01
1.20400e+00 5.00079e-01
1.20800e+00 5.00116e-01
1.21200e+00 5.00116e-01
1.21600e+00 5.00116e-01
1.22000e+00 5.00116e-01
1.22400e+00 5.00116e-01
1.22800e+00 5.00116e-01
1.23200e+00 5.00116e-01
1.23600e+00 5.00116e-01
1.24000e+00 5.00116e-01
1.24400e+00 5.00116e-01
1.24800e+00 5.00117e-01
1.25200e+00 5.00117e-01
1.25600e+00 5.00120e-01
1.26000e+00 5.00132e-01
1.26400e+00 5.00177e-01
1.26800e+00 5.00354e-01
1.27200e+00 5.01004e-01
1.27600e+00 5.02965e-01
1.28000e+00 5.06301e-01
1.28400e+00 5.08085e-01
1.28800e+00 5.08215e-01
1.29200e+00 5.08118e-01
1.29600e+00 5.07333e-01
1.30000e+00 5.04102e-01
1.30400e+00 4.97882e-01
1.30800e+00 4.94358e-01
1.31200e+00 4.94023e-01
1.31600e+00 4.94045e-01
1.32000e+00 4.94249e-01
1.32400e+00 4.94954e-01
1.32800e+00 4.95934e-01
1.33200e+00 4.96304e-01
1.33600e+00 4.96328e-01
1.34000e+00 4.96328e-01
1.34400e+00 4.96328e-01
1.34800e+00 4.96329e-01
1.35200e+00 4.96332e-01
1.35600e+00 4.96341e-01
1.36000e+00 4.96367e-01
1.36400e+00 4.96432e-01
1.36800e+00 4.96588e-01
1.37200e+00 4.96931e-01
1.37600e+00 4.97596e-01
1.38000e+00 4.98689e-01
1.38400e+00 5.00310e-01
1.38800e+00 5.02848e-01
1.39200e+00 5.07451e-01
1.39600e+00 5.14882e-01
1.40000e+00 5.20505e-01
1.40400e+00 5.21410e-01
1.40800e+00 5.21313e-01
1.41200e+00 5.20021e-01
1.41600e+00 5.12436e-01
1.42000e+00 4.92302e-01
1.42400e+00 4.77082e-01
1.42800e+00 4.75026e-01
1.43200e+00 4.75037e-01
1.43600e+00 4.75296e-01
1.44000e+00 4.75930e-01
1.44400e+00 4.76346e-01
1.44800e+00 4.76402e-01
1.45200e+00 4.76405e-01
1.45600e+00 4.76408e-01
1.46000e+00 4.76417e-01
1.46400e+00 4.76443e-01
1.46800e+00 4.76507e-01
1.47200e+00 4.76643e-01
1.47600e+00 4.76905e-01
1.48000e+00 4.77393e-01
1.48400e+00 4.78334e-01
1.48800e+00 4.80283e-01
1.49200e+00 4.84500e-01
1.49600e+00 4.92617e-01
1.50000e+00 5.01991e-01
1.50400e+00 5.05699e-01
1.50800e+00 5.05988e-01
1.51200e+00 5.05990e-01
1.51600e+00 5.05990e-01
1.52000e+00 5.05990e-01
1.52400e+00 5.05990e-01
1.52800e+00 5.05990e-01
1.53200e+00 5.05992e-01
1.53600e+00 5.05998e-01
1.54000e+00 5.06024e-01
1.54400e+00 5.06143e-01
1.54800e+00 5.06629e-01
1.55200e+00 5.08157e-01
1.55600e+00 5.10427e-01
1.56000e+00 5.11210e-01
1.56400e+00 5.11187e-01
1.56800e+00 5.10619e-01
1.57200e+00 5.07398e-01
1.57600e+00 4.98240e-01
1.58000e+00 4.89283e-01
1.58400e+00 4.87391e-01
1.58800e+00 4.87351e-01
1.59200e+00 4.87386e-01
1.59600e+00 4.87596e-01
1.60000e+00 4.88306e-01
1.60400e+00 4.90214e-01
1.60800e+00 4.94769e-01
1.61200e+00 5.04370e-01
1.61600e+00 5.18455e-01
1.62000e+00 5.27112e-01
1.62400e+00 5.28374e-01
1.62800e+00 5.28398e-01
1.63200e+00 5.28398e-01
1.63600e+00 5.28398e-01
1.64000e+00 5.28398e-01
1.64400e+00 5.28398e-01
1.64800e+00 5.28398e-01
1.65200e+00 5.28398e-01
1.65600e+00 5.28398e-01
1.66000e+00 5.28398e-01
1.66400e+00 5.28398e-01
1.66800e+00 5.28398e-01
1.67200e+00 5.28398e-01
1.67600e+00 5.28398e-01
1.68000e+00 5.28398e-01
1.68400e+00 5.28398e-01
1.68800e+00 5.28398e-01
1.69200e+00 5.28398e-01
1.69600e+00 5.28398e-01
1.70000e+00 5.28398e-01
1.70400e+00 5.28400e-01
1.70800e+00 5.28407e-01
1.71200e+00 5.28433e-01
1.71600e+00 5.28539e-01
1.72000e+00 5.28950e-01
1.72400e+00 5.30391e-01
1.72800e+00 5.34054e-01
1.73200e+00 5.38379e-01
1.73600e+00 5.39764e-01
1.74000e+00 5.39835e-01
1.74400e+00 5.39836e-01
1.74800e+00 5.39836e-01
1.75200e+00 5.39839e-01
1.75600e+00 5.39856e-01
1.76000e+00 5.39924e-01
1.76400e+00 5.39979e-01
1.76800e+00 5.39969e-01
1.77200e+00 5.39742e-01
1.77600e+00 5.37613e-01
1.78000e+00 5.24538e-01
1.78400e+00 4.91348e-01
1.78800e+00 4.71191e-01
1.79200e+00 4.69488e-01
1.79600e+00 4.69799e-01
1.80000e+00 4.71937e-01
1.80400e+00 4.78634e-01
1.80800e+00 4.89485e-01
1.81200e+00 4.95469e-01
1.81600e+00 4.96027e-01
1.82000e+00 4.95894e-01
1.82400e+00 4.94589e-01
1.82800e+00 4.88299e-01
1.83200e+00 4.73899e-01
1.83600e+00 4.63914e-01
1.84000e+00 4.62625e-01
1.84400e+00 4.62634e-01
1.84800e+00 4.62844e-01
1.85200e+00 4.63785e-01
1.85600e+00 4.66596e-01
1.86000e+00 4.71984e-01
1.86400e+00 4.76515e-01
1.86800e+00 4.77519e-01
1.87200e+00 4.77553e-01
1.87600e+00 4.77553e-01
1.88000e+00 4.77553e-01
1.88400e+00 4.77553e-01
1.88800e+00 4.77553e-01
1.89200e+00 4.77553e-01
1.89600e+00 4.77553e-01
1.90000e+00 4.77553e-01
1.90400e+00 4.77553e-01
1.90800e+00 4.77554e-01
1.91200e+00 4.77556e-01
1.91600e+00 4.77568e-01
1.92000e+00 4.77625e-01
1.92400e+00 4.77852e-01
1.92800e+00 4.78360e-01
1.93200e+00 4.78646e-01
1.93600e+00 4.78638e-01
1.94000e+00 4.78347e-01
1.94400e+00 4.76505e-01
1.94800e+00 4.69298e-01
1.95200e+00 4.56279e-01
1.95600e+00 4.49727e-01
1.96000e+00 4.49250e-01
1.96400e+00 4.49395e-01
1.96800e+00 4.50367e-01
1.97200e+00 4.53623e-01
1.97600e+00 4.60417e-01
1.98000e+00 4.67155e-01
1.98400e+00 4.69108e-01
1.98800e+00 4.69206e-01
1.99200e+00 4.69207e-01
1.99600e+00 4.69207e-01
