0.00000e+00 4.64998e-01
4.00000e-03 4.64998e-01
8.00000e-03 4.64998e-01
1.20000e-02 4.64997e-01
1.60000e-02 4.64984e-01
2.00000e-02 4.64903e-01
2.40000e-02 4.64622e-01
2.80000e-02 4.64215e-01
3.20000e-02 4.64006e-01
3.60000e-02 4.63915e-01
4.00000e-02 4.63765e-01
4.40000e-02 4.63280e-01
4.80000e-02 4.62103e-01
5.20000e-02 4.60689e-01
5.60000e-02 4.59891e-01
6.00000e-02 4.59405e-01
6.40000e-02 4.58589e-01
6.80000e-02 4.56570e-01
7.20000e-02 4.53958e-01
7.60000e-02 4.53198e-01
8.00000e-02 4.53241e-01
8.40000e-02 4.53766e-01
8.80000e-02 4.55778e-01
9.20000e-02 4.60637e-01
9.60000e-02 4.69349e-01
1.00000e-01 4.82218e-01
1.04000e-01 4.99704e-01
1.08000e-01 5.23882e-01
1.12000e-01 5.56241e-01
1.16000e-01 5.83978e-01
1.20000e-01 5.91714e-01
1.24000e-01 5.92032e-01
1.28000e-01 5.91901e-01
1.32000e-01 5.90048e-01
1.36000e-01 5.76712e-01
1.40000e-01 5.42102e-01
1.44000e-01 5.23133e-01
1.48000e-01 5.22127e-01
1.52000e-01 5.23478e-01
1.56000e-01 5.27147e-01
1.60000e-01 5.27703e-01
1.64000e-01 5.23730e-01
1.68000e-01 4.97258e-01
1.72000e-01 4.55041e-01
1.76000e-01 4.43349e-01
1.80000e-01 4.43308e-01
1.84000e-01 4.45034e-01
1.88000e-01 4.50477e-01
1.92000e-01 4.59898e-01
1.96000e-01 4.71624e-01
2.00000e-01 4.84919e-01
2.04000e-01 5.02092e-01
2.08000e-01 5.26866e-01
2.12000e-01 5.50033e-01
2.16000e-01 5.55269e-01
2.20000e-01 5.54134e-01
2.24000e-01 5.38061e-01
2.28000e-01 4.82838e-01
2.32000e-01 4.45974e-01
2.36000e-01 4.42530e-01
2.40000e-01 4.42607e-01
2.44000e-01 4.43265e-01
2.48000e-01 4.45198e-01
2.52000e-01 4.48823e-01
2.56000e-01 4.54046e-01
2.60000e-01 4.60429e-01
2.64000e-01 4.67525e-01
2.68000e-01 4.75240e-01
2.72000e-01 4.84158e-01
2.76000e-01 4.95894e-01
2.80000e-01 5.12803e-01
2.84000e-01 5.32522e-01
2.88000e-01 5.42863e-01
2.92000e-01 5.44172e-01
2.96000e-01 5.44194e-01
3.00000e-01 5.44194e-01
3.04000e-01 5.44191e-01
3.08000e-01 5.44174e-01
3.12000e-01 5.44075e-01
3.16000e-01 5.43575e-01
3.20000e-01 5.41606e-01
3.24000e-01 5.37461e-01
3.28000e-01 5.34705e-01
3.32000e-01 5.34356e-01
3.36000e-01 5.34354e-01
3.40000e-01 5.34368e-01
3.44000e-01 5.34453e-01
3.48000e-01 5.34857e-01
3.52000e-01 5.36775e-01
3.56000e-01 5.44494e-01
3.60000e-01 5.56642e-01
3.64000e-01 5.58421e-01
3.68000e-01 5.49403e-01
3.72000e-01 4.95058e-01
3.76000e-01 4.38468e-01
3.80000e-01 4.30011e-01
3.84000e-01 4.30016e-01
3.88000e-01 4.30683e-01
3.92000e-01 4.32602e-01
3.96000e-01 4.35770e-01
4.00000e-01 4.39655e-01
4.04000e-01 4.43816e-01
4.08000e-01 4.48109e-01
4.12000e-01 4.52533e-01
4.16000e-01 4.57078e-01
4.20000e-01 4.61697e-01
4.24000e-01 4.66329e-01
4.28000e-01 4.70935e-01
4.32000e-01 4.75495e-01
4.36000e-01 4.80005e-01
4.40000e-01 4.84460e-01
4.44000e-01 4.88847e-01
4.48000e-01 4.93141e-01
4.52000e-01 4.97310e-01
4.56000e-01 5.01319e-01
4.60000e-01 5.05149e-01
4.64000e-01 5.08823e-01
4.68000e-01 5.12439e-01
4.72000e-01 5.16237e-01
4.76000e-01 5.20759e-01
4.80000e-01 5.27247e-01
4.84000e-01 5.38440e-01
4.88000e-01 5.57254e-01
4.92000e-01 5.74743e-01
4.96000e-01 5.78786e-01
5.00000e-01 5.78600e-01
5.04000e-01 5.73498e-01
5.08000e-01 5.37605e-01
5.12000e-01 4.76830e-01
5.16000e-01 4.59668e-01
5.20000e-01 4.59342e-01
5.24000e-01 4.60161e-01
5.28000e-01 4.63316e-01
5.32000e-01 4.70023e-01
5.36000e-01 4.81404e-01
5.40000e-01 4.98012e-01
5.44000e-01 5.13434e-01
5.48000e-01 5.18560e-01
5.52000e-01 5.18900e-01
5.56000e-01 5.18902e-01
5.60000e-01 5.18902e-01
5.64000e-01 5.18902e-01
5.68000e-01 5.18903e-01
5.72000e-01 5.18906e-01
5.76000e-01 5.18924e-01
5.80000e-01 5.19037e-01
5.84000e-01 5.19660e-01
5.88000e-01 5.21554e-01
5.92000e-01 5.22773e-01
5.96000e-01 5.22566e-01
6.00000e-01 5.18799e-01
6.04000e-01 4.97625e-01
6.08000e-01 4.60510e-01
6.12000e-01 4.46932e-01
6.16000e-01 4.46314e-01
6.20000e-01 4.46427e-01
6.24000e-01 4.47074e-01
6.28000e-01 4.48803e-01
6.32000e-01 4.51887e-01
6.36000e-01 4.56097e-01
6.40000e-01 4.60954e-01
6.44000e-01 4.66293e-01
6.48000e-01 4.72669e-01
6.52000e-01 4.81559e-01
6.56000e-01 4.94811e-01
6.60000e-01 5.09489e-01
6.64000e-01 5.16149e-01
6.68000e-01 5.16831e-01
6.72000e-01 5.16840e-01
6.76000e-01 5.16840e-01
6.80000e-01 5.16841e-01
6.84000e-01 5.16844e-01
6.88000e-01 5.16861e-01
6.92000e-01 5.16876e-01
6.96000e-01 5.16873e-01
7.00000e-01 5.16811e-01
7.04000e-01 5.16211e-01
7.08000e-01 5.11616e-01
7.12000e-01 4.89853e-01
7.16000e-01 4.54413e-01
7.20000e-01 4.42291e-01
7.24000e-01 4.41884e-01
7.28000e-01 4.42312e-01
7.32000e-01 4.44268e-01
7.36000e-01 4.48623e-01
7.40000e-01 4.54876e-01
7.44000e-01 4.61363e-01
7.48000e-01 4.67175e-01
7.52000e-01 4.73053e-01
7.56000e-01 4.80705e-01
7.60000e-01 4.90952e-01
7.64000e-01 4.99056e-01
7.68000e-01 5.01063e-01
7.72000e-01 5.01150e-01
7.76000e-01 5.01150e-01
7.80000e-01 5.01150e-01
7.84000e-01 5.01150e-01
7.88000e-01 5.01150e-01
7.92000e-01 5.01150e-01
7.96000e-01 5.01150e-01
8.00000e-01 5.01150e-01
8.04000e-01 5.01150e-01
8.08000e-01 5.01150e-01
8.12000e-01 5.01151e-01
8.16000e-01 5.01153e-01
8.20000e-01 5.01157e-01
8.24000e-01 5.01165e-01
8.28000e-01 5.01188e-01
8.32000e-01 5.01272e-01
8.36000e-01 5.01676e-01
8.40000e-01 5.03548e-01
8.44000e-01 5.07726e-01
8.48000e-01 5.09171e-01
8.52000e-01 5.07893e-01
8.56000e-01 4.94739e-01
8.60000e-01 4.55040e-01
8.64000e-01 4.28720e-01
8.68000e-01 4.26334e-01
8.72000e-01 4.26721e-01
8.76000e-01 4.28907e-01
8.80000e-01 4.34041e-01
8.84000e-01 4.41070e-01
8.88000e-01 4.47032e-01
8.92000e-01 4.50401e-01
8.96000e-01 4.52100e-01
9.00000e-01 4.53221e-01
9.04000e-01 4.54262e-01
9.08000e-01 4.55406e-01
9.12000e-01 4.56696e-01
9.16000e-01 4.58122e-01
9.20000e-01 4.59675e-01
9.24000e-01 4.61367e-01
9.28000e-01 4.63221e-01
9.32000e-01 4.65250e-01
9.36000e-01 4.67434e-01
9.40000e-01 4.69727e-01
9.44000e-01 4.72062e-01
9.48000e-01 4.74373e-01
9.52000e-01 4.76610e-01
9.56000e-01 4.78750e-01
9.60000e-01 4.80792e-01
9.64000e-01 4.82750e-01
9.68000e-01 4.84647e-01
9.72000e-01 4.86507e-01
9.76000e-01 4.88348e-01
9.80000e-01 4.90187e-01
9.84000e-01 4.92029e-01
9.88000e-01 4.93880e-01
9.92000e-01 4.95743e-01
9.96000e-01 4.97620e-01
1.00000e+00 4.99506e-01
1.00400e+00 5.01362e-01
1.00800e+00 5.03093e-01
1.01200e+00 5.04562e-01
1.01600e+00 5.05682e-01
1.02000e+00 5.06496e-01
1.02400e+00 5.07145e-01
1.02800e+00 5.07808e-01
1.03200e+00 5.08759e-01
1.03600e+00 5.10651e-01
1.04000e+00 5.15254e-01
1.04400e+00 5.25581e-01
1.04800e+00 5.37826e-01
1.05200e+00 5.41339e-01
1.05600e+00 5.41180e-01
1.06000e+00 5.37982e-01
1.06400e+00 5.22806e-01
1.06800e+00 5.02279e-01
1.07200e+00 4.97525e-01
1.07600e+00 4.97754e-01
1.08000e+00 4.98474e-01
1.08400e+00 4.98237e-01
1.08800e+00 4.93893e-01
1.09200e+00 4.74146e-01
1.09600e+00 4.48908e-01
1.10000e+00 4.43133e-01
1.10400e+00 4.43290e-01
1.10800e+00 4.45149e-01
1.11200e+00 4.49386e-01
1.11600e+00 4.52133e-01
1.12000e+00 4.52485e-01
1.12400e+00 4.52490e-01
1.12800e+00 4.52490e-01
1.13200e+00 4.52490e-01
1.13600e+00 4.52490e-01
1.14000e+00 4.52490e-01
1.14400e+00 4.52492e-01
1.14800e+00 4.52495e-01
1.15200e+00 4.52504e-01
1.15600e+00 4.52523e-01
1.16000e+00 4.52565e-01
1.16400e+00 4.52654e-01
1.16800e+00 4.52830e-01
1.17200e+00 4.53156e-01
1.17600e+00 4.53720e-01
1.18000e+00 4.54620e-01
1.18400e+00 4.55915e-01
1.18800e+00 4.57569e-01
1.19200e+00 4.59422e-01
1.19600e+00 4.61299e-01
1.20000e+00 4.63167e-01
1.20400e+00 4.65228e-01
1.20800e+00 4.67983e-01
1.21200e+00 4.72465e-01
1.21600e+00 4.80374e-01
1.22000e+00 4.91501e-01
1.22400e+00 4.98825e-01
1.22800e+00 5.00084e-01
1.23200e+00 5.00116e-01
1.23600e+00 5.00116e-01
1.24000e+00 5.00116e-01
1.24400e+00 5.00116e-01
1.24800e+00 5.00116e-01
1.25200e+00 5.00116e-01
1.25600e+00 5.00116e-01
1.26000e+00 5.00116e-01
1.26400e+00 5.00116e-01
1.26800e+00 5.00116e-01
1.27200e+00 5.00117e-01
1.27600e+00 5.00117e-01
1.28000e+00 5.00119e-01
1.28400e+00 5.00128e-01
1.28800e+00 5.00162e-01
1.29200e+00 5.00293e-01
1.29600e+00 5.00788e-01
1.30000e+00 5.02371e-01
1.30400e+00 5.05534e-01
1.30800e+00 5.07790e-01
1.31200e+00 5.08073e-01
1.31600e+00 5.08020e-01
1.32000e+00 5.07499e-01
1.32400e+00 5.05064e-01
1.32800e+00 4.99303e-01
1.33200e+00 4.94799e-01
1.33600e+00 4.94107e-01
1.34000e+00 4.94111e-01
1.34400e+00 4.94241e-01
1.34800e+00 4.94782e-01
1.35200e+00 4.95750e-01
1.35600e+00 4.96273e-01
1.36000e+00 4.96327e-01
1.36400e+00 4.96328e-01
1.36800e+00 4.96329e-01
1.37200e+00 4.96329e-01
1.37600e+00 4.96331e-01
1.38000e+00 4.96337e-01
1.38400e+00 4.96355e-01
1.38800e+00 4.96403e-01
1.39200e+00 4.96518e-01
1.39600e+00 4.96777e-01
1.40000e+00 4.97287e-01
1.40400e+00 4.98152e-01
1.40800e+00 4.99485e-01
1.41200e+00 5.01665e-01
1.41600e+00 5.05796e-01
1.42000e+00 5.13065e-01
1.42400e+00 5.19622e-01
1.42800e+00 5.21054e-01
1.43200e+00 5.21014e-01
1.43600e+00 5.20108e-01
1.44000e+00 5.14250e-01
1.44400e+00 4.96044e-01
1.44800e+00 4.78544e-01
1.45200e+00 4.75240e-01
1.45600e+00 4.75202e-01
1.46000e+00 4.75361e-01
1.46400e+00 4.75870e-01
1.46800e+00 4.76318e-01
1.47200e+00 4.76403e-01
1.47600e+00 4.76408e-01
1.48000e+00 4.76411e-01
1.48400e+00 4.76419e-01
1.48800e+00 4.76441e-01
1.49200e+00 4.76497e-01
1.49600e+00 4.76619e-01
1.50000e+00 4.76860e-01
1.50400e+00 4.77313e-01
1.50800e+00 4.78189e-01
1.51200e+00 4.80001e-01
1.51600e+00 4.83937e-01
1.52000e+00 4.91697e-01
1.52400e+00 5.01302e-01
1.52800e+00 5.05590e-01
1.53200e+00 5.05986e-01
1.53600e+00 5.05990e-01
1.54000e+00 5.05990e-01
1.54400e+00 5.05990e-01
1.54800e+00 5.05990e-01
1.55200e+00 5.05990e-01
1.55600e+00 5.05991e-01
1.56000e+00 5.05995e-01
1.56400e+00 5.06015e-01
1.56800e+00 5.06100e-01
1.57200e+00 5.06459e-01
1.57600e+00 5.07680e-01
1.58000e+00 5.09870e-01
1.58400e+00 5.10925e-01
1.58800e+00 5.10949e-01
1.59200e+00 5.10590e-01
1.59600e+00 5.08256e-01
1.60000e+00 5.00458e-01
1.60400e+00 4.90538e-01
1.60800e+00 4.87516e-01
1.61200e+00 4.87394e-01
1.61600e+00 4.87413e-01
1.62000e+00 4.87552e-01
1.62400e+00 4.88063e-01
1.62800e+00 4.89490e-01
1.63200e+00 4.92981e-01
1.63600e+00 5.00705e-01
1.64000e+00 5.13994e-01
1.64400e+00 5.25476e-01
1.64800e+00 5.28287e-01
1.65200e+00 5.28398e-01
1.65600e+00 5.28398e-01
1.66000e+00 5.28398e-01
1.66400e+00 5.28398e-01
1.66800e+00 5.28398e-01
1.67200e+00 5.28398e-01
1.67600e+00 5.28398e-01
1.68000e+00 5.28398e-01
1.68400e+00 5.28398e-01
1.68800e+00 5.28398e-01
1.69200e+00 5.28398e-01
1.69600e+00 5.28398e-01
1.70000e+00 5.28398e-01
1.70400e+00 5.28398e-01
1.70800e+00 5.28398e-01
1.71200e+00 5.28398e-01
1.71600e+00 5.28398e-01
1.72000e+00 5.28398e-01
1.72400e+00 5.28398e-01
1.72800e+00 5.28399e-01
1.73200e+00 5.28402e-01
1.73600e+00 5.28413e-01
1.74000e+00 5.28457e-01
1.74400e+00 5.28634e-01
1.74800e+00 5.29302e-01
1.75200e+00 5.31461e-01
1.75600e+00 5.35851e-01
1.76000e+00 5.39237e-01
1.76400e+00 5.39822e-01
1.76800e+00 5.39836e-01
1.77200e+00 5.39837e-01
1.77600e+00 5.39838e-01
1.78000e+00 5.39849e-01
1.78400e+00 5.39895e-01
1.78800e+00 5.39932e-01
1.79200e+00 5.39926e-01
1.79600e+00 5.39777e-01
1.80000e+00 5.38354e-01
1.80400e+00 5.28771e-01
1.80800e+00 4.98597e-01
1.81200e+00 4.73616e-01
1.81600e+00 4.70318e-01
1.82000e+00 4.70524e-01
1.82400e+00 4.72324e-01
1.82800e+00 4.78452e-01
1.83200e+00 4.88966e-01
1.83600e+00 4.95107e-01
1.84000e+00 4.95717e-01
1.84400e+00 4.95573e-01
1.84800e+00 4.94164e-01
1.85200e+00 4.87519e-01
1.85600e+00 4.73068e-01
1.86000e+00 4.63812e-01
1.86400e+00 4.62749e-01
1.86800e+00 4.62768e-01
1.87200e+00 4.63021e-01
1.87600e+00 4.64115e-01
1.88000e+00 4.67259e-01
1.88400e+00 4.72816e-01
1.88800e+00 4.76826e-01
1.89200e+00 4.77535e-01
1.89600e+00 4.77553e-01
1.90000e+00 4.77553e-01
1.90400e+00 4.77553e-01
1.90800e+00 4.77553e-01
1.91200e+00 4.77553e-01
1.91600e+00 4.77553e-01
1.92000e+00 4.77553e-01
1.92400e+00 4.77553e-01
1.92800e+00 4.77554e-01
1.93200e+00 4.77554e-01
1.93600e+00 4.77558e-01
1.94000e+00 4.77576e-01
1.94400e+00 4.77658e-01
1.94800e+00 4.77949e-01
1.95200e+00 4.78401e-01
1.95600e+00 4.78526e-01
1.96000e+00 4.78478e-01
1.96400e+00 4.77969e-01
1.96800e+00 4.75194e-01
1.97200e+00 4.66038e-01
1.97600e+00 4.53714e-01
1.98000e+00 4.49675e-01
1.98400e+00 4.49552e-01
1.98800e+00 4.49765e-01
1.99200e+00 4.53148e-01
1.99600e+00 4.53468e-01
