0.00000e+00 4.11022e-01
4.00000e-03 4.11023e-01
8.00000e-03 4.11042e-01
1.20000e-02 4.11287e-01
1.60000e-02 4.12993e-01
2.00000e-02 4.20113e-01
2.40000e-02 4.37616e-01
2.80000e-02 4.57777e-01
3.20000e-02 4.64583e-01
3.60000e-02 4.64958e-01
4.00000e-02 4.64948e-01
4.40000e-02 4.64857e-01
4.80000e-02 4.64589e-01
5.20000e-02 4.64235e-01
5.60000e-02 4.64004e-01
6.00000e-02 4.63850e-01
6.40000e-02 4.63614e-01
6.80000e-02 4.63044e-01
7.20000e-02 4.61928e-01
7.60000e-02 4.60675e-01
8.00000e-02 4.59802e-01
8.40000e-02 4.59028e-01
8.80000e-02 4.57677e-01
9.20000e-02 4.55285e-01
9.60000e-02 4.53604e-01
1.00000e-01 4.53422e-01
1.04000e-01 4.53521e-01
1.08000e-01 4.54176e-01
1.12000e-01 4.56279e-01
1.16000e-01 4.60908e-01
1.20000e-01 4.68703e-01
1.24000e-01 4.79552e-01
1.28000e-01 4.93194e-01
1.32000e-01 5.10459e-01
1.36000e-01 5.34090e-01
1.40000e-01 5.64653e-01
1.44000e-01 5.87083e-01
1.48000e-01 5.91746e-01
1.52000e-01 5.91851e-01
1.56000e-01 5.91627e-01
1.60000e-01 5.88864e-01
1.64000e-01 5.71680e-01
1.68000e-01 5.37449e-01
1.72000e-01 5.24533e-01
1.76000e-01 5.24307e-01
1.80000e-01 5.25026e-01
1.84000e-01 5.24979e-01
1.88000e-01 5.20782e-01
1.92000e-01 4.95686e-01
1.96000e-01 4.56079e-01
2.00000e-01 4.44865e-01
2.04000e-01 4.44789e-01
2.08000e-01 4.46289e-01
2.12000e-01 4.51207e-01
2.16000e-01 4.59913e-01
2.20000e-01 4.70752e-01
2.24000e-01 4.82676e-01
2.28000e-01 4.97500e-01
2.32000e-01 5.19376e-01
2.36000e-01 5.43742e-01
2.40000e-01 5.51785e-01
2.44000e-01 5.51279e-01
2.48000e-01 5.39880e-01
2.52000e-01 4.91221e-01
2.56000e-01 4.48622e-01
2.60000e-01 4.43022e-01
2.64000e-01 4.43062e-01
2.68000e-01 4.43737e-01
2.72000e-01 4.45820e-01
2.76000e-01 4.49723e-01
2.80000e-01 4.55173e-01
2.84000e-01 4.61537e-01
2.88000e-01 4.68290e-01
2.92000e-01 4.75321e-01
2.96000e-01 4.83099e-01
3.00000e-01 4.92919e-01
3.04000e-01 5.07099e-01
3.08000e-01 5.26249e-01
3.12000e-01 5.40784e-01
3.16000e-01 5.44071e-01
3.20000e-01 5.44193e-01
3.24000e-01 5.44193e-01
3.28000e-01 5.44193e-01
3.32000e-01 5.44187e-01
3.36000e-01 5.44156e-01
3.40000e-01 5.43987e-01
3.44000e-01 5.43180e-01
3.48000e-01 5.40444e-01
3.52000e-01 5.36227e-01
3.56000e-01 5.34478e-01
3.60000e-01 5.34364e-01
3.64000e-01 5.34365e-01
3.68000e-01 5.34390e-01
3.72000e-01 5.34554e-01
3.76000e-01 5.35534e-01
3.80000e-01 5.40329e-01
3.84000e-01 5.49601e-01
3.88000e-01 5.51416e-01
3.92000e-01 5.44843e-01
3.96000e-01 4.99547e-01
4.00000e-01 4.41901e-01
4.04000e-01 4.30752e-01
4.08000e-01 4.30684e-01
4.12000e-01 4.31386e-01
4.16000e-01 4.33544e-01
4.20000e-01 4.37127e-01
4.24000e-01 4.41373e-01
4.28000e-01 4.45675e-01
4.32000e-01 4.49899e-01
4.36000e-01 4.54134e-01
4.40000e-01 4.58446e-01
4.44000e-01 4.62827e-01
4.48000e-01 4.67225e-01
4.52000e-01 4.71596e-01
4.56000e-01 4.75921e-01
4.60000e-01 4.80195e-01
4.64000e-01 4.84422e-01
4.68000e-01 4.88595e-01
4.72000e-01 4.92695e-01
4.76000e-01 4.96694e-01
4.80000e-01 5.00557e-01
4.84000e-01 5.04253e-01
4.88000e-01 5.07774e-01
4.92000e-01 5.11151e-01
4.96000e-01 5.14504e-01
5.00000e-01 5.18110e-01
5.04000e-01 5.22623e-01
5.08000e-01 5.29620e-01
5.12000e-01 5.42504e-01
5.16000e-01 5.62707e-01
5.20000e-01 5.75941e-01
5.24000e-01 5.77221e-01
5.28000e-01 5.75439e-01
5.32000e-01 5.55269e-01
5.36000e-01 4.95428e-01
5.40000e-01 4.62501e-01
5.44000e-01 4.60351e-01
5.48000e-01 4.60784e-01
5.52000e-01 4.63129e-01
5.56000e-01 4.68996e-01
5.60000e-01 4.79758e-01
5.64000e-01 4.96206e-01
5.68000e-01 5.12469e-01
5.72000e-01 5.18443e-01
5.76000e-01 5.18898e-01
5.80000e-01 5.18902e-01
5.84000e-01 5.18902e-01
5.88000e-01 5.18902e-01
5.92000e-01 5.18903e-01
5.96000e-01 5.18905e-01
6.00000e-01 5.18919e-01
6.04000e-01 5.19011e-01
6.08000e-01 5.19531e-01
6.12000e-01 5.21020e-01
6.16000e-01 5.21810e-01
6.20000e-01 5.21542e-01
6.24000e-01 5.17652e-01
6.28000e-01 4.96557e-01
6.32000e-01 4.60260e-01
6.36000e-01 4.47158e-01
6.40000e-01 4.46578e-01
6.44000e-01 4.46704e-01
6.48000e-01 4.47414e-01
6.52000e-01 4.49279e-01
6.56000e-01 4.52543e-01
6.60000e-01 4.56882e-01
6.64000e-01 4.61727e-01
6.68000e-01 4.66887e-01
6.72000e-01 4.72906e-01
6.76000e-01 4.81214e-01
6.80000e-01 4.93760e-01
6.84000e-01 5.08470e-01
6.88000e-01 5.15928e-01
6.92000e-01 5.16826e-01
6.96000e-01 5.16840e-01
7.00000e-01 5.16841e-01
7.04000e-01 5.16841e-01
7.08000e-01 5.16846e-01
7.12000e-01 5.16858e-01
7.16000e-01 5.16863e-01
7.20000e-01 5.16857e-01
7.24000e-01 5.16770e-01
7.28000e-01 5.15989e-01
7.32000e-01 5.10287e-01
7.36000e-01 4.85843e-01
7.40000e-01 4.52044e-01
7.44000e-01 4.42690e-01
7.48000e-01 4.42500e-01
7.52000e-01 4.43013e-01
7.56000e-01 4.45136e-01
7.60000e-01 4.49638e-01
7.64000e-01 4.55907e-01
7.68000e-01 4.62283e-01
7.72000e-01 4.67991e-01
7.76000e-01 4.73863e-01
7.80000e-01 4.81621e-01
7.84000e-01 4.91837e-01
7.88000e-01 4.99408e-01
7.92000e-01 5.01087e-01
7.96000e-01 5.01150e-01
8.00000e-01 5.01150e-01
8.04000e-01 5.01150e-01
8.08000e-01 5.01150e-01
8.12000e-01 5.01150e-01
8.16000e-01 5.01150e-01
8.20000e-01 5.01150e-01
8.24000e-01 5.01150e-01
8.28000e-01 5.01150e-01
8.32000e-01 5.01150e-01
8.36000e-01 5.01151e-01
8.40000e-01 5.01152e-01
8.44000e-01 5.01154e-01
8.48000e-01 5.01160e-01
8.52000e-01 5.01180e-01
8.56000e-01 5.01268e-01
8.60000e-01 5.01744e-01
8.64000e-01 5.03770e-01
8.68000e-01 5.06710e-01
8.72000e-01 5.07005e-01
8.76000e-01 5.04550e-01
8.80000e-01 4.86396e-01
8.84000e-01 4.46526e-01
8.88000e-01 4.28305e-01
8.92000e-01 4.27403e-01
8.96000e-01 4.28005e-01
9.00000e-01 4.30773e-01
9.04000e-01 4.36603e-01
9.08000e-01 4.43861e-01
9.12000e-01 4.49216e-01
9.16000e-01 4.51762e-01
9.20000e-01 4.52948e-01
9.24000e-01 4.53797e-01
9.28000e-01 4.54692e-01
9.32000e-01 4.55773e-01
9.36000e-01 4.57057e-01
9.40000e-01 4.58502e-01
9.44000e-01 4.60076e-01
9.48000e-01 4.61778e-01
9.52000e-01 4.63629e-01
9.56000e-01 4.65642e-01
9.60000e-01 4.67803e-01
9.64000e-01 4.70067e-01
9.68000e-01 4.72367e-01
9.72000e-01 4.74638e-01
9.76000e-01 4.76829e-01
9.80000e-01 4.78918e-01
9.84000e-01 4.80906e-01
9.88000e-01 4.82809e-01
9.92000e-01 4.84652e-01
9.96000e-01 4.86459e-01
1.00000e+00 4.88251e-01
1.00400e+00 4.90040e-01
1.00800e+00 4.91835e-01
1.01200e+00 4.93640e-01
1.01600e+00 4.95458e-01
1.02000e+00 4.97295e-01
1.02400e+00 4.99157e-01
1.02800e+00 5.01025e-01
1.03200e+00 5.02817e-01
1.03600e+00 5.04381e-01
1.04000e+00 5.05578e-01
1.04400e+00 5.06411e-01
1.04800e+00 5.07017e-01
1.05200e+00 5.07570e-01
1.05600e+00 5.08280e-01
1.06000e+00 5.09579e-01
1.06400e+00 5.12655e-01
1.06800e+00 5.20247e-01
1.07200e+00 5.32828e-01
1.07600e+00 5.39752e-01
1.08000e+00 5.40149e-01
1.08400e+00 5.38951e-01
1.08800e+00 5.30430e-01
1.09200e+00 5.10497e-01
1.09600e+00 4.99283e-01
1.10000e+00 4.98127e-01
1.10400e+00 4.97878e-01
1.10800e+00 4.96868e-01
1.11200e+00 4.90361e-01
1.11600e+00 4.68677e-01
1.12000e+00 4.47709e-01
1.12400e+00 4.44305e-01
1.12800e+00 4.44573e-01
1.13200e+00 4.46515e-01
1.13600e+00 4.50295e-01
1.14000e+00 4.52294e-01
1.14400e+00 4.52488e-01
1.14800e+00 4.52490e-01
1.15200e+00 4.52490e-01
1.15600e+00 4.52490e-01
1.16000e+00 4.52490e-01
1.16400e+00 4.52491e-01
1.16800e+00 4.52492e-01
1.17200e+00 4.52497e-01
1.17600e+00 4.52507e-01
1.18000e+00 4.52530e-01
1.18400e+00 4.52581e-01
1.18800e+00 4.52685e-01
1.19200e+00 4.52887e-01
1.19600e+00 4.53256e-01
1.20000e+00 4.53883e-01
1.20400e+00 4.54864e-01
1.20800e+00 4.56247e-01
1.21200e+00 4.57971e-01
1.21600e+00 4.59852e-01
1.22000e+00 4.61712e-01
1.22400e+00 4.63539e-01
1.22800e+00 4.65557e-01
1.23200e+00 4.68283e-01
1.23600e+00 4.72771e-01
1.24000e+00 4.80724e-01
1.24400e+00 4.91811e-01
1.24800e+00 4.98917e-01
1.25200e+00 5.00088e-01
1.25600e+00 5.00116e-01
1.26000e+00 5.00116e-01
1.26400e+00 5.00116e-01
1.26800e+00 5.00116e-01
1.27200e+00 5.00116e-01
1.27600e+00 5.00116e-01
1.28000e+00 5.00116e-01
1.28400e+00 5.00116e-01
1.28800e+00 5.00116e-01
1.29200e+00 5.00116e-01
1.29600e+00 5.00117e-01
1.30000e+00 5.00117e-01
1.30400e+00 5.00119e-01
1.30800e+00 5.00125e-01
1.31200e+00 5.00150e-01
1.31600e+00 5.00248e-01
1.32000e+00 5.00622e-01
1.32400e+00 5.01878e-01
1.32800e+00 5.04751e-01
1.33200e+00 5.07413e-01
1.33600e+00 5.07931e-01
1.34000e+00 5.07909e-01
1.34400e+00 5.07572e-01
1.34800e+00 5.05791e-01
1.35200e+00 5.00746e-01
1.35600e+00 4.95450e-01
1.36000e+00 4.94204e-01
1.36400e+00 4.94181e-01
1.36800e+00 4.94258e-01
1.37200e+00 4.94656e-01
1.37600e+00 4.95547e-01
1.38000e+00 4.96218e-01
1.38400e+00 4.96326e-01
1.38800e+00 4.96329e-01
1.39200e+00 4.96329e-01
1.39600e+00 4.96329e-01
1.40000e+00 4.96330e-01
1.40400e+00 4.96335e-01
1.40800e+00 4.96347e-01
1.41200e+00 4.96381e-01
1.41600e+00 4.96467e-01
1.42000e+00 4.96661e-01
1.42400e+00 4.97050e-01
1.42800e+00 4.97727e-01
1.43200e+00 4.98809e-01
1.43600e+00 5.00640e-01
1.44000e+00 5.04236e-01
1.44400e+00 5.11090e-01
1.44800e+00 5.18478e-01
1.45200e+00 5.20672e-01
1.45600e+00 5.20694e-01
1.46000e+00 5.20079e-01
1.46400e+00 5.15635e-01
1.46800e+00 4.99691e-01
1.47200e+00 4.80444e-01
1.47600e+00 4.75481e-01
1.48000e+00 4.75348e-01
1.48400e+00 4.75441e-01
1.48800e+00 4.75831e-01
1.49200e+00 4.76282e-01
1.49600e+00 4.76404e-01
1.50000e+00 4.76412e-01
1.50400e+00 4.76414e-01
1.50800e+00 4.76421e-01
1.51200e+00 4.76439e-01
1.51600e+00 4.76489e-01
1.52000e+00 4.76599e-01
1.52400e+00 4.76819e-01
1.52800e+00 4.77238e-01
1.53200e+00 4.78053e-01
1.53600e+00 4.79738e-01
1.54000e+00 4.83406e-01
1.54400e+00 4.90795e-01
1.54800e+00 5.00553e-01
1.55200e+00 5.05448e-01
1.55600e+00 5.05983e-01
1.56000e+00 5.05990e-01
1.56400e+00 5.05990e-01
1.56800e+00 5.05990e-01
1.57200e+00 5.05990e-01
1.57600e+00 5.05990e-01
1.58000e+00 5.05991e-01
1.58400e+00 5.05994e-01
1.58800e+00 5.06008e-01
1.59200e+00 5.06069e-01
1.59600e+00 5.06333e-01
1.60000e+00 5.07289e-01
1.60400e+00 5.09311e-01
1.60800e+00 5.10625e-01
1.61200e+00 5.10715e-01
1.61600e+00 5.10496e-01
1.62000e+00 5.08837e-01
1.62400e+00 5.02451e-01
1.62800e+00 4.92139e-01
1.63200e+00 4.87732e-01
1.63600e+00 4.87435e-01
1.64000e+00 4.87444e-01
1.64400e+00 4.87534e-01
1.64800e+00 4.87897e-01
1.65200e+00 4.88959e-01
1.65600e+00 4.91619e-01
1.66000e+00 4.97699e-01
1.66400e+00 5.09407e-01
1.66800e+00 5.22798e-01
1.67200e+00 5.28003e-01
1.67600e+00 5.28395e-01
1.68000e+00 5.28398e-01
1.68400e+00 5.28398e-01
1.68800e+00 5.28398e-01
1.69200e+00 5.28398e-01
1.69600e+00 5.28398e-01
1.70000e+00 5.28398e-01
1.70400e+00 5.28398e-01
1.70800e+00 5.28398e-01
1.71200e+00 5.28398e-01
1.71600e+00 5.28398e-01
1.72000e+00 5.28398e-01
1.72400e+00 5.28398e-01
1.72800e+00 5.28398e-01
1.73200e+00 5.28398e-01
1.73600e+00 5.28398e-01
1.74000e+00 5.28398e-01
1.74400e+00 5.28398e-01
1.74800e+00 5.28398e-01
1.75200e+00 5.28398e-01
1.75600e+00 5.28399e-01
1.76000e+00 5.28404e-01
1.76400e+00 5.28423e-01
1.76800e+00 5.28497e-01
1.77200e+00 5.28790e-01
1.77600e+00 5.29856e-01
1.78000e+00 5.32896e-01
1.78400e+00 5.37491e-01
1.78800e+00 5.39647e-01
1.79200e+00 5.39834e-01
1.79600e+00 5.39837e-01
1.80000e+00 5.39839e-01
1.80400e+00 5.39846e-01
1.80800e+00 5.39875e-01
1.81200e+00 5.39900e-01
1.81600e+00 5.39896e-01
1.82000e+00 5.39800e-01
1.82400e+00 5.38858e-01
1.82800e+00 5.32044e-01
1.83200e+00 5.06017e-01
1.83600e+00 4.77018e-01
1.84000e+00 4.71263e-01
1.84400e+00 4.71340e-01
1.84800e+00 4.72798e-01
1.85200e+00 4.78289e-01
1.85600e+00 4.88375e-01
1.86000e+00 4.94694e-01
1.86400e+00 4.95373e-01
1.86800e+00 4.95219e-01
1.87200e+00 4.93704e-01
1.87600e+00 4.86718e-01
1.88000e+00 4.72290e-01
1.88400e+00 4.63753e-01
1.88800e+00 4.62882e-01
1.89200e+00 4.62911e-01
1.89600e+00 4.63215e-01
1.90000e+00 4.64478e-01
1.90400e+00 4.67959e-01
1.90800e+00 4.73594e-01
1.91200e+00 4.77058e-01
1.91600e+00 4.77544e-01
1.92000e+00 4.77553e-01
1.92400e+00 4.77553e-01
1.92800e+00 4.77553e-01
1.93200e+00 4.77553e-01
1.93600e+00 4.77553e-01
1.94000e+00 4.77553e-01
1.94400e+00 4.77553e-01
1.94800e+00 4.77553e-01
1.95200e+00 4.77554e-01
1.95600e+00 4.77555e-01
1.96000e+00 4.77560e-01
1.96400e+00 4.77587e-01
1.96800e+00 4.77704e-01
1.97200e+00 4.78044e-01
1.97600e+00 4.78377e-01
1.98000e+00 4.78409e-01
1.98400e+00 4.78302e-01
1.98800e+00 4.77529e-01
1.99200e+00 4.69471e-01
1.99600e+00 4.68718e-01
