0.00000e+00 5.84762e-01
4.00000e-03 5.84762e-01
8.00000e-03 5.84762e-01
1.20000e-02 5.84756e-01
1.60000e-02 5.84565e-01
2.00000e-02 5.80406e-01
2.40000e-02 5.36913e-01
2.80000e-02 4.42773e-01
3.20000e-02 4.14143e-01
3.60000e-02 4.13957e-01
4.00000e-02 4.17407e-01
4.40000e-02 4.28428e-01
4.80000e-02 4.47144e-01
5.20000e-02 4.61673e-01
5.60000e-02 4.64823e-01
6.00000e-02 4.64923e-01
6.40000e-02 4.64910e-01
6.80000e-02 4.64824e-01
7.20000e-02 4.64585e-01
7.60000e-02 4.64255e-01
8.00000e-02 4.63992e-01
8.40000e-02 4.63778e-01
8.80000e-02 4.63468e-01
9.20000e-02 4.62847e-01
9.60000e-02 4.61804e-01
1.00000e-01 4.60649e-01
1.04000e-01 4.59640e-01
1.08000e-01 4.58452e-01
1.12000e-01 4.56492e-01
1.16000e-01 4.54298e-01
1.20000e-01 4.53589e-01
1.24000e-01 4.53583e-01
1.28000e-01 4.53750e-01
1.32000e-01 4.54532e-01
1.36000e-01 4.56724e-01
1.40000e-01 4.61201e-01
1.44000e-01 4.68388e-01
1.48000e-01 4.77990e-01
1.52000e-01 4.89417e-01
1.56000e-01 5.02681e-01
1.60000e-01 5.19302e-01
1.64000e-01 5.42486e-01
1.68000e-01 5.71259e-01
1.72000e-01 5.88971e-01
1.76000e-01 5.91656e-01
1.80000e-01 5.91675e-01
1.84000e-01 5.91302e-01
1.88000e-01 5.87357e-01
1.92000e-01 5.66961e-01
1.96000e-01 5.35278e-01
2.00000e-01 5.25437e-01
2.04000e-01 5.24642e-01
2.08000e-01 5.23859e-01
2.12000e-01 5.18688e-01
2.16000e-01 4.93565e-01
2.20000e-01 4.56405e-01
2.24000e-01 4.46178e-01
2.28000e-01 4.46103e-01
2.32000e-01 4.47430e-01
2.36000e-01 4.51890e-01
2.40000e-01 4.59960e-01
2.44000e-01 4.70068e-01
2.48000e-01 4.80955e-01
2.52000e-01 4.94016e-01
2.56000e-01 5.13337e-01
2.60000e-01 5.37547e-01
2.64000e-01 5.48075e-01
2.68000e-01 5.48074e-01
2.72000e-01 5.40011e-01
2.76000e-01 4.98358e-01
2.80000e-01 4.51908e-01
2.84000e-01 4.43637e-01
2.88000e-01 4.43609e-01
2.92000e-01 4.44264e-01
2.96000e-01 4.46442e-01
3.00000e-01 4.50578e-01
3.04000e-01 4.56253e-01
3.08000e-01 4.62631e-01
3.12000e-01 4.69104e-01
3.16000e-01 4.75560e-01
3.20000e-01 4.82401e-01
3.24000e-01 4.90664e-01
3.28000e-01 5.02341e-01
3.32000e-01 5.19505e-01
3.36000e-01 5.37018e-01
3.40000e-01 5.43673e-01
3.44000e-01 5.44189e-01
3.48000e-01 5.44193e-01
3.52000e-01 5.44193e-01
3.56000e-01 5.44191e-01
3.60000e-01 5.44182e-01
3.64000e-01 5.44127e-01
3.68000e-01 5.43842e-01
3.72000e-01 5.42584e-01
3.76000e-01 5.39077e-01
3.80000e-01 5.35324e-01
3.84000e-01 5.34402e-01
3.88000e-01 5.34374e-01
3.92000e-01 5.34381e-01
3.96000e-01 5.34458e-01
4.00000e-01 5.35023e-01
4.04000e-01 5.38170e-01
4.08000e-01 5.44583e-01
4.12000e-01 5.45754e-01
4.16000e-01 5.40243e-01
4.20000e-01 5.00874e-01
4.24000e-01 4.44491e-01
4.28000e-01 4.31601e-01
4.32000e-01 4.31459e-01
4.36000e-01 4.32190e-01
4.40000e-01 4.34559e-01
4.44000e-01 4.38524e-01
4.48000e-01 4.43104e-01
4.52000e-01 4.47509e-01
4.56000e-01 4.51624e-01
4.60000e-01 4.55637e-01
4.64000e-01 4.59701e-01
4.68000e-01 4.63846e-01
4.72000e-01 4.68028e-01
4.76000e-01 4.72191e-01
4.80000e-01 4.76306e-01
4.84000e-01 4.80369e-01
4.88000e-01 4.84387e-01
4.92000e-01 4.88362e-01
4.96000e-01 4.92281e-01
5.00000e-01 4.96121e-01
5.04000e-01 4.99851e-01
5.08000e-01 5.03435e-01
5.12000e-01 5.06848e-01
5.16000e-01 5.10086e-01
5.20000e-01 5.13193e-01
5.24000e-01 5.16302e-01
5.28000e-01 5.19752e-01
5.32000e-01 5.24394e-01
5.36000e-01 5.32398e-01
5.40000e-01 5.47873e-01
5.44000e-01 5.67730e-01
5.48000e-01 5.74768e-01
5.52000e-01 5.74462e-01
5.56000e-01 5.65243e-01
5.60000e-01 5.18380e-01
5.64000e-01 4.69152e-01
5.68000e-01 4.61492e-01
5.72000e-01 4.61632e-01
5.76000e-01 4.63221e-01
5.80000e-01 4.68096e-01
5.84000e-01 4.78021e-01
5.88000e-01 4.94132e-01
5.92000e-01 5.11249e-01
5.96000e-01 5.18272e-01
6.00000e-01 5.18896e-01
6.04000e-01 5.18902e-01
6.08000e-01 5.18902e-01
6.12000e-01 5.18902e-01
6.16000e-01 5.18903e-01
6.20000e-01 5.18904e-01
6.24000e-01 5.18916e-01
6.28000e-01 5.18996e-01
6.32000e-01 5.19445e-01
6.36000e-01 5.20587e-01
6.40000e-01 5.21035e-01
6.44000e-01 5.20704e-01
6.48000e-01 5.16606e-01
6.52000e-01 4.95330e-01
6.56000e-01 4.59827e-01
6.60000e-01 4.47381e-01
6.64000e-01 4.46858e-01
6.68000e-01 4.46998e-01
6.72000e-01 4.47770e-01
6.76000e-01 4.49767e-01
6.80000e-01 4.53203e-01
6.84000e-01 4.57663e-01
6.88000e-01 4.62494e-01
6.92000e-01 4.67478e-01
6.96000e-01 4.73150e-01
7.00000e-01 4.80889e-01
7.04000e-01 4.92702e-01
7.08000e-01 5.07337e-01
7.12000e-01 5.15637e-01
7.16000e-01 5.16816e-01
7.20000e-01 5.16840e-01
7.24000e-01 5.16841e-01
7.28000e-01 5.16842e-01
7.32000e-01 5.16846e-01
7.36000e-01 5.16854e-01
7.40000e-01 5.16855e-01
7.44000e-01 5.16844e-01
7.48000e-01 5.16728e-01
7.52000e-01 5.15731e-01
7.56000e-01 5.08772e-01
7.60000e-01 4.81863e-01
7.64000e-01 4.50241e-01
7.68000e-01 4.43157e-01
7.72000e-01 4.43092e-01
7.76000e-01 4.43701e-01
7.80000e-01 4.45982e-01
7.84000e-01 4.50621e-01
7.88000e-01 4.56891e-01
7.92000e-01 4.63155e-01
7.96000e-01 4.68767e-01
8.00000e-01 4.74645e-01
8.04000e-01 4.82516e-01
8.08000e-01 4.92677e-01
8.12000e-01 4.99711e-01
8.16000e-01 5.01106e-01
8.20000e-01 5.01150e-01
8.24000e-01 5.01150e-01
8.28000e-01 5.01150e-01
8.32000e-01 5.01150e-01
8.36000e-01 5.01150e-01
8.40000e-01 5.01150e-01
8.44000e-01 5.01150e-01
8.48000e-01 5.01150e-01
8.52000e-01 5.01150e-01
8.56000e-01 5.01150e-01
8.60000e-01 5.01151e-01
8.64000e-01 5.01151e-01
8.68000e-01 5.01153e-01
8.72000e-01 5.01157e-01
8.76000e-01 5.01177e-01
8.80000e-01 5.01283e-01
8.84000e-01 5.01874e-01
8.88000e-01 5.03889e-01
8.92000e-01 5.05445e-01
8.96000e-01 5.05229e-01
9.00000e-01 5.00813e-01
9.04000e-01 4.77082e-01
9.08000e-01 4.39898e-01
9.12000e-01 4.28651e-01
9.16000e-01 4.28449e-01
9.20000e-01 4.29370e-01
9.24000e-01 4.32808e-01
9.28000e-01 4.39341e-01
9.32000e-01 4.46591e-01
9.36000e-01 4.51053e-01
9.40000e-01 4.52793e-01
9.44000e-01 4.53582e-01
9.48000e-01 4.54237e-01
9.52000e-01 4.55036e-01
9.56000e-01 4.56087e-01
9.60000e-01 4.57387e-01
9.64000e-01 4.58868e-01
9.68000e-01 4.60472e-01
9.72000e-01 4.62187e-01
9.76000e-01 4.64032e-01
9.80000e-01 4.66026e-01
9.84000e-01 4.68162e-01
9.88000e-01 4.70395e-01
9.92000e-01 4.72662e-01
9.96000e-01 4.74894e-01
1.00000e+00 4.77041e-01
1.00400e+00 4.79082e-01
1.00800e+00 4.81018e-01
1.01200e+00 4.82868e-01
1.01600e+00 4.84658e-01
1.02000e+00 4.86415e-01
1.02400e+00 4.88157e-01
1.02800e+00 4.89900e-01
1.03200e+00 4.91650e-01
1.03600e+00 4.93410e-01
1.04000e+00 4.95182e-01
1.04400e+00 4.96976e-01
1.04800e+00 4.98805e-01
1.05200e+00 5.00670e-01
1.05600e+00 5.02514e-01
1.06000e+00 5.04180e-01
1.06400e+00 5.05479e-01
1.06800e+00 5.06355e-01
1.07200e+00 5.06939e-01
1.07600e+00 5.07411e-01
1.08000e+00 5.07953e-01
1.08400e+00 5.08861e-01
1.08800e+00 5.10911e-01
1.09200e+00 5.16173e-01
1.09600e+00 5.27152e-01
1.10000e+00 5.37273e-01
1.10400e+00 5.39099e-01
1.10800e+00 5.38756e-01
1.11200e+00 5.34968e-01
1.11600e+00 5.20518e-01
1.12000e+00 5.03454e-01
1.12400e+00 4.98449e-01
1.12800e+00 4.97356e-01
1.13200e+00 4.95376e-01
1.13600e+00 4.86410e-01
1.14000e+00 4.63369e-01
1.14400e+00 4.47043e-01
1.14800e+00 4.45325e-01
1.15200e+00 4.45680e-01
1.15600e+00 4.47681e-01
1.16000e+00 4.50975e-01
1.16400e+00 4.52385e-01
1.16800e+00 4.52489e-01
1.17200e+00 4.52490e-01
1.17600e+00 4.52490e-01
1.18000e+00 4.52490e-01
1.18400e+00 4.52490e-01
1.18800e+00 4.52491e-01
1.19200e+00 4.52493e-01
1.19600e+00 4.52499e-01
1.20000e+00 4.52511e-01
1.20400e+00 4.52539e-01
1.20800e+00 4.52599e-01
1.21200e+00 4.52720e-01
1.21600e+00 4.52952e-01
1.22000e+00 4.53367e-01
1.22400e+00 4.54061e-01
1.22800e+00 4.55128e-01
1.23200e+00 4.56600e-01
1.23600e+00 4.58388e-01
1.24000e+00 4.60288e-01
1.24400e+00 4.62123e-01
1.24800e+00 4.63904e-01
1.25200e+00 4.65875e-01
1.25600e+00 4.68571e-01
1.26000e+00 4.73060e-01
1.26400e+00 4.81052e-01
1.26800e+00 4.92095e-01
1.27200e+00 4.98998e-01
1.27600e+00 5.00092e-01
1.28000e+00 5.00116e-01
1.28400e+00 5.00116e-01
1.28800e+00 5.00116e-01
1.29200e+00 5.00116e-01
1.29600e+00 5.00116e-01
1.30000e+00 5.00116e-01
1.30400e+00 5.00116e-01
1.30800e+00 5.00116e-01
1.31200e+00 5.00116e-01
1.31600e+00 5.00116e-01
1.32000e+00 5.00116e-01
1.32400e+00 5.00117e-01
1.32800e+00 5.00118e-01
1.33200e+00 5.00123e-01
1.33600e+00 5.00141e-01
1.34000e+00 5.00214e-01
1.34400e+00 5.00495e-01
1.34800e+00 5.01478e-01
1.35200e+00 5.03993e-01
1.35600e+00 5.06939e-01
1.36000e+00 5.07783e-01
1.36400e+00 5.07789e-01
1.36800e+00 5.07579e-01
1.37200e+00 5.06311e-01
1.37600e+00 5.02104e-01
1.38000e+00 4.96337e-01
1.38400e+00 4.94337e-01
1.38800e+00 4.94251e-01
1.39200e+00 4.94293e-01
1.39600e+00 4.94573e-01
1.40000e+00 4.95344e-01
1.40400e+00 4.96129e-01
1.40800e+00 4.96322e-01
1.41200e+00 4.96329e-01
1.41600e+00 4.96329e-01
1.42000e+00 4.96329e-01
1.42400e+00 4.96330e-01
1.42800e+00 4.96333e-01
1.43200e+00 4.96342e-01
1.43600e+00 4.96366e-01
1.44000e+00 4.96429e-01
1.44400e+00 4.96573e-01
1.44800e+00 4.96868e-01
1.45200e+00 4.97395e-01
1.45600e+00 4.98263e-01
1.46000e+00 4.99773e-01
1.46400e+00 5.02824e-01
1.46800e+00 5.09059e-01
1.47200e+00 5.17032e-01
1.47600e+00 5.20225e-01
1.48000e+00 5.20355e-01
1.48400e+00 5.19954e-01
1.48800e+00 5.16644e-01
1.49200e+00 5.03095e-01
1.49600e+00 4.82812e-01
1.50000e+00 4.75795e-01
1.50400e+00 4.75476e-01
1.50800e+00 4.75529e-01
1.51200e+00 4.75813e-01
1.51600e+00 4.76241e-01
1.52000e+00 4.76402e-01
1.52400e+00 4.76415e-01
1.52800e+00 4.76418e-01
1.53200e+00 4.76423e-01
1.53600e+00 4.76439e-01
1.54000e+00 4.76482e-01
1.54400e+00 4.76580e-01
1.54800e+00 4.76781e-01
1.55200e+00 4.77168e-01
1.55600e+00 4.77926e-01
1.56000e+00 4.79492e-01
1.56400e+00 4.82906e-01
1.56800e+00 4.89916e-01
1.57200e+00 4.99749e-01
1.57600e+00 5.05269e-01
1.58000e+00 5.05978e-01
1.58400e+00 5.05990e-01
1.58800e+00 5.05990e-01
1.59200e+00 5.05990e-01
1.59600e+00 5.05990e-01
1.60000e+00 5.05990e-01
1.60400e+00 5.05991e-01
1.60800e+00 5.05993e-01
1.61200e+00 5.06003e-01
1.61600e+00 5.06047e-01
1.62000e+00 5.06240e-01
1.62400e+00 5.06977e-01
1.62800e+00 5.08771e-01
1.63200e+00 5.10299e-01
1.63600e+00 5.10491e-01
1.64000e+00 5.10359e-01
1.64400e+00 5.09202e-01
1.64800e+00 5.04143e-01
1.65200e+00 4.94019e-01
1.65600e+00 4.88100e-01
1.66000e+00 4.87476e-01
1.66400e+00 4.87476e-01
1.66800e+00 4.87532e-01
1.67200e+00 4.87786e-01
1.67600e+00 4.88571e-01
1.68000e+00 4.90590e-01
1.68400e+00 4.95312e-01
1.68800e+00 5.05122e-01
1.69200e+00 5.19115e-01
1.69600e+00 5.27277e-01
1.70000e+00 5.28379e-01
1.70400e+00 5.28398e-01
1.70800e+00 5.28398e-01
1.71200e+00 5.28398e-01
1.71600e+00 5.28398e-01
1.72000e+00 5.28398e-01
1.72400e+00 5.28398e-01
1.72800e+00 5.28398e-01
1.73200e+00 5.28398e-01
1.73600e+00 5.28398e-01
1.74000e+00 5.28398e-01
1.74400e+00 5.28398e-01
1.74800e+00 5.28398e-01
1.75200e+00 5.28398e-01
1.75600e+00 5.28398e-01
1.76000e+00 5.28398e-01
1.76400e+00 5.28398e-01
1.76800e+00 5.28398e-01
1.77200e+00 5.28398e-01
1.77600e+00 5.28398e-01
1.78000e+00 5.28399e-01
1.78400e+00 5.28400e-01
1.78800e+00 5.28408e-01
1.79200e+00 5.28439e-01
1.79600e+00 5.28564e-01
1.80000e+00 5.29044e-01
1.80400e+00 5.30690e-01
1.80800e+00 5.34617e-01
1.81200e+00 5.38703e-01
1.81600e+00 5.39791e-01
1.82000e+00 5.39838e-01
1.82400e+00 5.39840e-01
1.82800e+00 5.39845e-01
1.83200e+00 5.39864e-01
1.83600e+00 5.39880e-01
1.84000e+00 5.39877e-01
1.84400e+00 5.39815e-01
1.84800e+00 5.39198e-01
1.85200e+00 5.34482e-01
1.85600e+00 5.13146e-01
1.86000e+00 4.81576e-01
1.86400e+00 4.72381e-01
1.86800e+00 4.72261e-01
1.87200e+00 4.73370e-01
1.87600e+00 4.78173e-01
1.88000e+00 4.87721e-01
1.88400e+00 4.94219e-01
1.88800e+00 4.94990e-01
1.89200e+00 4.94826e-01
1.89600e+00 4.93207e-01
1.90000e+00 4.85902e-01
1.90400e+00 4.71570e-01
1.90800e+00 4.63733e-01
1.91200e+00 4.63026e-01
1.91600e+00 4.63066e-01
1.92000e+00 4.63427e-01
1.92400e+00 4.64874e-01
1.92800e+00 4.68690e-01
1.93200e+00 4.74302e-01
1.93600e+00 4.77225e-01
1.94000e+00 4.77549e-01
1.94400e+00 4.77553e-01
1.94800e+00 4.77553e-01
1.95200e+00 4.77553e-01
1.95600e+00 4.77553e-01
1.96000e+00 4.77553e-01
1.96400e+00 4.77553e-01
1.96800e+00 4.77553e-01
1.97200e+00 4.77553e-01
1.97600e+00 4.77554e-01
1.98000e+00 4.77555e-01
1.98400e+00 4.77563e-01
1.98800e+00 4.77608e-01
1.99200e+00 4.77878e-01
1.99600e+00 4.77901e-01
