0.00000e+00 5.84434e-01
4.00000e-03 5.84434e-01
8.00000e-03 5.84434e-01
1.20000e-02 5.84432e-01
1.60000e-02 5.84391e-01
2.00000e-02 5.83716e-01
2.40000e-02 5.76510e-01
2.80000e-02 5.43628e-01
3.20000e-02 5.05440e-01
3.60000e-02 4.94286e-01
4.00000e-02 4.88594e-01
4.40000e-02 4.72045e-01
4.80000e-02 4.36544e-01
5.20000e-02 4.18877e-01
5.60000e-02 4.18148e-01
6.00000e-02 4.19780e-01
6.40000e-02 4.26171e-01
6.80000e-02 4.38933e-01
7.20000e-02 4.57634e-01
7.60000e-02 4.82914e-01
8.00000e-02 5.18880e-01
8.40000e-02 5.59166e-01
8.80000e-02 5.73125e-01
9.20000e-02 5.71654e-01
9.60000e-02 5.42547e-01
1.00000e-01 4.60952e-01
1.04000e-01 4.28543e-01
1.08000e-01 4.28308e-01
1.12000e-01 4.33719e-01
1.16000e-01 4.48132e-01
1.20000e-01 4.61575e-01
1.24000e-01 4.64764e-01
1.28000e-01 4.64877e-01
1.32000e-01 4.64875e-01
1.36000e-01 4.64853e-01
1.40000e-01 4.64771e-01
1.44000e-01 4.64581e-01
1.48000e-01 4.64282e-01
1.52000e-01 4.63930e-01
1.56000e-01 4.63545e-01
1.60000e-01 4.63077e-01
1.64000e-01 4.62443e-01
1.68000e-01 4.61541e-01
1.72000e-01 4.60126e-01
1.76000e-01 4.57792e-01
1.80000e-01 4.55068e-01
1.84000e-01 4.53873e-01
1.88000e-01 4.53776e-01
1.92000e-01 4.53790e-01
1.96000e-01 4.53897e-01
2.00000e-01 4.54318e-01
2.04000e-01 4.55471e-01
2.08000e-01 4.57933e-01
2.12000e-01 4.62207e-01
2.16000e-01 4.68401e-01
2.20000e-01 4.76113e-01
2.24000e-01 4.84640e-01
2.28000e-01 4.93362e-01
2.32000e-01 5.02076e-01
2.36000e-01 5.11214e-01
2.40000e-01 5.22107e-01
2.44000e-01 5.37504e-01
2.48000e-01 5.60359e-01
2.52000e-01 5.83099e-01
2.56000e-01 5.90814e-01
2.60000e-01 5.91251e-01
2.64000e-01 5.91207e-01
2.68000e-01 5.90604e-01
2.72000e-01 5.86593e-01
2.76000e-01 5.72220e-01
2.80000e-01 5.45126e-01
2.84000e-01 5.08753e-01
2.88000e-01 4.69553e-01
2.92000e-01 4.50733e-01
2.96000e-01 4.48861e-01
3.00000e-01 4.49010e-01
3.04000e-01 4.50178e-01
3.08000e-01 4.53759e-01
3.12000e-01 4.60337e-01
3.16000e-01 4.68745e-01
3.20000e-01 4.77581e-01
3.24000e-01 4.87497e-01
3.28000e-01 5.01789e-01
3.32000e-01 5.22738e-01
3.36000e-01 5.37045e-01
3.40000e-01 5.38308e-01
3.44000e-01 5.35146e-01
3.48000e-01 5.10516e-01
3.52000e-01 4.63166e-01
3.56000e-01 4.46255e-01
3.60000e-01 4.45676e-01
3.64000e-01 4.46164e-01
3.68000e-01 4.48306e-01
3.72000e-01 4.52814e-01
3.76000e-01 4.59097e-01
3.80000e-01 4.65731e-01
3.84000e-01 4.71712e-01
3.88000e-01 4.76926e-01
3.92000e-01 4.81791e-01
3.96000e-01 4.86961e-01
4.00000e-01 4.93433e-01
4.04000e-01 5.03003e-01
4.08000e-01 5.18006e-01
4.12000e-01 5.35318e-01
4.16000e-01 5.43361e-01
4.20000e-01 5.44182e-01
4.24000e-01 5.44192e-01
4.28000e-01 5.44192e-01
4.32000e-01 5.44192e-01
4.36000e-01 5.44190e-01
4.40000e-01 5.44181e-01
4.44000e-01 5.44129e-01
4.48000e-01 5.43860e-01
4.52000e-01 5.42660e-01
4.56000e-01 5.39218e-01
4.60000e-01 5.35424e-01
4.64000e-01 5.34508e-01
4.68000e-01 5.34500e-01
4.72000e-01 5.34700e-01
4.76000e-01 5.35852e-01
4.80000e-01 5.37007e-01
4.84000e-01 5.36722e-01
4.88000e-01 5.30700e-01
4.92000e-01 4.96046e-01
4.96000e-01 4.46471e-01
5.00000e-01 4.34289e-01
5.04000e-01 4.34151e-01
5.08000e-01 4.35028e-01
5.12000e-01 4.37940e-01
5.16000e-01 4.42846e-01
5.20000e-01 4.48199e-01
5.24000e-01 4.52702e-01
5.28000e-01 4.56321e-01
5.32000e-01 4.59568e-01
5.36000e-01 4.62844e-01
5.40000e-01 4.66313e-01
5.44000e-01 4.69944e-01
5.48000e-01 4.73623e-01
5.52000e-01 4.77258e-01
5.56000e-01 4.80818e-01
5.60000e-01 4.84315e-01
5.64000e-01 4.87774e-01
5.68000e-01 4.91210e-01
5.72000e-01 4.94618e-01
5.76000e-01 4.97978e-01
5.80000e-01 5.01262e-01
5.84000e-01 5.04444e-01
5.88000e-01 5.07494e-01
5.92000e-01 5.10377e-01
5.96000e-01 5.13040e-01
6.00000e-01 5.15455e-01
6.04000e-01 5.17731e-01
6.08000e-01 5.20302e-01
6.12000e-01 5.24378e-01
6.16000e-01 5.33213e-01
6.20000e-01 5.50359e-01
6.24000e-01 5.62924e-01
6.28000e-01 5.63663e-01
6.32000e-01 5.57666e-01
6.36000e-01 5.21184e-01
6.40000e-01 4.74602e-01
6.44000e-01 4.65311e-01
6.48000e-01 4.65408e-01
6.52000e-01 4.67212e-01
6.56000e-01 4.73306e-01
6.60000e-01 4.86433e-01
6.64000e-01 5.05092e-01
6.68000e-01 5.16934e-01
6.72000e-01 5.18857e-01
6.76000e-01 5.18902e-01
6.80000e-01 5.18902e-01
6.84000e-01 5.18902e-01
6.88000e-01 5.18903e-01
6.92000e-01 5.18904e-01
6.96000e-01 5.18913e-01
7.00000e-01 5.18980e-01
7.04000e-01 5.19281e-01
7.08000e-01 5.19642e-01
7.12000e-01 5.19647e-01
7.16000e-01 5.19065e-01
7.20000e-01 5.13954e-01
7.24000e-01 4.91034e-01
7.28000e-01 4.57923e-01
7.32000e-01 4.48067e-01
7.36000e-01 4.47757e-01
7.40000e-01 4.47952e-01
7.44000e-01 4.48919e-01
7.48000e-01 4.51294e-01
7.52000e-01 4.55204e-01
7.56000e-01 4.59988e-01
7.60000e-01 4.64758e-01
7.64000e-01 4.69236e-01
7.68000e-01 4.73936e-01
7.72000e-01 4.80069e-01
7.76000e-01 4.89603e-01
7.80000e-01 5.03296e-01
7.84000e-01 5.14156e-01
7.88000e-01 5.16737e-01
7.92000e-01 5.16843e-01
7.96000e-01 5.16844e-01
8.00000e-01 5.16845e-01
8.04000e-01 5.16846e-01
8.08000e-01 5.16846e-01
8.12000e-01 5.16843e-01
8.16000e-01 5.16815e-01
8.20000e-01 5.16573e-01
8.24000e-01 5.14667e-01
8.28000e-01 5.03146e-01
8.32000e-01 4.70960e-01
8.36000e-01 4.47463e-01
8.40000e-01 4.44671e-01
8.44000e-01 4.44775e-01
8.48000e-01 4.45676e-01
8.52000e-01 4.48407e-01
8.56000e-01 4.53377e-01
8.60000e-01 4.59582e-01
8.64000e-01 4.65510e-01
8.68000e-01 4.70887e-01
8.72000e-01 4.76852e-01
8.76000e-01 4.85093e-01
8.80000e-01 4.94929e-01
8.84000e-01 5.00376e-01
8.88000e-01 5.01135e-01
8.92000e-01 5.01150e-01
8.96000e-01 5.01150e-01
9.00000e-01 5.01150e-01
9.04000e-01 5.01150e-01
9.08000e-01 5.01150e-01
9.12000e-01 5.01150e-01
9.16000e-01 5.01150e-01
9.20000e-01 5.01150e-01
9.24000e-01 5.01150e-01
9.28000e-01 5.01150e-01
9.32000e-01 5.01150e-01
9.36000e-01 5.01150e-01
9.40000e-01 5.01152e-01
9.44000e-01 5.01158e-01
9.48000e-01 5.01201e-01
9.52000e-01 5.01461e-01
9.56000e-01 5.02264e-01
9.60000e-01 5.02707e-01
9.64000e-01 5.02513e-01
9.68000e-01 4.99804e-01
9.72000e-01 4.83743e-01
9.76000e-01 4.49106e-01
9.80000e-01 4.32217e-01
9.84000e-01 4.31234e-01
9.88000e-01 4.31735e-01
9.92000e-01 4.34302e-01
9.96000e-01 4.40372e-01
1.00000e+00 4.48240e-01
1.00400e+00 4.52885e-01
1.00800e+00 4.54047e-01
1.01200e+00 4.54351e-01
1.01600e+00 4.54603e-01
1.02000e+00 4.55012e-01
1.02400e+00 4.55732e-01
1.02800e+00 4.56843e-01
1.03200e+00 4.58296e-01
1.03600e+00 4.59946e-01
1.04000e+00 4.61665e-01
1.04400e+00 4.63414e-01
1.04800e+00 4.65223e-01
1.05200e+00 4.67138e-01
1.05600e+00 4.69176e-01
1.06000e+00 4.71312e-01
1.06400e+00 4.73481e-01
1.06800e+00 4.75610e-01
1.07200e+00 4.77640e-01
1.07600e+00 4.79547e-01
1.08000e+00 4.81338e-01
1.08400e+00 4.83038e-01
1.08800e+00 4.84680e-01
1.09200e+00 4.86292e-01
1.09600e+00 4.87898e-01
1.10000e+00 4.89513e-01
1.10400e+00 4.91141e-01
1.10800e+00 4.92780e-01
1.11200e+00 4.94424e-01
1.11600e+00 4.96078e-01
1.12000e+00 4.97763e-01
1.12400e+00 4.99529e-01
1.12800e+00 5.01419e-01
1.13200e+00 5.03374e-01
1.13600e+00 5.05116e-01
1.14000e+00 5.06298e-01
1.14400e+00 5.06918e-01
1.14800e+00 5.07249e-01
1.15200e+00 5.07509e-01
1.15600e+00 5.07840e-01
1.16000e+00 5.08464e-01
1.16400e+00 5.09982e-01
1.16800e+00 5.14050e-01
1.17200e+00 5.23232e-01
1.17600e+00 5.33654e-01
1.18000e+00 5.36632e-01
1.18400e+00 5.36635e-01
1.18800e+00 5.35690e-01
1.19200e+00 5.30873e-01
1.19600e+00 5.19221e-01
1.20000e+00 5.03570e-01
1.20400e+00 4.85123e-01
1.20800e+00 4.62951e-01
1.21200e+00 4.49304e-01
1.21600e+00 4.47385e-01
1.22000e+00 4.47457e-01
1.22400e+00 4.48203e-01
1.22800e+00 4.50261e-01
1.23200e+00 4.52107e-01
1.23600e+00 4.52480e-01
1.24000e+00 4.52490e-01
1.24400e+00 4.52490e-01
1.24800e+00 4.52490e-01
1.25200e+00 4.52490e-01
1.25600e+00 4.52491e-01
1.26000e+00 4.52493e-01
1.26400e+00 4.52497e-01
1.26800e+00 4.52507e-01
1.27200e+00 4.52529e-01
1.27600e+00 4.52577e-01
1.28000e+00 4.52673e-01
1.28400e+00 4.52859e-01
1.28800e+00 4.53198e-01
1.29200e+00 4.53779e-01
1.29600e+00 4.54702e-01
1.30000e+00 4.56043e-01
1.30400e+00 4.57778e-01
1.30800e+00 4.59726e-01
1.31200e+00 4.61626e-01
1.31600e+00 4.63336e-01
1.32000e+00 4.64948e-01
1.32400e+00 4.66767e-01
1.32800e+00 4.69357e-01
1.33200e+00 4.73827e-01
1.33600e+00 4.81896e-01
1.34000e+00 4.92797e-01
1.34400e+00 4.99185e-01
1.34800e+00 5.00098e-01
1.35200e+00 5.00116e-01
1.35600e+00 5.00116e-01
1.36000e+00 5.00116e-01
1.36400e+00 5.00116e-01
1.36800e+00 5.00116e-01
1.37200e+00 5.00116e-01
1.37600e+00 5.00116e-01
1.38000e+00 5.00116e-01
1.38400e+00 5.00116e-01
1.38800e+00 5.00116e-01
1.39200e+00 5.00116e-01
1.39600e+00 5.00117e-01
1.40000e+00 5.00117e-01
1.40400e+00 5.00119e-01
1.40800e+00 5.00127e-01
1.41200e+00 5.00157e-01
1.41600e+00 5.00274e-01
1.42000e+00 5.00716e-01
1.42400e+00 5.02140e-01
1.42800e+00 5.05022e-01
1.43200e+00 5.07142e-01
1.43600e+00 5.07428e-01
1.44000e+00 5.07390e-01
1.44400e+00 5.06993e-01
1.44800e+00 5.05063e-01
1.45200e+00 5.00044e-01
1.45600e+00 4.95388e-01
1.46000e+00 4.94460e-01
1.46400e+00 4.94450e-01
1.46800e+00 4.94524e-01
1.47200e+00 4.94888e-01
1.47600e+00 4.95677e-01
1.48000e+00 4.96242e-01
1.48400e+00 4.96328e-01
1.48800e+00 4.96330e-01
1.49200e+00 4.96330e-01
1.49600e+00 4.96330e-01
1.50000e+00 4.96331e-01
1.50400e+00 4.96334e-01
1.50800e+00 4.96342e-01
1.51200e+00 4.96366e-01
1.51600e+00 4.96423e-01
1.52000e+00 4.96547e-01
1.52400e+00 4.96785e-01
1.52800e+00 4.97209e-01
1.53200e+00 4.97993e-01
1.53600e+00 4.99663e-01
1.54000e+00 5.03590e-01
1.54400e+00 5.11174e-01
1.54800e+00 5.17906e-01
1.55200e+00 5.19227e-01
1.55600e+00 5.19149e-01
1.56000e+00 5.17938e-01
1.56400e+00 5.10865e-01
1.56800e+00 4.92201e-01
1.57200e+00 4.77857e-01
1.57600e+00 4.75797e-01
1.58000e+00 4.75781e-01
1.58400e+00 4.75864e-01
1.58800e+00 4.76129e-01
1.59200e+00 4.76372e-01
1.59600e+00 4.76424e-01
1.60000e+00 4.76429e-01
1.60400e+00 4.76432e-01
1.60800e+00 4.76442e-01
1.61200e+00 4.76469e-01
1.61600e+00 4.76538e-01
1.62000e+00 4.76687e-01
1.62400e+00 4.76989e-01
1.62800e+00 4.77593e-01
1.63200e+00 4.78846e-01
1.63600e+00 4.81587e-01
1.64000e+00 4.87459e-01
1.64400e+00 4.97072e-01
1.64800e+00 5.04441e-01
1.65200e+00 5.05943e-01
1.65600e+00 5.05990e-01
1.66000e+00 5.05990e-01
1.66400e+00 5.05990e-01
1.66800e+00 5.05990e-01
1.67200e+00 5.05990e-01
1.67600e+00 5.05990e-01
1.68000e+00 5.05991e-01
1.68400e+00 5.05995e-01
1.68800e+00 5.06011e-01
1.69200e+00 5.06086e-01
1.69600e+00 5.06402e-01
1.70000e+00 5.07445e-01
1.70400e+00 5.09152e-01
1.70800e+00 5.09846e-01
1.71200e+00 5.09844e-01
1.71600e+00 5.09492e-01
1.72000e+00 5.07330e-01
1.72400e+00 5.00137e-01
1.72800e+00 4.90733e-01
1.73200e+00 4.87707e-01
1.73600e+00 4.87568e-01
1.74000e+00 4.87578e-01
1.74400e+00 4.87656e-01
1.74800e+00 4.87956e-01
1.75200e+00 4.88817e-01
1.75600e+00 4.90949e-01
1.76000e+00 4.95851e-01
1.76400e+00 5.05884e-01
1.76800e+00 5.19772e-01
1.77200e+00 5.27431e-01
1.77600e+00 5.28383e-01
1.78000e+00 5.28398e-01
1.78400e+00 5.28398e-01
1.78800e+00 5.28398e-01
1.79200e+00 5.28398e-01
1.79600e+00 5.28398e-01
1.80000e+00 5.28398e-01
1.80400e+00 5.28398e-01
1.80800e+00 5.28398e-01
1.81200e+00 5.28398e-01
1.81600e+00 5.28398e-01
1.82000e+00 5.28398e-01
1.82400e+00 5.28398e-01
1.82800e+00 5.28398e-01
1.83200e+00 5.28398e-01
1.83600e+00 5.28398e-01
1.84000e+00 5.28398e-01
1.84400e+00 5.28398e-01
1.84800e+00 5.28398e-01
1.85200e+00 5.28398e-01
1.85600e+00 5.28398e-01
1.86000e+00 5.28399e-01
1.86400e+00 5.28401e-01
1.86800e+00 5.28410e-01
1.87200e+00 5.28447e-01
1.87600e+00 5.28593e-01
1.88000e+00 5.29152e-01
1.88400e+00 5.31010e-01
1.88800e+00 5.35145e-01
1.89200e+00 5.38968e-01
1.89600e+00 5.39833e-01
1.90000e+00 5.39861e-01
1.90400e+00 5.39861e-01
1.90800e+00 5.39861e-01
1.91200e+00 5.39859e-01
1.91600e+00 5.39841e-01
1.92000e+00 5.39676e-01
1.92400e+00 5.38309e-01
1.92800e+00 5.29463e-01
1.93200e+00 5.01710e-01
1.93600e+00 4.78448e-01
1.94000e+00 4.75432e-01
1.94400e+00 4.75775e-01
1.94800e+00 4.78408e-01
1.95200e+00 4.85629e-01
1.95600e+00 4.92375e-01
1.96000e+00 4.93538e-01
1.96400e+00 4.93356e-01
1.96800e+00 4.91463e-01
1.97200e+00 4.83412e-01
1.97600e+00 4.69806e-01
1.98000e+00 4.63879e-01
1.98400e+00 4.63515e-01
1.98800e+00 4.63580e-01
1.99200e+00 4.65362e-01
1.99600e+00 4.65542e-01
