0.00000e+00 5.00673e-01
4.00000e-03 5.00673e-01
8.00000e-03 5.00674e-01
1.20000e-02 5.00695e-01
1.60000e-02 5.00928e-01
2.00000e-02 5.02568e-01
2.40000e-02 5.09979e-01
2.80000e-02 5.31510e-01
3.20000e-02 5.65168e-01
3.60000e-02 5.82647e-01
4.00000e-02 5.84237e-01
4.40000e-02 5.84144e-01
4.80000e-02 5.82577e-01
5.20000e-02 5.71297e-01
5.60000e-02 5.38211e-01
6.00000e-02 5.03816e-01
6.40000e-02 4.78454e-01
6.80000e-02 4.48047e-01
7.20000e-02 4.23977e-01
7.60000e-02 4.19848e-01
8.00000e-02 4.20195e-01
8.40000e-02 4.22842e-01
8.80000e-02 4.30147e-01
9.20000e-02 4.42522e-01
9.60000e-02 4.58745e-01
1.00000e-01 4.79234e-01
1.04000e-01 5.08548e-01
1.08000e-01 5.46513e-01
1.12000e-01 5.64676e-01
1.16000e-01 5.64259e-01
1.20000e-01 5.42511e-01
1.24000e-01 4.70332e-01
1.28000e-01 4.34755e-01
1.32000e-01 4.33956e-01
1.36000e-01 4.38728e-01
1.40000e-01 4.51847e-01
1.44000e-01 4.62768e-01
1.48000e-01 4.64819e-01
1.52000e-01 4.64869e-01
1.56000e-01 4.64865e-01
1.60000e-01 4.64842e-01
1.64000e-01 4.64762e-01
1.68000e-01 4.64578e-01
1.72000e-01 4.64277e-01
1.76000e-01 4.63897e-01
1.80000e-01 4.63472e-01
1.84000e-01 4.62983e-01
1.88000e-01 4.62343e-01
1.92000e-01 4.61330e-01
1.96000e-01 4.59452e-01
2.00000e-01 4.56491e-01
2.04000e-01 4.54253e-01
2.08000e-01 4.53814e-01
2.12000e-01 4.53807e-01
2.16000e-01 4.53835e-01
2.20000e-01 4.53991e-01
2.24000e-01 4.54501e-01
2.28000e-01 4.55772e-01
2.32000e-01 4.58325e-01
2.36000e-01 4.62573e-01
2.40000e-01 4.68565e-01
2.44000e-01 4.75904e-01
2.48000e-01 4.83933e-01
2.52000e-01 4.92040e-01
2.56000e-01 4.99912e-01
2.60000e-01 5.07672e-01
2.64000e-01 5.15986e-01
2.68000e-01 5.26371e-01
2.72000e-01 5.41761e-01
2.76000e-01 5.64598e-01
2.80000e-01 5.85179e-01
2.84000e-01 5.90917e-01
2.88000e-01 5.91161e-01
2.92000e-01 5.91133e-01
2.96000e-01 5.90822e-01
3.00000e-01 5.88741e-01
3.04000e-01 5.75507e-01
3.08000e-01 5.22322e-01
3.12000e-01 4.61968e-01
3.16000e-01 4.49473e-01
3.20000e-01 4.49245e-01
3.24000e-01 4.49514e-01
3.28000e-01 4.50868e-01
3.32000e-01 4.54419e-01
3.36000e-01 4.60632e-01
3.40000e-01 4.68519e-01
3.44000e-01 4.76821e-01
3.48000e-01 4.86090e-01
3.52000e-01 4.99383e-01
3.56000e-01 5.19250e-01
3.60000e-01 5.33773e-01
3.64000e-01 5.35345e-01
3.68000e-01 5.32871e-01
3.72000e-01 5.12017e-01
3.76000e-01 4.66558e-01
3.80000e-01 4.47335e-01
3.84000e-01 4.46452e-01
3.88000e-01 4.46881e-01
3.92000e-01 4.48932e-01
3.96000e-01 4.53452e-01
4.00000e-01 4.59894e-01
4.04000e-01 4.66675e-01
4.08000e-01 4.72601e-01
4.12000e-01 4.77527e-01
4.16000e-01 4.81919e-01
4.20000e-01 4.86407e-01
4.24000e-01 4.91800e-01
4.28000e-01 4.99481e-01
4.32000e-01 5.11790e-01
4.36000e-01 5.29087e-01
4.40000e-01 5.41607e-01
4.44000e-01 5.44115e-01
4.48000e-01 5.44192e-01
4.52000e-01 5.44192e-01
4.56000e-01 5.44192e-01
4.60000e-01 5.44192e-01
4.64000e-01 5.44189e-01
4.68000e-01 5.44172e-01
4.72000e-01 5.44083e-01
4.76000e-01 5.43630e-01
4.80000e-01 5.41788e-01
4.84000e-01 5.37704e-01
4.88000e-01 5.34931e-01
4.92000e-01 5.34651e-01
4.96000e-01 5.34764e-01
5.00000e-01 5.35455e-01
5.04000e-01 5.35881e-01
5.08000e-01 5.35411e-01
5.12000e-01 5.28707e-01
5.16000e-01 4.93397e-01
5.20000e-01 4.46076e-01
5.24000e-01 4.35180e-01
5.28000e-01 4.35098e-01
5.32000e-01 4.36052e-01
5.36000e-01 4.39142e-01
5.40000e-01 4.44309e-01
5.44000e-01 4.49840e-01
5.48000e-01 4.54300e-01
5.52000e-01 4.57712e-01
5.56000e-01 4.60689e-01
5.60000e-01 4.63705e-01
5.64000e-01 4.66961e-01
5.68000e-01 4.70435e-01
5.72000e-01 4.73996e-01
5.76000e-01 4.77518e-01
5.80000e-01 4.80952e-01
5.84000e-01 4.84307e-01
5.88000e-01 4.87616e-01
5.92000e-01 4.90905e-01
5.96000e-01 4.94178e-01
6.00000e-01 4.97421e-01
6.04000e-01 5.00608e-01
6.08000e-01 5.03714e-01
6.12000e-01 5.06718e-01
6.16000e-01 5.09588e-01
6.20000e-01 5.12251e-01
6.24000e-01 5.14618e-01
6.28000e-01 5.16696e-01
6.32000e-01 5.18751e-01
6.36000e-01 5.21559e-01
6.40000e-01 5.27264e-01
6.44000e-01 5.40285e-01
6.48000e-01 5.56174e-01
6.52000e-01 5.59696e-01
6.56000e-01 5.57573e-01
6.60000e-01 5.36293e-01
6.64000e-01 4.87548e-01
6.68000e-01 4.67422e-01
6.72000e-01 4.66704e-01
6.76000e-01 4.67716e-01
6.80000e-01 4.72343e-01
6.84000e-01 4.83727e-01
6.88000e-01 5.01993e-01
6.92000e-01 5.15888e-01
6.96000e-01 5.18806e-01
7.00000e-01 5.18902e-01
7.04000e-01 5.18902e-01
7.08000e-01 5.18903e-01
7.12000e-01 5.18903e-01
7.16000e-01 5.18904e-01
7.20000e-01 5.18914e-01
7.24000e-01 5.18979e-01
7.28000e-01 5.19229e-01
7.32000e-01 5.19432e-01
7.36000e-01 5.19400e-01
7.40000e-01 5.18716e-01
7.44000e-01 5.13171e-01
7.48000e-01 4.89485e-01
7.52000e-01 4.57243e-01
7.56000e-01 4.48313e-01
7.60000e-01 4.48070e-01
7.64000e-01 4.48286e-01
7.68000e-01 4.49322e-01
7.72000e-01 4.51819e-01
7.76000e-01 4.55877e-01
7.80000e-01 4.60760e-01
7.84000e-01 4.65506e-01
7.88000e-01 4.69820e-01
7.92000e-01 4.74219e-01
7.96000e-01 4.79857e-01
8.00000e-01 4.88632e-01
8.04000e-01 5.01771e-01
8.08000e-01 5.13385e-01
8.12000e-01 5.16676e-01
8.16000e-01 5.16845e-01
8.20000e-01 5.16846e-01
8.24000e-01 5.16846e-01
8.28000e-01 5.16846e-01
8.32000e-01 5.16845e-01
8.36000e-01 5.16841e-01
8.40000e-01 5.16806e-01
8.44000e-01 5.16507e-01
8.48000e-01 5.14197e-01
8.52000e-01 5.00961e-01
8.56000e-01 4.67871e-01
8.60000e-01 4.47159e-01
8.64000e-01 4.45172e-01
8.68000e-01 4.45310e-01
8.72000e-01 4.46307e-01
8.76000e-01 4.49175e-01
8.80000e-01 4.54231e-01
8.84000e-01 4.60396e-01
8.88000e-01 4.66216e-01
8.92000e-01 4.71535e-01
8.96000e-01 4.77552e-01
9.00000e-01 4.85922e-01
9.04000e-01 4.95589e-01
9.08000e-01 5.00530e-01
9.12000e-01 5.01140e-01
9.16000e-01 5.01150e-01
9.20000e-01 5.01150e-01
9.24000e-01 5.01150e-01
9.28000e-01 5.01150e-01
9.32000e-01 5.01150e-01
9.36000e-01 5.01150e-01
9.40000e-01 5.01150e-01
9.44000e-01 5.01150e-01
9.48000e-01 5.01150e-01
9.52000e-01 5.01150e-01
9.56000e-01 5.01150e-01
9.60000e-01 5.01150e-01
9.64000e-01 5.01152e-01
9.68000e-01 5.01161e-01
9.72000e-01 5.01226e-01
9.76000e-01 5.01555e-01
9.80000e-01 5.02138e-01
9.84000e-01 5.02221e-01
9.88000e-01 5.01741e-01
9.92000e-01 4.97108e-01
9.96000e-01 4.75536e-01
1.00000e+00 4.42617e-01
1.00400e+00 4.32378e-01
1.00800e+00 4.32170e-01
1.01200e+00 4.33009e-01
1.01600e+00 4.36430e-01
1.02000e+00 4.43472e-01
1.02400e+00 4.50847e-01
1.02800e+00 4.53872e-01
1.03200e+00 4.54394e-01
1.03600e+00 4.54564e-01
1.04000e+00 4.54769e-01
1.04400e+00 4.55166e-01
1.04800e+00 4.55907e-01
1.05200e+00 4.57071e-01
1.05600e+00 4.58597e-01
1.06000e+00 4.60314e-01
1.06400e+00 4.62073e-01
1.06800e+00 4.63827e-01
1.07200e+00 4.65615e-01
1.07600e+00 4.67494e-01
1.08000e+00 4.69493e-01
1.08400e+00 4.71594e-01
1.08800e+00 4.73733e-01
1.09200e+00 4.75831e-01
1.09600e+00 4.77828e-01
1.10000e+00 4.79696e-01
1.10400e+00 4.81442e-01
1.10800e+00 4.83094e-01
1.11200e+00 4.84688e-01
1.11600e+00 4.86254e-01
1.12000e+00 4.87818e-01
1.12400e+00 4.89393e-01
1.12800e+00 4.90984e-01
1.13200e+00 4.92588e-01
1.13600e+00 4.94196e-01
1.14000e+00 4.95805e-01
1.14400e+00 4.97435e-01
1.14800e+00 4.99141e-01
1.15200e+00 5.01000e-01
1.15600e+00 5.03017e-01
1.16000e+00 5.04939e-01
1.16400e+00 5.06296e-01
1.16800e+00 5.06966e-01
1.17200e+00 5.07268e-01
1.17600e+00 5.07469e-01
1.18000e+00 5.07703e-01
1.18400e+00 5.08124e-01
1.18800e+00 5.09112e-01
1.19200e+00 5.11768e-01
1.19600e+00 5.18502e-01
1.20000e+00 5.29454e-01
1.20400e+00 5.35656e-01
1.20800e+00 5.36216e-01
1.21200e+00 5.36047e-01
1.21600e+00 5.34668e-01
1.22000e+00 5.29133e-01
1.22400e+00 5.12831e-01
1.22800e+00 4.80381e-01
1.23200e+00 4.53410e-01
1.23600e+00 4.47794e-01
1.24000e+00 4.47676e-01
1.24400e+00 4.47873e-01
1.24800e+00 4.48881e-01
1.25200e+00 4.50933e-01
1.25600e+00 4.52295e-01
1.26000e+00 4.52487e-01
1.26400e+00 4.52490e-01
1.26800e+00 4.52490e-01
1.27200e+00 4.52490e-01
1.27600e+00 4.52491e-01
1.28000e+00 4.52491e-01
1.28400e+00 4.52493e-01
1.28800e+00 4.52499e-01
1.29200e+00 4.52511e-01
1.29600e+00 4.52537e-01
1.30000e+00 4.52594e-01
1.30400e+00 4.52706e-01
1.30800e+00 4.52919e-01
1.31200e+00 4.53301e-01
1.31600e+00 4.53946e-01
1.32000e+00 4.54954e-01
1.32400e+00 4.56392e-01
1.32800e+00 4.58211e-01
1.33200e+00 4.60197e-01
1.33600e+00 4.62076e-01
1.34000e+00 4.63728e-01
1.34400e+00 4.65277e-01
1.34800e+00 4.67041e-01
1.35200e+00 4.69591e-01
1.35600e+00 4.74047e-01
1.36000e+00 4.82130e-01
1.36400e+00 4.92984e-01
1.36800e+00 4.99231e-01
1.37200e+00 5.00100e-01
1.37600e+00 5.00116e-01
1.38000e+00 5.00116e-01
1.38400e+00 5.00116e-01
1.38800e+00 5.00116e-01
1.39200e+00 5.00116e-01
1.39600e+00 5.00116e-01
1.40000e+00 5.00116e-01
1.40400e+00 5.00116e-01
1.40800e+00 5.00116e-01
1.41200e+00 5.00116e-01
1.41600e+00 5.00116e-01
1.42000e+00 5.00117e-01
1.42400e+00 5.00117e-01
1.42800e+00 5.00118e-01
1.43200e+00 5.00124e-01
1.43600e+00 5.00146e-01
1.44000e+00 5.00234e-01
1.44400e+00 5.00568e-01
1.44800e+00 5.01698e-01
1.45200e+00 5.04311e-01
1.45600e+00 5.06796e-01
1.46000e+00 5.07308e-01
1.46400e+00 5.07294e-01
1.46800e+00 5.07038e-01
1.47200e+00 5.05636e-01
1.47600e+00 5.01346e-01
1.48000e+00 4.96110e-01
1.48400e+00 4.94559e-01
1.48800e+00 4.94507e-01
1.49200e+00 4.94549e-01
1.49600e+00 4.94809e-01
1.50000e+00 4.95500e-01
1.50400e+00 4.96171e-01
1.50800e+00 4.96325e-01
1.51200e+00 4.96330e-01
1.51600e+00 4.96330e-01
1.52000e+00 4.96330e-01
1.52400e+00 4.96331e-01
1.52800e+00 4.96333e-01
1.53200e+00 4.96339e-01
1.53600e+00 4.96355e-01
1.54000e+00 4.96397e-01
1.54400e+00 4.96489e-01
1.54800e+00 4.96669e-01
1.55200e+00 4.96997e-01
1.55600e+00 4.97615e-01
1.56000e+00 4.98948e-01
1.56400e+00 5.02168e-01
1.56800e+00 5.09023e-01
1.57200e+00 5.16614e-01
1.57600e+00 5.18780e-01
1.58000e+00 5.18779e-01
1.58400e+00 5.17953e-01
1.58800e+00 5.12521e-01
1.59200e+00 4.95671e-01
1.59600e+00 4.79190e-01
1.60000e+00 4.75917e-01
1.60400e+00 4.75854e-01
1.60800e+00 4.75903e-01
1.61200e+00 4.76108e-01
1.61600e+00 4.76352e-01
1.62000e+00 4.76425e-01
1.62400e+00 4.76432e-01
1.62800e+00 4.76436e-01
1.63200e+00 4.76444e-01
1.63600e+00 4.76467e-01
1.64000e+00 4.76527e-01
1.64400e+00 4.76662e-01
1.64800e+00 4.76939e-01
1.65200e+00 4.77497e-01
1.65600e+00 4.78659e-01
1.66000e+00 4.81202e-01
1.66400e+00 4.86709e-01
1.66800e+00 4.96119e-01
1.67200e+00 5.04048e-01
1.67600e+00 5.05919e-01
1.68000e+00 5.05990e-01
1.68400e+00 5.05990e-01
1.68800e+00 5.05990e-01
1.69200e+00 5.05990e-01
1.69600e+00 5.05990e-01
1.70000e+00 5.05990e-01
1.70400e+00 5.05991e-01
1.70800e+00 5.05994e-01
1.71200e+00 5.06006e-01
1.71600e+00 5.06060e-01
1.72000e+00 5.06295e-01
1.72400e+00 5.07126e-01
1.72800e+00 5.08738e-01
1.73200e+00 5.09626e-01
1.73600e+00 5.09663e-01
1.74000e+00 5.09439e-01
1.74400e+00 5.07869e-01
1.74800e+00 5.01929e-01
1.75200e+00 4.92212e-01
1.75600e+00 4.87908e-01
1.76000e+00 4.87595e-01
1.76400e+00 4.87599e-01
1.76800e+00 4.87649e-01
1.77200e+00 4.87863e-01
1.77600e+00 4.88504e-01
1.78000e+00 4.90130e-01
1.78400e+00 4.93925e-01
1.78800e+00 5.02093e-01
1.79200e+00 5.15522e-01
1.79600e+00 5.26087e-01
1.80000e+00 5.28325e-01
1.80400e+00 5.28398e-01
1.80800e+00 5.28398e-01
1.81200e+00 5.28398e-01
1.81600e+00 5.28398e-01
1.82000e+00 5.28398e-01
1.82400e+00 5.28398e-01
1.82800e+00 5.28398e-01
1.83200e+00 5.28398e-01
1.83600e+00 5.28398e-01
1.84000e+00 5.28398e-01
1.84400e+00 5.28398e-01
1.84800e+00 5.28398e-01
1.85200e+00 5.28398e-01
1.85600e+00 5.28398e-01
1.86000e+00 5.28398e-01
1.86400e+00 5.28398e-01
1.86800e+00 5.28398e-01
1.87200e+00 5.28398e-01
1.87600e+00 5.28398e-01
1.88000e+00 5.28398e-01
1.88400e+00 5.28398e-01
1.88800e+00 5.28399e-01
1.89200e+00 5.28403e-01
1.89600e+00 5.28418e-01
1.90000e+00 5.28480e-01
1.90400e+00 5.28722e-01
1.90800e+00 5.29613e-01
1.91200e+00 5.32293e-01
1.91600e+00 5.36893e-01
1.92000e+00 5.39551e-01
1.92400e+00 5.39857e-01
1.92800e+00 5.39861e-01
1.93200e+00 5.39861e-01
1.93600e+00 5.39860e-01
1.94000e+00 5.39848e-01
1.94400e+00 5.39743e-01
1.94800e+00 5.38872e-01
1.95200e+00 5.32806e-01
1.95600e+00 5.09424e-01
1.96000e+00 4.82264e-01
1.96400e+00 4.76644e-01
1.96800e+00 4.76789e-01
1.97200e+00 4.78769e-01
1.97600e+00 4.85005e-01
1.98000e+00 4.91618e-01
1.98400e+00 4.92935e-01
1.98800e+00 4.92780e-01
1.99200e+00 4.87274e-01
1.99600e+00 4.86680e-01
