0.00000e+00 4.98397e-01
4.00000e-03 4.98397e-01
8.00000e-03 4.98397e-01
1.20000e-02 4.98398e-01
1.60000e-02 4.98408e-01
2.00000e-02 4.98493e-01
2.40000e-02 4.98879e-01
2.80000e-02 4.99722e-01
3.20000e-02 5.00420e-01
3.60000e-02 5.00741e-01
4.00000e-02 5.01099e-01
4.40000e-02 5.02185e-01
4.80000e-02 5.05873e-01
5.20000e-02 5.16153e-01
5.60000e-02 5.38456e-01
6.00000e-02 5.68352e-01
6.40000e-02 5.82659e-01
6.80000e-02 5.83863e-01
7.20000e-02 5.83736e-01
7.60000e-02 5.82114e-01
8.00000e-02 5.72075e-01
8.40000e-02 5.32633e-01
8.80000e-02 4.61798e-01
9.20000e-02 4.24596e-01
9.60000e-02 4.20762e-01
1.00000e-01 4.20867e-01
1.04000e-01 4.21983e-01
1.08000e-01 4.25861e-01
1.12000e-01 4.33901e-01
1.16000e-01 4.45711e-01
1.20000e-01 4.59980e-01
1.24000e-01 4.77289e-01
1.28000e-01 5.02162e-01
1.32000e-01 5.36702e-01
1.36000e-01 5.56231e-01
1.40000e-01 5.56529e-01
1.44000e-01 5.40789e-01
1.48000e-01 4.79240e-01
1.52000e-01 4.41136e-01
1.56000e-01 4.39426e-01
1.60000e-01 4.43104e-01
1.64000e-01 4.54184e-01
1.68000e-01 4.63262e-01
1.72000e-01 4.64829e-01
1.76000e-01 4.64861e-01
1.80000e-01 4.64857e-01
1.84000e-01 4.64833e-01
1.88000e-01 4.64754e-01
1.92000e-01 4.64572e-01
1.96000e-01 4.64264e-01
2.00000e-01 4.63861e-01
2.04000e-01 4.63411e-01
2.08000e-01 4.62905e-01
2.12000e-01 4.62203e-01
2.16000e-01 4.60909e-01
2.20000e-01 4.58387e-01
2.24000e-01 4.55266e-01
2.28000e-01 4.53933e-01
2.32000e-01 4.53827e-01
2.36000e-01 4.53832e-01
2.40000e-01 4.53882e-01
2.44000e-01 4.54088e-01
2.48000e-01 4.54689e-01
2.52000e-01 4.56076e-01
2.56000e-01 4.58717e-01
2.60000e-01 4.62950e-01
2.64000e-01 4.68772e-01
2.68000e-01 4.75795e-01
2.72000e-01 4.83413e-01
2.76000e-01 4.91050e-01
2.80000e-01 4.98359e-01
2.84000e-01 5.05306e-01
2.88000e-01 5.12215e-01
2.92000e-01 5.19875e-01
2.96000e-01 5.29925e-01
3.00000e-01 5.45437e-01
3.04000e-01 5.68176e-01
3.08000e-01 5.86675e-01
3.12000e-01 5.90973e-01
3.16000e-01 5.91117e-01
3.20000e-01 5.91098e-01
3.24000e-01 5.90731e-01
3.28000e-01 5.85629e-01
3.32000e-01 5.46789e-01
3.36000e-01 4.73368e-01
3.40000e-01 4.50373e-01
3.44000e-01 4.49666e-01
3.48000e-01 4.49958e-01
3.52000e-01 4.51424e-01
3.56000e-01 4.55033e-01
3.60000e-01 4.61025e-01
3.64000e-01 4.68442e-01
3.68000e-01 4.76212e-01
3.72000e-01 4.84910e-01
3.76000e-01 4.97420e-01
3.80000e-01 5.16349e-01
3.84000e-01 5.30804e-01
3.88000e-01 5.32583e-01
3.92000e-01 5.30579e-01
3.96000e-01 5.12683e-01
4.00000e-01 4.69513e-01
4.04000e-01 4.48470e-01
4.08000e-01 4.47245e-01
4.12000e-01 4.47621e-01
4.16000e-01 4.49561e-01
4.20000e-01 4.54044e-01
4.24000e-01 4.60614e-01
4.28000e-01 4.67564e-01
4.32000e-01 4.73484e-01
4.36000e-01 4.78174e-01
4.40000e-01 4.82156e-01
4.44000e-01 4.86071e-01
4.48000e-01 4.90603e-01
4.52000e-01 4.96803e-01
4.56000e-01 5.06620e-01
4.60000e-01 5.22098e-01
4.64000e-01 5.38018e-01
4.68000e-01 5.43783e-01
4.72000e-01 5.44189e-01
4.76000e-01 5.44192e-01
4.80000e-01 5.44192e-01
4.84000e-01 5.44192e-01
4.88000e-01 5.44191e-01
4.92000e-01 5.44186e-01
4.96000e-01 5.44157e-01
5.00000e-01 5.44000e-01
5.04000e-01 5.43232e-01
5.08000e-01 5.40520e-01
5.12000e-01 5.36392e-01
5.16000e-01 5.34952e-01
5.20000e-01 5.34942e-01
5.24000e-01 5.35156e-01
5.28000e-01 5.35206e-01
5.32000e-01 5.34552e-01
5.36000e-01 5.27015e-01
5.40000e-01 4.90656e-01
5.44000e-01 4.45594e-01
5.48000e-01 4.36074e-01
5.52000e-01 4.36050e-01
5.56000e-01 4.37093e-01
5.60000e-01 4.40366e-01
5.64000e-01 4.45776e-01
5.68000e-01 4.51445e-01
5.72000e-01 4.55827e-01
5.76000e-01 4.59012e-01
5.80000e-01 4.61721e-01
5.84000e-01 4.64482e-01
5.88000e-01 4.67532e-01
5.92000e-01 4.70862e-01
5.96000e-01 4.74321e-01
6.00000e-01 4.77753e-01
6.04000e-01 4.81080e-01
6.08000e-01 4.84308e-01
6.12000e-01 4.87477e-01
6.16000e-01 4.90625e-01
6.20000e-01 4.93768e-01
6.24000e-01 4.96895e-01
6.28000e-01 4.99984e-01
6.32000e-01 5.03011e-01
6.36000e-01 5.05963e-01
6.40000e-01 5.08819e-01
6.44000e-01 5.11508e-01
6.48000e-01 5.13895e-01
6.52000e-01 5.15896e-01
6.56000e-01 5.17663e-01
6.60000e-01 5.19728e-01
6.64000e-01 5.23492e-01
6.68000e-01 5.32565e-01
6.72000e-01 5.48216e-01
6.76000e-01 5.55538e-01
6.80000e-01 5.55083e-01
6.84000e-01 5.44381e-01
6.88000e-01 5.03482e-01
6.92000e-01 4.71459e-01
6.96000e-01 4.68120e-01
7.00000e-01 4.68621e-01
7.04000e-01 4.71860e-01
7.08000e-01 4.81260e-01
7.12000e-01 4.98446e-01
7.16000e-01 5.14289e-01
7.20000e-01 5.18690e-01
7.24000e-01 5.18901e-01
7.28000e-01 5.18903e-01
7.32000e-01 5.18903e-01
7.36000e-01 5.18903e-01
7.40000e-01 5.18904e-01
7.44000e-01 5.18914e-01
7.48000e-01 5.18978e-01
7.52000e-01 5.19173e-01
7.56000e-01 5.19271e-01
7.60000e-01 5.19216e-01
7.64000e-01 5.18428e-01
7.68000e-01 5.12410e-01
7.72000e-01 4.87915e-01
7.76000e-01 4.56598e-01
7.80000e-01 4.48570e-01
7.84000e-01 4.48386e-01
7.88000e-01 4.48626e-01
7.92000e-01 4.49732e-01
7.96000e-01 4.52351e-01
8.00000e-01 4.56554e-01
8.04000e-01 4.61532e-01
8.08000e-01 4.66251e-01
8.12000e-01 4.70405e-01
8.16000e-01 4.74514e-01
8.20000e-01 4.79679e-01
8.24000e-01 4.87708e-01
8.28000e-01 5.00192e-01
8.32000e-01 5.12447e-01
8.36000e-01 5.16576e-01
8.40000e-01 5.16844e-01
8.44000e-01 5.16846e-01
8.48000e-01 5.16846e-01
8.52000e-01 5.16846e-01
8.56000e-01 5.16845e-01
8.60000e-01 5.16840e-01
8.64000e-01 5.16796e-01
8.68000e-01 5.16430e-01
8.72000e-01 5.13663e-01
8.76000e-01 4.98662e-01
8.80000e-01 4.65112e-01
8.84000e-01 4.47056e-01
8.88000e-01 4.45662e-01
8.92000e-01 4.45833e-01
8.96000e-01 4.46925e-01
9.00000e-01 4.49924e-01
9.04000e-01 4.55052e-01
9.08000e-01 4.61170e-01
9.12000e-01 4.66887e-01
9.16000e-01 4.72157e-01
9.20000e-01 4.78239e-01
9.24000e-01 4.86737e-01
9.28000e-01 4.96204e-01
9.32000e-01 5.00658e-01
9.36000e-01 5.01143e-01
9.40000e-01 5.01150e-01
9.44000e-01 5.01150e-01
9.48000e-01 5.01150e-01
9.52000e-01 5.01150e-01
9.56000e-01 5.01150e-01
9.60000e-01 5.01150e-01
9.64000e-01 5.01150e-01
9.68000e-01 5.01150e-01
9.72000e-01 5.01150e-01
9.76000e-01 5.01150e-01
9.80000e-01 5.01150e-01
9.84000e-01 5.01150e-01
9.88000e-01 5.01153e-01
9.92000e-01 5.01167e-01
9.96000e-01 5.01262e-01
1.00000e+00 5.01615e-01
1.00400e+00 5.01896e-01
1.00800e+00 5.01846e-01
1.01200e+00 5.00854e-01
1.01600e+00 4.93444e-01
1.02000e+00 4.66641e-01
1.02400e+00 4.38395e-01
1.02800e+00 4.33037e-01
1.03200e+00 4.33130e-01
1.03600e+00 4.34471e-01
1.04000e+00 4.38915e-01
1.04400e+00 4.46686e-01
1.04800e+00 4.52779e-01
1.05200e+00 4.54382e-01
1.05600e+00 4.54597e-01
1.06000e+00 4.54707e-01
1.06400e+00 4.54894e-01
1.06800e+00 4.55299e-01
1.07200e+00 4.56074e-01
1.07600e+00 4.57301e-01
1.08000e+00 4.58905e-01
1.08400e+00 4.60692e-01
1.08800e+00 4.62488e-01
1.09200e+00 4.64243e-01
1.09600e+00 4.66004e-01
1.10000e+00 4.67842e-01
1.10400e+00 4.69799e-01
1.10800e+00 4.71863e-01
1.11200e+00 4.73972e-01
1.11600e+00 4.76044e-01
1.12000e+00 4.78011e-01
1.12400e+00 4.79842e-01
1.12800e+00 4.81544e-01
1.13200e+00 4.83150e-01
1.13600e+00 4.84697e-01
1.14000e+00 4.86218e-01
1.14400e+00 4.87739e-01
1.14800e+00 4.89276e-01
1.15200e+00 4.90833e-01
1.15600e+00 4.92405e-01
1.16000e+00 4.93980e-01
1.16400e+00 4.95548e-01
1.16800e+00 4.97122e-01
1.17200e+00 4.98760e-01
1.17600e+00 5.00565e-01
1.18000e+00 5.02614e-01
1.18400e+00 5.04717e-01
1.18800e+00 5.06292e-01
1.19200e+00 5.07035e-01
1.19600e+00 5.07309e-01
1.20000e+00 5.07459e-01
1.20400e+00 5.07620e-01
1.20800e+00 5.07901e-01
1.21200e+00 5.08542e-01
1.21600e+00 5.10245e-01
1.22000e+00 5.14819e-01
1.22400e+00 5.24349e-01
1.22800e+00 5.33638e-01
1.23200e+00 5.35888e-01
1.23600e+00 5.35916e-01
1.24000e+00 5.35583e-01
1.24400e+00 5.32897e-01
1.24800e+00 5.17836e-01
1.25200e+00 4.78244e-01
1.25600e+00 4.51065e-01
1.26000e+00 4.47893e-01
1.26400e+00 4.47906e-01
1.26800e+00 4.48263e-01
1.27200e+00 4.49555e-01
1.27600e+00 4.51515e-01
1.28000e+00 4.52411e-01
1.28400e+00 4.52490e-01
1.28800e+00 4.52490e-01
1.29200e+00 4.52490e-01
1.29600e+00 4.52490e-01
1.30000e+00 4.52491e-01
1.30400e+00 4.52492e-01
1.30800e+00 4.52494e-01
1.31200e+00 4.52501e-01
1.31600e+00 4.52515e-01
1.32000e+00 4.52547e-01
1.32400e+00 4.52613e-01
1.32800e+00 4.52743e-01
1.33200e+00 4.52986e-01
1.33600e+00 4.53416e-01
1.34000e+00 4.54129e-01
1.34400e+00 4.55227e-01
1.34800e+00 4.56764e-01
1.35200e+00 4.58663e-01
1.35600e+00 4.60678e-01
1.36000e+00 4.62526e-01
1.36400e+00 4.64113e-01
1.36800e+00 4.65595e-01
1.37200e+00 4.67301e-01
1.37600e+00 4.69811e-01
1.38000e+00 4.74250e-01
1.38400e+00 4.82340e-01
1.38800e+00 4.93148e-01
1.39200e+00 4.99271e-01
1.39600e+00 5.00101e-01
1.40000e+00 5.00116e-01
1.40400e+00 5.00116e-01
1.40800e+00 5.00116e-01
1.41200e+00 5.00116e-01
1.41600e+00 5.00116e-01
1.42000e+00 5.00116e-01
1.42400e+00 5.00116e-01
1.42800e+00 5.00116e-01
1.43200e+00 5.00116e-01
1.43600e+00 5.00116e-01
1.44000e+00 5.00116e-01
1.44400e+00 5.00116e-01
1.44800e+00 5.00117e-01
1.45200e+00 5.00118e-01
1.45600e+00 5.00122e-01
1.46000e+00 5.00139e-01
1.46400e+00 5.00204e-01
1.46800e+00 5.00456e-01
1.47200e+00 5.01339e-01
1.47600e+00 5.03623e-01
1.48000e+00 5.06359e-01
1.48400e+00 5.07180e-01
1.48800e+00 5.07191e-01
1.49200e+00 5.07034e-01
1.49600e+00 5.06039e-01
1.50000e+00 5.02532e-01
1.50400e+00 4.97047e-01
1.50800e+00 4.94710e-01
1.51200e+00 4.94562e-01
1.51600e+00 4.94585e-01
1.52000e+00 4.94763e-01
1.52400e+00 4.95336e-01
1.52800e+00 4.96069e-01
1.53200e+00 4.96316e-01
1.53600e+00 4.96330e-01
1.54000e+00 4.96330e-01
1.54400e+00 4.96330e-01
1.54800e+00 4.96331e-01
1.55200e+00 4.96332e-01
1.55600e+00 4.96336e-01
1.56000e+00 4.96348e-01
1.56400e+00 4.96378e-01
1.56800e+00 4.96446e-01
1.57200e+00 4.96581e-01
1.57600e+00 4.96834e-01
1.58000e+00 4.97318e-01
1.58400e+00 4.98371e-01
1.58800e+00 5.00971e-01
1.59200e+00 5.06960e-01
1.59600e+00 5.15025e-01
1.60000e+00 5.18259e-01
1.60400e+00 5.18369e-01
1.60800e+00 5.17831e-01
1.61200e+00 5.13742e-01
1.61600e+00 4.99033e-01
1.62000e+00 4.80957e-01
1.62400e+00 4.76080e-01
1.62800e+00 4.75918e-01
1.63200e+00 4.75946e-01
1.63600e+00 4.76097e-01
1.64000e+00 4.76330e-01
1.64400e+00 4.76425e-01
1.64800e+00 4.76436e-01
1.65200e+00 4.76440e-01
1.65600e+00 4.76446e-01
1.66000e+00 4.76466e-01
1.66400e+00 4.76519e-01
1.66800e+00 4.76640e-01
1.67200e+00 4.76893e-01
1.67600e+00 4.77408e-01
1.68000e+00 4.78485e-01
1.68400e+00 4.80842e-01
1.68800e+00 4.85994e-01
1.69200e+00 4.95149e-01
1.69600e+00 5.03591e-01
1.70000e+00 5.05884e-01
1.70400e+00 5.05990e-01
1.70800e+00 5.05990e-01
1.71200e+00 5.05990e-01
1.71600e+00 5.05990e-01
1.72000e+00 5.05990e-01
1.72400e+00 5.05990e-01
1.72800e+00 5.05991e-01
1.73200e+00 5.05993e-01
1.73600e+00 5.06001e-01
1.74000e+00 5.06041e-01
1.74400e+00 5.06215e-01
1.74800e+00 5.06866e-01
1.75200e+00 5.08331e-01
1.75600e+00 5.09393e-01
1.76000e+00 5.09487e-01
1.76400e+00 5.09348e-01
1.76800e+00 5.08227e-01
1.77200e+00 5.03464e-01
1.77600e+00 4.93933e-01
1.78000e+00 4.88250e-01
1.78400e+00 4.87624e-01
1.78800e+00 4.87621e-01
1.79200e+00 4.87652e-01
1.79600e+00 4.87801e-01
1.80000e+00 4.88276e-01
1.80400e+00 4.89512e-01
1.80800e+00 4.92438e-01
1.81200e+00 4.98933e-01
1.81600e+00 5.11002e-01
1.82000e+00 5.23769e-01
1.82400e+00 5.28124e-01
1.82800e+00 5.28396e-01
1.83200e+00 5.28398e-01
1.83600e+00 5.28398e-01
1.84000e+00 5.28398e-01
1.84400e+00 5.28398e-01
1.84800e+00 5.28398e-01
1.85200e+00 5.28398e-01
1.85600e+00 5.28398e-01
1.86000e+00 5.28398e-01
1.86400e+00 5.28398e-01
1.86800e+00 5.28398e-01
1.87200e+00 5.28398e-01
1.87600e+00 5.28398e-01
1.88000e+00 5.28398e-01
1.88400e+00 5.28398e-01
1.88800e+00 5.28398e-01
1.89200e+00 5.28398e-01
1.89600e+00 5.28398e-01
1.90000e+00 5.28398e-01
1.90400e+00 5.28398e-01
1.90800e+00 5.28398e-01
1.91200e+00 5.28398e-01
1.91600e+00 5.28400e-01
1.92000e+00 5.28406e-01
1.92400e+00 5.28432e-01
1.92800e+00 5.28535e-01
1.93200e+00 5.28931e-01
1.93600e+00 5.30326e-01
1.94000e+00 5.33923e-01
1.94400e+00 5.38307e-01
1.94800e+00 5.39780e-01
1.95200e+00 5.39860e-01
1.95600e+00 5.39861e-01
1.96000e+00 5.39860e-01
1.96400e+00 5.39853e-01
1.96800e+00 5.39788e-01
1.97200e+00 5.39242e-01
1.97600e+00 5.35228e-01
1.98000e+00 5.16738e-01
1.98400e+00 4.87410e-01
1.98800e+00 4.78021e-01
1.99200e+00 4.78896e-01
1.99600e+00 4.79014e-01
