0.00000e+00 4.12655e-01
4.00000e-03 4.12656e-01
8.00000e-03 4.12682e-01
1.20000e-02 4.13001e-01
1.60000e-02 4.15180e-01
2.00000e-02 4.24079e-01
2.40000e-02 4.46808e-01
2.80000e-02 4.79253e-01
3.20000e-02 4.96365e-01
3.60000e-02 4.98372e-01
4.00000e-02 4.98469e-01
4.40000e-02 4.98548e-01
4.80000e-02 4.98785e-01
5.20000e-02 4.99358e-01
5.60000e-02 5.00091e-01
6.00000e-02 5.00627e-01
6.40000e-02 5.01085e-01
6.80000e-02 5.01890e-01
7.20000e-02 5.03975e-01
7.60000e-02 5.09335e-01
8.00000e-02 5.21552e-01
8.40000e-02 5.44781e-01
8.80000e-02 5.71999e-01
9.20000e-02 5.82849e-01
9.60000e-02 5.83556e-01
1.00000e-01 5.83382e-01
1.04000e-01 5.79955e-01
1.08000e-01 5.46117e-01
1.12000e-01 4.59378e-01
1.16000e-01 4.23039e-01
1.20000e-01 4.21405e-01
1.24000e-01 4.21800e-01
1.28000e-01 4.23858e-01
1.32000e-01 4.28963e-01
1.36000e-01 4.37544e-01
1.40000e-01 4.48676e-01
1.44000e-01 4.61286e-01
1.48000e-01 4.76302e-01
1.52000e-01 4.98117e-01
1.56000e-01 5.29459e-01
1.60000e-01 5.48729e-01
1.64000e-01 5.49439e-01
1.68000e-01 5.38144e-01
1.72000e-01 4.86948e-01
1.76000e-01 4.47328e-01
1.80000e-01 4.44351e-01
1.84000e-01 4.46869e-01
1.88000e-01 4.55641e-01
1.92000e-01 4.63411e-01
1.96000e-01 4.64824e-01
2.00000e-01 4.64853e-01
2.04000e-01 4.64850e-01
2.08000e-01 4.64826e-01
2.12000e-01 4.64746e-01
2.16000e-01 4.64563e-01
2.20000e-01 4.64247e-01
2.24000e-01 4.63829e-01
2.28000e-01 4.63366e-01
2.32000e-01 4.62823e-01
2.36000e-01 4.61962e-01
2.40000e-01 4.60195e-01
2.44000e-01 4.57067e-01
2.48000e-01 4.54442e-01
2.52000e-01 4.53860e-01
2.56000e-01 4.53845e-01
2.60000e-01 4.53857e-01
2.64000e-01 4.53931e-01
2.68000e-01 4.54191e-01
2.72000e-01 4.54884e-01
2.76000e-01 4.56385e-01
2.80000e-01 4.59112e-01
2.84000e-01 4.63337e-01
2.88000e-01 4.69012e-01
2.92000e-01 4.75758e-01
2.96000e-01 4.83021e-01
3.00000e-01 4.90272e-01
3.04000e-01 4.97165e-01
3.08000e-01 5.03595e-01
3.12000e-01 5.09706e-01
3.16000e-01 5.15919e-01
3.20000e-01 5.23082e-01
3.24000e-01 5.32931e-01
3.28000e-01 5.48638e-01
3.32000e-01 5.71213e-01
3.36000e-01 5.87791e-01
3.40000e-01 5.90994e-01
3.44000e-01 5.91064e-01
3.48000e-01 5.90954e-01
3.52000e-01 5.88888e-01
3.56000e-01 5.66746e-01
3.60000e-01 4.94938e-01
3.64000e-01 4.53293e-01
3.68000e-01 4.50288e-01
3.72000e-01 4.50511e-01
3.76000e-01 4.51901e-01
3.80000e-01 4.55497e-01
3.84000e-01 4.61383e-01
3.88000e-01 4.68467e-01
3.92000e-01 4.75769e-01
3.96000e-01 4.83948e-01
4.00000e-01 4.95801e-01
4.04000e-01 5.13929e-01
4.08000e-01 5.28127e-01
4.12000e-01 5.30019e-01
4.16000e-01 5.28342e-01
4.20000e-01 5.12755e-01
4.24000e-01 4.71996e-01
4.28000e-01 4.49618e-01
4.32000e-01 4.48042e-01
4.36000e-01 4.48371e-01
4.40000e-01 4.50192e-01
4.44000e-01 4.54597e-01
4.48000e-01 4.61260e-01
4.52000e-01 4.68396e-01
4.56000e-01 4.74358e-01
4.60000e-01 4.78856e-01
4.64000e-01 4.82477e-01
4.68000e-01 4.85900e-01
4.72000e-01 4.89738e-01
4.76000e-01 4.94791e-01
4.80000e-01 5.02549e-01
4.84000e-01 5.15403e-01
4.88000e-01 5.32427e-01
4.92000e-01 5.42649e-01
4.96000e-01 5.44162e-01
5.00000e-01 5.44192e-01
5.04000e-01 5.44192e-01
5.08000e-01 5.44192e-01
5.12000e-01 5.44192e-01
5.16000e-01 5.44190e-01
5.20000e-01 5.44181e-01
5.24000e-01 5.44128e-01
5.28000e-01 5.43845e-01
5.32000e-01 5.42550e-01
5.36000e-01 5.39034e-01
5.40000e-01 5.35742e-01
5.44000e-01 5.35102e-01
5.48000e-01 5.35058e-01
5.52000e-01 5.34972e-01
5.56000e-01 5.34043e-01
5.60000e-01 5.25521e-01
5.64000e-01 4.87903e-01
5.68000e-01 4.45145e-01
5.72000e-01 4.36973e-01
5.76000e-01 4.37004e-01
5.80000e-01 4.38143e-01
5.84000e-01 4.41602e-01
5.88000e-01 4.47241e-01
5.92000e-01 4.53015e-01
5.96000e-01 4.57280e-01
6.00000e-01 4.60223e-01
6.04000e-01 4.62664e-01
6.08000e-01 4.65179e-01
6.12000e-01 4.68032e-01
6.16000e-01 4.71228e-01
6.20000e-01 4.74603e-01
6.24000e-01 4.77964e-01
6.28000e-01 4.81205e-01
6.32000e-01 4.84320e-01
6.36000e-01 4.87358e-01
6.40000e-01 4.90371e-01
6.44000e-01 4.93386e-01
6.48000e-01 4.96399e-01
6.52000e-01 4.99389e-01
6.56000e-01 5.02334e-01
6.60000e-01 5.05226e-01
6.64000e-01 5.08060e-01
6.68000e-01 5.10782e-01
6.72000e-01 5.13232e-01
6.76000e-01 5.15243e-01
6.80000e-01 5.16864e-01
6.84000e-01 5.18488e-01
6.88000e-01 5.21067e-01
6.92000e-01 5.27193e-01
6.96000e-01 5.40396e-01
7.00000e-01 5.51018e-01
7.04000e-01 5.51732e-01
7.08000e-01 5.47017e-01
7.12000e-01 5.18290e-01
7.16000e-01 4.78683e-01
7.20000e-01 4.69716e-01
7.24000e-01 4.69819e-01
7.28000e-01 4.71896e-01
7.32000e-01 4.79229e-01
7.36000e-01 4.94658e-01
7.40000e-01 5.11976e-01
7.44000e-01 5.18436e-01
7.48000e-01 5.18899e-01
7.52000e-01 5.18903e-01
7.56000e-01 5.18903e-01
7.60000e-01 5.18903e-01
7.64000e-01 5.18904e-01
7.68000e-01 5.18914e-01
7.72000e-01 5.18975e-01
7.76000e-01 5.19117e-01
7.80000e-01 5.19155e-01
7.84000e-01 5.19080e-01
7.88000e-01 5.18182e-01
7.92000e-01 5.11659e-01
7.96000e-01 4.86348e-01
8.00000e-01 4.56010e-01
8.04000e-01 4.48840e-01
8.08000e-01 4.48704e-01
8.12000e-01 4.48970e-01
8.16000e-01 4.50147e-01
8.20000e-01 4.52887e-01
8.24000e-01 4.57234e-01
8.28000e-01 4.62304e-01
8.32000e-01 4.66996e-01
8.36000e-01 4.70991e-01
8.40000e-01 4.74821e-01
8.44000e-01 4.79536e-01
8.48000e-01 4.86842e-01
8.52000e-01 4.98584e-01
8.56000e-01 5.11317e-01
8.60000e-01 5.16419e-01
8.64000e-01 5.16842e-01
8.68000e-01 5.16846e-01
8.72000e-01 5.16846e-01
8.76000e-01 5.16846e-01
8.80000e-01 5.16845e-01
8.84000e-01 5.16839e-01
8.88000e-01 5.16784e-01
8.92000e-01 5.16342e-01
8.96000e-01 5.13063e-01
9.00000e-01 4.96281e-01
9.04000e-01 4.62690e-01
9.08000e-01 4.47103e-01
9.12000e-01 4.46141e-01
9.16000e-01 4.46344e-01
9.20000e-01 4.47531e-01
9.24000e-01 4.50652e-01
9.28000e-01 4.55841e-01
9.32000e-01 4.61905e-01
9.36000e-01 4.67524e-01
9.40000e-01 4.72757e-01
9.44000e-01 4.78915e-01
9.48000e-01 4.87539e-01
9.52000e-01 4.96774e-01
9.56000e-01 5.00763e-01
9.60000e-01 5.01146e-01
9.64000e-01 5.01150e-01
9.68000e-01 5.01150e-01
9.72000e-01 5.01150e-01
9.76000e-01 5.01150e-01
9.80000e-01 5.01150e-01
9.84000e-01 5.01150e-01
9.88000e-01 5.01150e-01
9.92000e-01 5.01150e-01
9.96000e-01 5.01150e-01
1.00000e+00 5.01150e-01
1.00400e+00 5.01150e-01
1.00800e+00 5.01151e-01
1.01200e+00 5.01154e-01
1.01600e+00 5.01177e-01
1.02000e+00 5.01306e-01
1.02400e+00 5.01593e-01
1.02800e+00 5.01665e-01
1.03200e+00 5.01503e-01
1.03600e+00 4.99701e-01
1.04000e+00 4.88535e-01
1.04400e+00 4.57956e-01
1.04800e+00 4.36235e-01
1.05200e+00 4.33887e-01
1.05600e+00 4.34182e-01
1.06000e+00 4.36178e-01
1.06400e+00 4.41764e-01
1.06800e+00 4.49657e-01
1.07200e+00 4.53936e-01
1.07600e+00 4.54625e-01
1.08000e+00 4.54722e-01
1.08400e+00 4.54808e-01
1.08800e+00 4.54994e-01
1.09200e+00 4.55420e-01
1.09600e+00 4.56241e-01
1.10000e+00 4.57539e-01
1.10400e+00 4.59226e-01
1.10800e+00 4.61081e-01
1.11200e+00 4.62910e-01
1.11600e+00 4.64660e-01
1.12000e+00 4.66388e-01
1.12400e+00 4.68181e-01
1.12800e+00 4.70092e-01
1.13200e+00 4.72119e-01
1.13600e+00 4.74200e-01
1.14000e+00 4.76248e-01
1.14400e+00 4.78189e-01
1.14800e+00 4.79985e-01
1.15200e+00 4.81647e-01
1.15600e+00 4.83207e-01
1.16000e+00 4.84706e-01
1.16400e+00 4.86183e-01
1.16800e+00 4.87663e-01
1.17200e+00 4.89163e-01
1.17600e+00 4.90687e-01
1.18000e+00 4.92230e-01
1.18400e+00 4.93776e-01
1.18800e+00 4.95307e-01
1.19200e+00 4.96828e-01
1.19600e+00 4.98391e-01
1.20000e+00 5.00122e-01
1.20400e+00 5.02169e-01
1.20800e+00 5.04447e-01
1.21200e+00 5.06282e-01
1.21600e+00 5.07119e-01
1.22000e+00 5.07365e-01
1.22400e+00 5.07471e-01
1.22800e+00 5.07575e-01
1.23200e+00 5.07757e-01
1.23600e+00 5.08170e-01
1.24000e+00 5.09250e-01
1.24400e+00 5.12214e-01
1.24800e+00 5.19419e-01
1.25200e+00 5.30035e-01
1.25600e+00 5.35290e-01
1.26000e+00 5.35701e-01
1.26400e+00 5.35547e-01
1.26800e+00 5.33571e-01
1.27200e+00 5.19680e-01
1.27600e+00 4.79425e-01
1.28000e+00 4.51296e-01
1.28400e+00 4.48158e-01
1.28800e+00 4.48196e-01
1.29200e+00 4.48694e-01
1.29600e+00 4.50209e-01
1.30000e+00 4.51942e-01
1.30400e+00 4.52464e-01
1.30800e+00 4.52490e-01
1.31200e+00 4.52490e-01
1.31600e+00 4.52490e-01
1.32000e+00 4.52491e-01
1.32400e+00 4.52491e-01
1.32800e+00 4.52492e-01
1.33200e+00 4.52495e-01
1.33600e+00 4.52503e-01
1.34000e+00 4.52521e-01
1.34400e+00 4.52559e-01
1.34800e+00 4.52636e-01
1.35200e+00 4.52785e-01
1.35600e+00 4.53061e-01
1.36000e+00 4.53542e-01
1.36400e+00 4.54329e-01
1.36800e+00 4.55521e-01
1.37200e+00 4.57158e-01
1.37600e+00 4.59135e-01
1.38000e+00 4.61168e-01
1.38400e+00 4.62973e-01
1.38800e+00 4.64488e-01
1.39200e+00 4.65900e-01
1.39600e+00 4.67549e-01
1.40000e+00 4.70016e-01
1.40400e+00 4.74434e-01
1.40800e+00 4.82526e-01
1.41200e+00 4.93290e-01
1.41600e+00 4.99304e-01
1.42000e+00 5.00102e-01
1.42400e+00 5.00116e-01
1.42800e+00 5.00116e-01
1.43200e+00 5.00116e-01
1.43600e+00 5.00116e-01
1.44000e+00 5.00116e-01
1.44400e+00 5.00116e-01
1.44800e+00 5.00116e-01
1.45200e+00 5.00116e-01
1.45600e+00 5.00116e-01
1.46000e+00 5.00116e-01
1.46400e+00 5.00116e-01
1.46800e+00 5.00116e-01
1.47200e+00 5.00117e-01
1.47600e+00 5.00117e-01
1.48000e+00 5.00121e-01
1.48400e+00 5.00133e-01
1.48800e+00 5.00182e-01
1.49200e+00 5.00371e-01
1.49600e+00 5.01054e-01
1.50000e+00 5.02989e-01
1.50400e+00 5.05834e-01
1.50800e+00 5.07031e-01
1.51200e+00 5.07087e-01
1.51600e+00 5.06994e-01
1.52000e+00 5.06305e-01
1.52400e+00 5.03546e-01
1.52800e+00 4.98163e-01
1.53200e+00 4.94957e-01
1.53600e+00 4.94618e-01
1.54000e+00 4.94628e-01
1.54400e+00 4.94745e-01
1.54800e+00 4.95196e-01
1.55200e+00 4.95939e-01
1.55600e+00 4.96298e-01
1.56000e+00 4.96330e-01
1.56400e+00 4.96330e-01
1.56800e+00 4.96330e-01
1.57200e+00 4.96331e-01
1.57600e+00 4.96331e-01
1.58000e+00 4.96334e-01
1.58400e+00 4.96343e-01
1.58800e+00 4.96364e-01
1.59200e+00 4.96414e-01
1.59600e+00 4.96515e-01
1.60000e+00 4.96708e-01
1.60400e+00 4.97084e-01
1.60800e+00 4.97911e-01
1.61200e+00 4.99985e-01
1.61600e+00 5.05072e-01
1.62000e+00 5.13189e-01
1.62400e+00 5.17612e-01
1.62800e+00 5.17938e-01
1.63200e+00 5.17597e-01
1.63600e+00 5.14581e-01
1.64000e+00 5.02132e-01
1.64400e+00 4.83167e-01
1.64800e+00 4.76328e-01
1.65200e+00 4.75975e-01
1.65600e+00 4.75990e-01
1.66000e+00 4.76096e-01
1.66400e+00 4.76306e-01
1.66800e+00 4.76423e-01
1.67200e+00 4.76440e-01
1.67600e+00 4.76443e-01
1.68000e+00 4.76449e-01
1.68400e+00 4.76466e-01
1.68800e+00 4.76512e-01
1.69200e+00 4.76620e-01
1.69600e+00 4.76851e-01
1.70000e+00 4.77326e-01
1.70400e+00 4.78323e-01
1.70800e+00 4.80507e-01
1.71200e+00 4.85317e-01
1.71600e+00 4.94173e-01
1.72000e+00 5.03065e-01
1.72400e+00 5.05835e-01
1.72800e+00 5.05989e-01
1.73200e+00 5.05990e-01
1.73600e+00 5.05990e-01
1.74000e+00 5.05990e-01
1.74400e+00 5.05990e-01
1.74800e+00 5.05990e-01
1.75200e+00 5.05991e-01
1.75600e+00 5.05992e-01
1.76000e+00 5.05998e-01
1.76400e+00 5.06027e-01
1.76800e+00 5.06155e-01
1.77200e+00 5.06658e-01
1.77600e+00 5.07945e-01
1.78000e+00 5.09142e-01
1.78400e+00 5.09317e-01
1.78800e+00 5.09233e-01
1.79200e+00 5.08445e-01
1.79600e+00 5.04720e-01
1.80000e+00 4.95800e-01
1.80400e+00 4.88789e-01
1.80800e+00 4.87659e-01
1.81200e+00 4.87642e-01
1.81600e+00 4.87660e-01
1.82000e+00 4.87763e-01
1.82400e+00 4.88112e-01
1.82800e+00 4.89049e-01
1.83200e+00 4.91299e-01
1.83600e+00 4.96390e-01
1.84000e+00 5.06661e-01
1.84400e+00 5.20424e-01
1.84800e+00 5.27572e-01
1.85200e+00 5.28387e-01
1.85600e+00 5.28398e-01
1.86000e+00 5.28398e-01
1.86400e+00 5.28398e-01
1.86800e+00 5.28398e-01
1.87200e+00 5.28398e-01
1.87600e+00 5.28398e-01
1.88000e+00 5.28398e-01
1.88400e+00 5.28398e-01
1.88800e+00 5.28398e-01
1.89200e+00 5.28398e-01
1.89600e+00 5.28398e-01
1.90000e+00 5.28398e-01
1.90400e+00 5.28398e-01
1.90800e+00 5.28398e-01
1.91200e+00 5.28398e-01
1.91600e+00 5.28398e-01
1.92000e+00 5.28398e-01
1.92400e+00 5.28398e-01
1.92800e+00 5.28398e-01
1.93200e+00 5.28398e-01
1.93600e+00 5.28398e-01
1.94000e+00 5.28399e-01
1.94400e+00 5.28401e-01
1.94800e+00 5.28412e-01
1.95200e+00 5.28455e-01
1.95600e+00 5.28625e-01
1.96000e+00 5.29270e-01
1.96400e+00 5.31368e-01
1.96800e+00 5.35723e-01
1.97200e+00 5.39211e-01
1.97600e+00 5.39845e-01
1.98000e+00 5.39860e-01
1.98400e+00 5.39860e-01
1.98800e+00 5.39856e-01
1.99200e+00 5.38936e-01
1.99600e+00 5.38817e-01
