0.00000e+00 4.29196e-01
4.00000e-03 4.29196e-01
8.00000e-03 4.29205e-01
1.20000e-02 4.29321e-01
1.60000e-02 4.30240e-01
2.00000e-02 4.34652e-01
2.40000e-02 4.47167e-01
2.80000e-02 4.63072e-01
3.20000e-02 4.67978e-01
3.60000e-02 4.67838e-01
4.00000e-02 4.64588e-01
4.40000e-02 4.49000e-01
4.80000e-02 4.24320e-01
5.20000e-02 4.16350e-01
5.60000e-02 4.16367e-01
6.00000e-02 4.18305e-01
6.40000e-02 4.24970e-01
6.80000e-02 4.38993e-01
7.20000e-02 4.61396e-01
7.60000e-02 4.85731e-01
8.00000e-02 4.97144e-01
8.40000e-02 4.98527e-01
8.80000e-02 4.98596e-01
9.20000e-02 4.98633e-01
9.60000e-02 4.98722e-01
1.00000e-01 4.98965e-01
1.04000e-01 4.99453e-01
1.08000e-01 5.00103e-01
1.12000e-01 5.00746e-01
1.16000e-01 5.01431e-01
1.20000e-01 5.02459e-01
1.24000e-01 5.04442e-01
1.28000e-01 5.08486e-01
1.32000e-01 5.16534e-01
1.36000e-01 5.32144e-01
1.40000e-01 5.57688e-01
1.44000e-01 5.78138e-01
1.48000e-01 5.81381e-01
1.52000e-01 5.79946e-01
1.56000e-01 5.57092e-01
1.60000e-01 4.74831e-01
1.64000e-01 4.27042e-01
1.68000e-01 4.23998e-01
1.72000e-01 4.24705e-01
1.76000e-01 4.28018e-01
1.80000e-01 4.34831e-01
1.84000e-01 4.44025e-01
1.88000e-01 4.53898e-01
1.92000e-01 4.63971e-01
1.96000e-01 4.75841e-01
2.00000e-01 4.93652e-01
2.04000e-01 5.19960e-01
2.08000e-01 5.37166e-01
2.12000e-01 5.38271e-01
2.16000e-01 5.32346e-01
2.20000e-01 4.98289e-01
2.24000e-01 4.58456e-01
2.28000e-01 4.51979e-01
2.32000e-01 4.52849e-01
2.36000e-01 4.57492e-01
2.40000e-01 4.63268e-01
2.44000e-01 4.64786e-01
2.48000e-01 4.64837e-01
2.52000e-01 4.64834e-01
2.56000e-01 4.64810e-01
2.60000e-01 4.64729e-01
2.64000e-01 4.64541e-01
2.68000e-01 4.64221e-01
2.72000e-01 4.63801e-01
2.76000e-01 4.63290e-01
2.80000e-01 4.62507e-01
2.84000e-01 4.60909e-01
2.88000e-01 4.57844e-01
2.92000e-01 4.54789e-01
2.96000e-01 4.53909e-01
3.00000e-01 4.53870e-01
3.04000e-01 4.53874e-01
3.08000e-01 4.53909e-01
3.12000e-01 4.54042e-01
3.16000e-01 4.54422e-01
3.20000e-01 4.55301e-01
3.24000e-01 4.57023e-01
3.28000e-01 4.59915e-01
3.32000e-01 4.64134e-01
3.36000e-01 4.69562e-01
3.40000e-01 4.75838e-01
3.44000e-01 4.82495e-01
3.48000e-01 4.89106e-01
3.52000e-01 4.95374e-01
3.56000e-01 5.01159e-01
3.60000e-01 5.06466e-01
3.64000e-01 5.11422e-01
3.68000e-01 5.16286e-01
3.72000e-01 5.21518e-01
3.76000e-01 5.28026e-01
3.80000e-01 5.37763e-01
3.84000e-01 5.54164e-01
3.88000e-01 5.76407e-01
3.92000e-01 5.89152e-01
3.96000e-01 5.90579e-01
4.00000e-01 5.90358e-01
4.04000e-01 5.85683e-01
4.08000e-01 5.47724e-01
4.12000e-01 4.75134e-01
4.16000e-01 4.52752e-01
4.20000e-01 4.52221e-01
4.24000e-01 4.53011e-01
4.28000e-01 4.56038e-01
4.32000e-01 4.61635e-01
4.36000e-01 4.68439e-01
4.40000e-01 4.75215e-01
4.44000e-01 4.82649e-01
4.48000e-01 4.93482e-01
4.52000e-01 5.10215e-01
4.56000e-01 5.23551e-01
4.60000e-01 5.25444e-01
4.64000e-01 5.24170e-01
4.68000e-01 5.11792e-01
4.72000e-01 4.75608e-01
4.76000e-01 4.51831e-01
4.80000e-01 4.49615e-01
4.84000e-01 4.49864e-01
4.88000e-01 4.51444e-01
4.92000e-01 4.55609e-01
4.96000e-01 4.62356e-01
5.00000e-01 4.69888e-01
5.04000e-01 4.76062e-01
5.08000e-01 4.80294e-01
5.12000e-01 4.83305e-01
5.16000e-01 4.85913e-01
5.20000e-01 4.88693e-01
5.24000e-01 4.92154e-01
5.28000e-01 4.97088e-01
5.32000e-01 5.05102e-01
5.36000e-01 5.18557e-01
5.40000e-01 5.35064e-01
5.44000e-01 5.43271e-01
5.48000e-01 5.44180e-01
5.52000e-01 5.44192e-01
5.56000e-01 5.44192e-01
5.60000e-01 5.44192e-01
5.64000e-01 5.44192e-01
5.68000e-01 5.44191e-01
5.72000e-01 5.44185e-01
5.76000e-01 5.44153e-01
5.80000e-01 5.43984e-01
5.84000e-01 5.43207e-01
5.88000e-01 5.40770e-01
5.92000e-01 5.37285e-01
5.96000e-01 5.35567e-01
6.00000e-01 5.34883e-01
6.04000e-01 5.33271e-01
6.08000e-01 5.22653e-01
6.12000e-01 4.82708e-01
6.16000e-01 4.44638e-01
6.20000e-01 4.38783e-01
6.24000e-01 4.38908e-01
6.28000e-01 4.40250e-01
6.32000e-01 4.44095e-01
6.36000e-01 4.50160e-01
6.40000e-01 4.56041e-01
6.44000e-01 4.59960e-01
6.48000e-01 4.62375e-01
6.52000e-01 4.64297e-01
6.56000e-01 4.66349e-01
6.60000e-01 4.68833e-01
6.64000e-01 4.71791e-01
6.68000e-01 4.75040e-01
6.72000e-01 4.78318e-01
6.76000e-01 4.81444e-01
6.80000e-01 4.84379e-01
6.84000e-01 4.87184e-01
6.88000e-01 4.89939e-01
6.92000e-01 4.92703e-01
6.96000e-01 4.95492e-01
7.00000e-01 4.98287e-01
7.04000e-01 5.01060e-01
7.08000e-01 5.03807e-01
7.12000e-01 5.06555e-01
7.16000e-01 5.09310e-01
7.20000e-01 5.11940e-01
7.24000e-01 5.14149e-01
7.28000e-01 5.15755e-01
7.32000e-01 5.16980e-01
7.36000e-01 5.18382e-01
7.40000e-01 5.21205e-01
7.44000e-01 5.28567e-01
7.48000e-01 5.40612e-01
7.52000e-01 5.45225e-01
7.56000e-01 5.44575e-01
7.60000e-01 5.34921e-01
7.64000e-01 5.01100e-01
7.68000e-01 4.75307e-01
7.72000e-01 4.72692e-01
7.76000e-01 4.73273e-01
7.80000e-01 4.76952e-01
7.84000e-01 4.87568e-01
7.88000e-01 5.05049e-01
7.92000e-01 5.16899e-01
7.96000e-01 5.18858e-01
8.00000e-01 5.18903e-01
8.04000e-01 5.18903e-01
8.08000e-01 5.18903e-01
8.12000e-01 5.18905e-01
8.16000e-01 5.18916e-01
8.20000e-01 5.18965e-01
8.24000e-01 5.19018e-01
8.28000e-01 5.19016e-01
8.32000e-01 5.18896e-01
8.36000e-01 5.17768e-01
8.40000e-01 5.10164e-01
8.44000e-01 4.83294e-01
8.48000e-01 4.55053e-01
8.52000e-01 4.49408e-01
8.56000e-01 4.49346e-01
8.60000e-01 4.49670e-01
8.64000e-01 4.50991e-01
8.68000e-01 4.53972e-01
8.72000e-01 4.58603e-01
8.76000e-01 4.63858e-01
8.80000e-01 4.68491e-01
8.84000e-01 4.72173e-01
8.88000e-01 4.75471e-01
8.92000e-01 4.79355e-01
8.96000e-01 4.85307e-01
9.00000e-01 4.95378e-01
9.04000e-01 5.08468e-01
9.08000e-01 5.15833e-01
9.12000e-01 5.16828e-01
9.16000e-01 5.16846e-01
9.20000e-01 5.16846e-01
9.24000e-01 5.16846e-01
9.28000e-01 5.16845e-01
9.32000e-01 5.16835e-01
9.36000e-01 5.16757e-01
9.40000e-01 5.16128e-01
9.44000e-01 5.11660e-01
9.48000e-01 4.91408e-01
9.52000e-01 4.58833e-01
9.56000e-01 4.47494e-01
9.60000e-01 4.47061e-01
9.64000e-01 4.47334e-01
9.68000e-01 4.48707e-01
9.72000e-01 4.52046e-01
9.76000e-01 4.57322e-01
9.80000e-01 4.63265e-01
9.84000e-01 4.68706e-01
9.88000e-01 4.73899e-01
9.92000e-01 4.80244e-01
9.96000e-01 4.89105e-01
1.00000e+00 4.97784e-01
1.00400e+00 5.00916e-01
1.00800e+00 5.01148e-01
1.01200e+00 5.01150e-01
1.01600e+00 5.01150e-01
1.02000e+00 5.01150e-01
1.02400e+00 5.01150e-01
1.02800e+00 5.01150e-01
1.03200e+00 5.01150e-01
1.03600e+00 5.01150e-01
1.04000e+00 5.01150e-01
1.04400e+00 5.01150e-01
1.04800e+00 5.01150e-01
1.05200e+00 5.01150e-01
1.05600e+00 5.01151e-01
1.06000e+00 5.01160e-01
1.06400e+00 5.01210e-01
1.06800e+00 5.01344e-01
1.07200e+00 5.01394e-01
1.07600e+00 5.01340e-01
1.08000e+00 5.00669e-01
1.08400e+00 4.95761e-01
1.08800e+00 4.74933e-01
1.09200e+00 4.44827e-01
1.09600e+00 4.35888e-01
1.10000e+00 4.35750e-01
1.10400e+00 4.36706e-01
1.10800e+00 4.40554e-01
1.11200e+00 4.47876e-01
1.11600e+00 4.53520e-01
1.12000e+00 4.54734e-01
1.12400e+00 4.54827e-01
1.12800e+00 4.54867e-01
1.13200e+00 4.54948e-01
1.13600e+00 4.55164e-01
1.14000e+00 4.55659e-01
1.14400e+00 4.56596e-01
1.14800e+00 4.58052e-01
1.15200e+00 4.59909e-01
1.15600e+00 4.61895e-01
1.16000e+00 4.63775e-01
1.16400e+00 4.65495e-01
1.16800e+00 4.67141e-01
1.17200e+00 4.68829e-01
1.17600e+00 4.70640e-01
1.18000e+00 4.72589e-01
1.18400e+00 4.74619e-01
1.18800e+00 4.76630e-01
1.19200e+00 4.78529e-01
1.19600e+00 4.80268e-01
1.20000e+00 4.81852e-01
1.20400e+00 4.83323e-01
1.20800e+00 4.84730e-01
1.21200e+00 4.86117e-01
1.21600e+00 4.87514e-01
1.22000e+00 4.88941e-01
1.22400e+00 4.90404e-01
1.22800e+00 4.91896e-01
1.23200e+00 4.93397e-01
1.23600e+00 4.94873e-01
1.24000e+00 4.96299e-01
1.24400e+00 4.97710e-01
1.24800e+00 4.99252e-01
1.25200e+00 5.01206e-01
1.25600e+00 5.03770e-01
1.26000e+00 5.06217e-01
1.26400e+00 5.07292e-01
1.26800e+00 5.07476e-01
1.27200e+00 5.07514e-01
1.27600e+00 5.07547e-01
1.28000e+00 5.07612e-01
1.28400e+00 5.07773e-01
1.28800e+00 5.08197e-01
1.29200e+00 5.09370e-01
1.29600e+00 5.12651e-01
1.30000e+00 5.20493e-01
1.30400e+00 5.30841e-01
1.30800e+00 5.34670e-01
1.31200e+00 5.34734e-01
1.31600e+00 5.33363e-01
1.32000e+00 5.21762e-01
1.32400e+00 4.83571e-01
1.32800e+00 4.52923e-01
1.33200e+00 4.48949e-01
1.33600e+00 4.49004e-01
1.34000e+00 4.49669e-01
1.34400e+00 4.51246e-01
1.34800e+00 4.52335e-01
1.35200e+00 4.52488e-01
1.35600e+00 4.52491e-01
1.36000e+00 4.52491e-01
1.36400e+00 4.52491e-01
1.36800e+00 4.52491e-01
1.37200e+00 4.52492e-01
1.37600e+00 4.52494e-01
1.38000e+00 4.52499e-01
1.38400e+00 4.52510e-01
1.38800e+00 4.52535e-01
1.39200e+00 4.52588e-01
1.39600e+00 4.52692e-01
1.40000e+00 4.52889e-01
1.40400e+00 4.53241e-01
1.40800e+00 4.53838e-01
1.41200e+00 4.54785e-01
1.41600e+00 4.56177e-01
1.42000e+00 4.58019e-01
1.42400e+00 4.60133e-01
1.42800e+00 4.62167e-01
1.43200e+00 4.63851e-01
1.43600e+00 4.65205e-01
1.44000e+00 4.66471e-01
1.44400e+00 4.68002e-01
1.44800e+00 4.70380e-01
1.45200e+00 4.74747e-01
1.45600e+00 4.82827e-01
1.46000e+00 4.93512e-01
1.46400e+00 4.99355e-01
1.46800e+00 5.00104e-01
1.47200e+00 5.00116e-01
1.47600e+00 5.00116e-01
1.48000e+00 5.00116e-01
1.48400e+00 5.00116e-01
1.48800e+00 5.00116e-01
1.49200e+00 5.00116e-01
1.49600e+00 5.00116e-01
1.50000e+00 5.00116e-01
1.50400e+00 5.00116e-01
1.50800e+00 5.00116e-01
1.51200e+00 5.00116e-01
1.51600e+00 5.00116e-01
1.52000e+00 5.00117e-01
1.52400e+00 5.00117e-01
1.52800e+00 5.00119e-01
1.53200e+00 5.00125e-01
1.53600e+00 5.00152e-01
1.54000e+00 5.00258e-01
1.54400e+00 5.00657e-01
1.54800e+00 5.01947e-01
1.55200e+00 5.04594e-01
1.55600e+00 5.06597e-01
1.56000e+00 5.06883e-01
1.56400e+00 5.06856e-01
1.56800e+00 5.06547e-01
1.57200e+00 5.04993e-01
1.57600e+00 5.00622e-01
1.58000e+00 4.95922e-01
1.58400e+00 4.94750e-01
1.58800e+00 4.94722e-01
1.59200e+00 4.94764e-01
1.59600e+00 4.95011e-01
1.60000e+00 4.95635e-01
1.60400e+00 4.96206e-01
1.60800e+00 4.96327e-01
1.61200e+00 4.96330e-01
1.61600e+00 4.96330e-01
1.62000e+00 4.96331e-01
1.62400e+00 4.96331e-01
1.62800e+00 4.96332e-01
1.63200e+00 4.96336e-01
1.63600e+00 4.96347e-01
1.64000e+00 4.96374e-01
1.64400e+00 4.96429e-01
1.64800e+00 4.96540e-01
1.65200e+00 4.96763e-01
1.65600e+00 4.97262e-01
1.66000e+00 4.98548e-01
1.66400e+00 5.01990e-01
1.66800e+00 5.09150e-01
1.67200e+00 5.15733e-01
1.67600e+00 5.17014e-01
1.68000e+00 5.16899e-01
1.68400e+00 5.15350e-01
1.68800e+00 5.07135e-01
1.69200e+00 4.88693e-01
1.69600e+00 4.77318e-01
1.70000e+00 4.76079e-01
1.70400e+00 4.76073e-01
1.70800e+00 4.76120e-01
1.71200e+00 4.76266e-01
1.71600e+00 4.76409e-01
1.72000e+00 4.76446e-01
1.72400e+00 4.76451e-01
1.72800e+00 4.76456e-01
1.73200e+00 4.76468e-01
1.73600e+00 4.76503e-01
1.74000e+00 4.76588e-01
1.74400e+00 4.76778e-01
1.74800e+00 4.77180e-01
1.75200e+00 4.78032e-01
1.75600e+00 4.79903e-01
1.76000e+00 4.84075e-01
1.76400e+00 4.92231e-01
1.76800e+00 5.01804e-01
1.77200e+00 5.05677e-01
1.77600e+00 5.05987e-01
1.78000e+00 5.05990e-01
1.78400e+00 5.05990e-01
1.78800e+00 5.05990e-01
1.79200e+00 5.05990e-01
1.79600e+00 5.05990e-01
1.80000e+00 5.05990e-01
1.80400e+00 5.05991e-01
1.80800e+00 5.05994e-01
1.81200e+00 5.06010e-01
1.81600e+00 5.06079e-01
1.82000e+00 5.06371e-01
1.82400e+00 5.07284e-01
1.82800e+00 5.08582e-01
1.83200e+00 5.08991e-01
1.83600e+00 5.08969e-01
1.84000e+00 5.08596e-01
1.84400e+00 5.06453e-01
1.84800e+00 4.99531e-01
1.85200e+00 4.90641e-01
1.85600e+00 4.87812e-01
1.86000e+00 4.87681e-01
1.86400e+00 4.87686e-01
1.86800e+00 4.87732e-01
1.87200e+00 4.87914e-01
1.87600e+00 4.88446e-01
1.88000e+00 4.89771e-01
1.88400e+00 4.92838e-01
1.88800e+00 4.99561e-01
1.89200e+00 5.11817e-01
1.89600e+00 5.24231e-01
1.90000e+00 5.28173e-01
1.90400e+00 5.28397e-01
1.90800e+00 5.28398e-01
1.91200e+00 5.28398e-01
1.91600e+00 5.28398e-01
1.92000e+00 5.28398e-01
1.92400e+00 5.28398e-01
1.92800e+00 5.28398e-01
1.93200e+00 5.28398e-01
1.93600e+00 5.28398e-01
1.94000e+00 5.28398e-01
1.94400e+00 5.28398e-01
1.94800e+00 5.28398e-01
1.95200e+00 5.28398e-01
1.95600e+00 5.28398e-01
1.96000e+00 5.28398e-01
1.96400e+00 5.28398e-01
1.96800e+00 5.28398e-01
1.97200e+00 5.28398e-01
1.97600e+00 5.28398e-01
1.98000e+00 5.28398e-01
1.98400e+00 5.28398e-01
1.98800e+00 5.28398e-01
1.99200e+00 5.28407e-01
1.99600e+00 5.28408e-01
