0.00000e+00 5.44642e-01
4.00000e-03 5.44642e-01
8.00000e-03 5.44642e-01
1.20000e-02 5.44644e-01
1.60000e-02 5.44670e-01
2.00000e-02 5.44931e-01
2.40000e-02 5.46636e-01
2.80000e-02 5.53567e-01
3.20000e-02 5.66654e-01
3.60000e-02 5.73227e-01
4.00000e-02 5.73479e-01
4.40000e-02 5.71120e-01
4.80000e-02 5.44987e-01
5.20000e-02 4.70389e-01
5.60000e-02 4.34896e-01
6.00000e-02 4.33527e-01
6.40000e-02 4.35688e-01
6.80000e-02 4.44621e-01
7.20000e-02 4.58807e-01
7.60000e-02 4.64694e-01
8.00000e-02 4.64663e-01
8.40000e-02 4.61456e-01
8.80000e-02 4.46636e-01
9.20000e-02 4.25169e-01
9.60000e-02 4.18865e-01
1.00000e-01 4.18869e-01
1.04000e-01 4.20205e-01
1.08000e-01 4.24816e-01
1.12000e-01 4.34441e-01
1.16000e-01 4.50248e-01
1.20000e-01 4.72032e-01
1.24000e-01 4.91528e-01
1.28000e-01 4.98132e-01
1.32000e-01 4.98632e-01
1.36000e-01 4.98650e-01
1.40000e-01 4.98663e-01
1.44000e-01 4.98696e-01
1.48000e-01 4.98798e-01
1.52000e-01 4.99051e-01
1.56000e-01 4.99524e-01
1.60000e-01 5.00177e-01
1.64000e-01 5.00911e-01
1.68000e-01 5.01744e-01
1.72000e-01 5.02881e-01
1.76000e-01 5.04714e-01
1.80000e-01 5.07902e-01
1.84000e-01 5.13839e-01
1.88000e-01 5.26196e-01
1.92000e-01 5.49915e-01
1.96000e-01 5.69488e-01
2.00000e-01 5.70936e-01
2.04000e-01 5.59680e-01
2.08000e-01 4.94889e-01
2.12000e-01 4.34933e-01
2.16000e-01 4.28032e-01
2.20000e-01 4.28669e-01
2.24000e-01 4.32222e-01
2.28000e-01 4.39710e-01
2.32000e-01 4.49126e-01
2.36000e-01 4.58117e-01
2.40000e-01 4.66538e-01
2.44000e-01 4.76366e-01
2.48000e-01 4.91494e-01
2.52000e-01 5.14093e-01
2.56000e-01 5.29259e-01
2.60000e-01 5.30527e-01
2.64000e-01 5.27310e-01
2.68000e-01 5.05069e-01
2.72000e-01 4.67902e-01
2.76000e-01 4.57061e-01
2.80000e-01 4.57086e-01
2.84000e-01 4.59082e-01
2.88000e-01 4.62985e-01
2.92000e-01 4.64703e-01
2.96000e-01 4.64817e-01
3.00000e-01 4.64815e-01
3.04000e-01 4.64792e-01
3.08000e-01 4.64713e-01
3.12000e-01 4.64532e-01
3.16000e-01 4.64230e-01
3.20000e-01 4.63795e-01
3.24000e-01 4.63094e-01
3.28000e-01 4.61655e-01
3.32000e-01 4.58719e-01
3.36000e-01 4.55272e-01
3.40000e-01 4.53976e-01
3.44000e-01 4.53887e-01
3.48000e-01 4.53889e-01
3.52000e-01 4.53904e-01
3.56000e-01 4.53972e-01
3.60000e-01 4.54179e-01
3.64000e-01 4.54690e-01
3.68000e-01 4.55762e-01
3.72000e-01 4.57696e-01
3.76000e-01 4.60741e-01
3.80000e-01 4.64958e-01
3.84000e-01 4.70180e-01
3.88000e-01 4.76059e-01
3.92000e-01 4.82203e-01
3.96000e-01 4.88271e-01
4.00000e-01 4.94032e-01
4.04000e-01 4.99364e-01
4.08000e-01 5.04240e-01
4.12000e-01 5.08703e-01
4.16000e-01 5.12851e-01
4.20000e-01 5.16832e-01
4.24000e-01 5.20885e-01
4.28000e-01 5.25471e-01
4.32000e-01 5.31648e-01
4.36000e-01 5.41933e-01
4.40000e-01 5.60354e-01
4.44000e-01 5.81381e-01
4.48000e-01 5.87928e-01
4.52000e-01 5.87661e-01
4.56000e-01 5.78694e-01
4.60000e-01 5.25918e-01
4.64000e-01 4.64906e-01
4.68000e-01 4.54754e-01
4.72000e-01 4.54889e-01
4.76000e-01 4.56609e-01
4.80000e-01 4.61160e-01
4.84000e-01 4.67720e-01
4.88000e-01 4.74555e-01
4.92000e-01 4.81882e-01
4.96000e-01 4.92270e-01
5.00000e-01 5.07910e-01
5.04000e-01 5.19910e-01
5.08000e-01 5.21541e-01
5.12000e-01 5.20468e-01
5.16000e-01 5.10055e-01
5.20000e-01 4.77720e-01
5.24000e-01 4.53798e-01
5.28000e-01 4.51108e-01
5.32000e-01 4.51296e-01
5.36000e-01 4.52659e-01
5.40000e-01 4.56526e-01
5.44000e-01 4.63240e-01
5.48000e-01 4.71174e-01
5.52000e-01 4.77708e-01
5.56000e-01 4.81795e-01
5.60000e-01 4.84291e-01
5.64000e-01 4.86228e-01
5.68000e-01 4.88217e-01
5.72000e-01 4.90651e-01
5.76000e-01 4.93954e-01
5.80000e-01 4.98937e-01
5.84000e-01 5.07340e-01
5.88000e-01 5.21392e-01
5.92000e-01 5.37156e-01
5.96000e-01 5.43644e-01
6.00000e-01 5.44187e-01
6.04000e-01 5.44192e-01
6.08000e-01 5.44192e-01
6.12000e-01 5.44192e-01
6.16000e-01 5.44192e-01
6.20000e-01 5.44191e-01
6.24000e-01 5.44188e-01
6.28000e-01 5.44171e-01
6.32000e-01 5.44083e-01
6.36000e-01 5.43700e-01
6.40000e-01 5.42508e-01
6.44000e-01 5.40425e-01
6.48000e-01 5.38153e-01
6.52000e-01 5.34310e-01
6.56000e-01 5.19095e-01
6.60000e-01 4.76147e-01
6.64000e-01 4.44245e-01
6.68000e-01 4.40574e-01
6.72000e-01 4.40788e-01
6.76000e-01 4.42356e-01
6.80000e-01 4.46602e-01
6.84000e-01 4.53060e-01
6.88000e-01 4.58903e-01
6.92000e-01 4.62320e-01
6.96000e-01 4.64171e-01
7.00000e-01 4.65610e-01
7.04000e-01 4.67245e-01
7.08000e-01 4.69398e-01
7.12000e-01 4.72149e-01
7.16000e-01 4.75322e-01
7.20000e-01 4.78588e-01
7.24000e-01 4.81674e-01
7.28000e-01 4.84490e-01
7.32000e-01 4.87097e-01
7.36000e-01 4.89611e-01
7.40000e-01 4.92128e-01
7.44000e-01 4.94692e-01
7.48000e-01 4.97295e-01
7.52000e-01 4.99900e-01
7.56000e-01 5.02485e-01
7.60000e-01 5.05087e-01
7.64000e-01 5.07781e-01
7.68000e-01 5.10547e-01
7.72000e-01 5.13082e-01
7.76000e-01 5.14949e-01
7.80000e-01 5.16133e-01
7.84000e-01 5.17087e-01
7.88000e-01 5.18520e-01
7.92000e-01 5.22152e-01
7.96000e-01 5.30825e-01
8.00000e-01 5.38934e-01
8.04000e-01 5.39789e-01
8.08000e-01 5.37500e-01
8.12000e-01 5.20868e-01
8.16000e-01 4.88355e-01
8.20000e-01 4.76003e-01
8.24000e-01 4.75704e-01
8.28000e-01 4.77019e-01
8.32000e-01 4.82848e-01
8.36000e-01 4.96499e-01
8.40000e-01 5.12522e-01
8.44000e-01 5.18487e-01
8.48000e-01 5.18900e-01
8.52000e-01 5.18903e-01
8.56000e-01 5.18904e-01
8.60000e-01 5.18906e-01
8.64000e-01 5.18917e-01
8.68000e-01 5.18947e-01
8.72000e-01 5.18958e-01
8.76000e-01 5.18945e-01
8.80000e-01 5.18782e-01
8.84000e-01 5.17409e-01
8.88000e-01 5.08664e-01
8.92000e-01 4.80454e-01
8.96000e-01 4.54406e-01
9.00000e-01 4.50008e-01
9.04000e-01 4.49992e-01
9.08000e-01 4.50379e-01
9.12000e-01 4.51845e-01
9.16000e-01 4.55066e-01
9.20000e-01 4.59983e-01
9.24000e-01 4.65429e-01
9.28000e-01 4.69999e-01
9.32000e-01 4.73366e-01
9.36000e-01 4.76165e-01
9.40000e-01 4.79310e-01
9.44000e-01 4.84052e-01
9.48000e-01 4.92360e-01
9.52000e-01 5.04917e-01
9.56000e-01 5.14645e-01
9.60000e-01 5.16771e-01
9.64000e-01 5.16845e-01
9.68000e-01 5.16846e-01
9.72000e-01 5.16845e-01
9.76000e-01 5.16844e-01
9.80000e-01 5.16830e-01
9.84000e-01 5.16721e-01
9.88000e-01 5.15857e-01
9.92000e-01 5.09999e-01
9.96000e-01 4.86604e-01
1.00000e+00 4.56151e-01
1.00400e+00 4.48105e-01
1.00800e+00 4.47933e-01
1.01200e+00 4.48284e-01
1.01600e+00 4.49830e-01
1.02000e+00 4.53352e-01
1.02400e+00 4.58676e-01
1.02800e+00 4.64486e-01
1.03200e+00 4.69778e-01
1.03600e+00 4.74977e-01
1.04000e+00 4.81557e-01
1.04400e+00 4.90619e-01
1.04800e+00 4.98627e-01
1.05200e+00 5.01015e-01
1.05600e+00 5.01149e-01
1.06000e+00 5.01150e-01
1.06400e+00 5.01150e-01
1.06800e+00 5.01150e-01
1.07200e+00 5.01150e-01
1.07600e+00 5.01150e-01
1.08000e+00 5.01150e-01
1.08400e+00 5.01150e-01
1.08800e+00 5.01150e-01
1.09200e+00 5.01150e-01
1.09600e+00 5.01150e-01
1.10000e+00 5.01151e-01
1.10400e+00 5.01154e-01
1.10800e+00 5.01173e-01
1.11200e+00 5.01234e-01
1.11600e+00 5.01265e-01
1.12000e+00 5.01248e-01
1.12400e+00 5.01008e-01
1.12800e+00 4.99079e-01
1.13200e+00 4.88152e-01
1.13600e+00 4.59466e-01
1.14000e+00 4.39588e-01
1.14400e+00 4.37519e-01
1.14800e+00 4.37857e-01
1.15200e+00 4.40072e-01
1.15600e+00 4.45893e-01
1.16000e+00 4.52471e-01
1.16400e+00 4.54715e-01
1.16800e+00 4.54894e-01
1.17200e+00 4.54919e-01
1.17600e+00 4.54955e-01
1.18000e+00 4.55057e-01
1.18400e+00 4.55326e-01
1.18800e+00 4.55917e-01
1.19200e+00 4.56996e-01
1.19600e+00 4.58627e-01
1.20000e+00 4.60659e-01
1.20400e+00 4.62761e-01
1.20800e+00 4.64664e-01
1.21200e+00 4.66325e-01
1.21600e+00 4.67865e-01
1.22000e+00 4.69432e-01
1.22400e+00 4.71133e-01
1.22800e+00 4.73002e-01
1.23200e+00 4.74987e-01
1.23600e+00 4.76977e-01
1.24000e+00 4.78853e-01
1.24400e+00 4.80548e-01
1.24800e+00 4.82063e-01
1.25200e+00 4.83447e-01
1.25600e+00 4.84761e-01
1.26000e+00 4.86056e-01
1.26400e+00 4.87370e-01
1.26800e+00 4.88724e-01
1.27200e+00 4.90127e-01
1.27600e+00 4.91578e-01
1.28000e+00 4.93052e-01
1.28400e+00 4.94497e-01
1.28800e+00 4.95850e-01
1.29200e+00 4.97116e-01
1.29600e+00 4.98457e-01
1.30000e+00 5.00252e-01
1.30400e+00 5.02979e-01
1.30800e+00 5.06011e-01
1.31200e+00 5.07372e-01
1.31600e+00 5.07529e-01
1.32000e+00 5.07540e-01
1.32400e+00 5.07548e-01
1.32800e+00 5.07567e-01
1.33200e+00 5.07621e-01
1.33600e+00 5.07777e-01
1.34000e+00 5.08226e-01
1.34400e+00 5.09569e-01
1.34800e+00 5.13546e-01
1.35200e+00 5.22584e-01
1.35600e+00 5.31234e-01
1.36000e+00 5.32634e-01
1.36400e+00 5.31830e-01
1.36800e+00 5.22880e-01
1.37200e+00 4.88443e-01
1.37600e+00 4.55340e-01
1.38000e+00 4.49965e-01
1.38400e+00 4.49977e-01
1.38800e+00 4.50553e-01
1.39200e+00 4.51783e-01
1.39600e+00 4.52431e-01
1.40000e+00 4.52490e-01
1.40400e+00 4.52491e-01
1.40800e+00 4.52491e-01
1.41200e+00 4.52491e-01
1.41600e+00 4.52491e-01
1.42000e+00 4.52492e-01
1.42400e+00 4.52496e-01
1.42800e+00 4.52503e-01
1.43200e+00 4.52520e-01
1.43600e+00 4.52555e-01
1.44000e+00 4.52627e-01
1.44400e+00 4.52766e-01
1.44800e+00 4.53020e-01
1.45200e+00 4.53464e-01
1.45600e+00 4.54194e-01
1.46000e+00 4.55322e-01
1.46400e+00 4.56930e-01
1.46800e+00 4.58979e-01
1.47200e+00 4.61198e-01
1.47600e+00 4.63177e-01
1.48000e+00 4.64694e-01
1.48400e+00 4.65868e-01
1.48800e+00 4.66984e-01
1.49200e+00 4.68396e-01
1.49600e+00 4.70682e-01
1.50000e+00 4.74987e-01
1.50400e+00 4.83037e-01
1.50800e+00 4.93658e-01
1.51200e+00 4.99387e-01
1.51600e+00 5.00105e-01
1.52000e+00 5.00116e-01
1.52400e+00 5.00116e-01
1.52800e+00 5.00116e-01
1.53200e+00 5.00116e-01
1.53600e+00 5.00116e-01
1.54000e+00 5.00116e-01
1.54400e+00 5.00116e-01
1.54800e+00 5.00116e-01
1.55200e+00 5.00116e-01
1.55600e+00 5.00116e-01
1.56000e+00 5.00116e-01
1.56400e+00 5.00116e-01
1.56800e+00 5.00116e-01
1.57200e+00 5.00117e-01
1.57600e+00 5.00118e-01
1.58000e+00 5.00121e-01
1.58400e+00 5.00136e-01
1.58800e+00 5.00195e-01
1.59200e+00 5.00423e-01
1.59600e+00 5.01223e-01
1.60000e+00 5.03312e-01
1.60400e+00 5.05868e-01
1.60800e+00 5.06668e-01
1.61200e+00 5.06684e-01
1.61600e+00 5.06562e-01
1.62000e+00 5.05768e-01
1.62400e+00 5.02821e-01
1.62800e+00 4.97666e-01
1.63200e+00 4.95038e-01
1.63600e+00 4.94814e-01
1.64000e+00 4.94826e-01
1.64400e+00 4.94941e-01
1.64800e+00 4.95361e-01
1.65200e+00 4.96015e-01
1.65600e+00 4.96307e-01
1.66000e+00 4.96330e-01
1.66400e+00 4.96331e-01
1.66800e+00 4.96331e-01
1.67200e+00 4.96331e-01
1.67600e+00 4.96331e-01
1.68000e+00 4.96333e-01
1.68400e+00 4.96339e-01
1.68800e+00 4.96352e-01
1.69200e+00 4.96382e-01
1.69600e+00 4.96444e-01
1.70000e+00 4.96573e-01
1.70400e+00 4.96870e-01
1.70800e+00 4.97647e-01
1.71200e+00 4.99848e-01
1.71600e+00 5.05329e-01
1.72000e+00 5.12932e-01
1.72400e+00 5.15927e-01
1.72800e+00 5.15999e-01
1.73200e+00 5.15280e-01
1.73600e+00 5.10328e-01
1.74000e+00 4.94870e-01
1.74400e+00 4.79426e-01
1.74800e+00 4.76219e-01
1.75200e+00 4.76143e-01
1.75600e+00 4.76160e-01
1.76000e+00 4.76246e-01
1.76400e+00 4.76384e-01
1.76800e+00 4.76448e-01
1.77200e+00 4.76459e-01
1.77600e+00 4.76464e-01
1.78000e+00 4.76473e-01
1.78400e+00 4.76499e-01
1.78800e+00 4.76565e-01
1.79200e+00 4.76720e-01
1.79600e+00 4.77057e-01
1.80000e+00 4.77782e-01
1.80400e+00 4.79381e-01
1.80800e+00 4.82977e-01
1.81200e+00 4.90352e-01
1.81600e+00 5.00279e-01
1.82000e+00 5.05401e-01
1.82400e+00 5.05982e-01
1.82800e+00 5.05990e-01
1.83200e+00 5.05990e-01
1.83600e+00 5.05990e-01
1.84000e+00 5.05990e-01
1.84400e+00 5.05990e-01
1.84800e+00 5.05990e-01
1.85200e+00 5.05991e-01
1.85600e+00 5.05992e-01
1.86000e+00 5.06001e-01
1.86400e+00 5.06038e-01
1.86800e+00 5.06203e-01
1.87200e+00 5.06796e-01
1.87600e+00 5.07982e-01
1.88000e+00 5.08663e-01
1.88400e+00 5.08694e-01
1.88800e+00 5.08533e-01
1.89200e+00 5.07373e-01
1.89600e+00 5.02655e-01
1.90000e+00 4.93531e-01
1.90400e+00 4.88278e-01
1.90800e+00 4.87718e-01
1.91200e+00 4.87715e-01
1.91600e+00 4.87733e-01
1.92000e+00 4.87824e-01
1.92400e+00 4.88119e-01
1.92800e+00 4.88893e-01
1.93200e+00 4.90725e-01
1.93600e+00 4.94857e-01
1.94000e+00 5.03531e-01
1.94400e+00 5.17065e-01
1.94800e+00 5.26631e-01
1.95200e+00 5.28353e-01
1.95600e+00 5.28398e-01
1.96000e+00 5.28398e-01
1.96400e+00 5.28398e-01
1.96800e+00 5.28398e-01
1.97200e+00 5.28398e-01
1.97600e+00 5.28398e-01
1.98000e+00 5.28398e-01
1.98400e+00 5.28398e-01
1.98800e+00 5.28398e-01
1.99200e+00 5.28398e-01
1.99600e+00 5.28398e-01
