0.00000e+00 5.13890e-01
4.00000e-03 5.13890e-01
8.00000e-03 5.13890e-01
1.20000e-02 5.13896e-01
1.60000e-02 5.13972e-01
2.00000e-02 5.14591e-01
2.40000e-02 5.17849e-01
2.80000e-02 5.27751e-01
3.20000e-02 5.40215e-01
3.60000e-02 5.44359e-01
4.00000e-02 5.44713e-01
4.40000e-02 5.44860e-01
4.80000e-02 5.45331e-01
5.20000e-02 5.47506e-01
5.60000e-02 5.55135e-01
6.00000e-02 5.67434e-01
6.40000e-02 5.71298e-01
6.80000e-02 5.70008e-01
7.20000e-02 5.49902e-01
7.60000e-02 4.79881e-01
8.00000e-02 4.39092e-01
8.40000e-02 4.37036e-01
8.80000e-02 4.39605e-01
9.20000e-02 4.49604e-01
9.60000e-02 4.60918e-01
1.00000e-01 4.63020e-01
1.04000e-01 4.62115e-01
1.08000e-01 4.54698e-01
1.12000e-01 4.34844e-01
1.16000e-01 4.21102e-01
1.20000e-01 4.19745e-01
1.24000e-01 4.20143e-01
1.28000e-01 4.22401e-01
1.32000e-01 4.28276e-01
1.36000e-01 4.38933e-01
1.40000e-01 4.55295e-01
1.44000e-01 4.76657e-01
1.48000e-01 4.93693e-01
1.52000e-01 4.98388e-01
1.56000e-01 4.98653e-01
1.60000e-01 4.98661e-01
1.64000e-01 4.98668e-01
1.68000e-01 4.98689e-01
1.72000e-01 4.98755e-01
1.76000e-01 4.98930e-01
1.80000e-01 4.99295e-01
1.84000e-01 4.99878e-01
1.88000e-01 5.00609e-01
1.92000e-01 5.01434e-01
1.96000e-01 5.02435e-01
2.00000e-01 5.03836e-01
2.04000e-01 5.06037e-01
2.08000e-01 5.09944e-01
2.12000e-01 5.18271e-01
2.16000e-01 5.36981e-01
2.20000e-01 5.59185e-01
2.24000e-01 5.63041e-01
2.28000e-01 5.55749e-01
2.32000e-01 5.03079e-01
2.36000e-01 4.40375e-01
2.40000e-01 4.30427e-01
2.44000e-01 4.30905e-01
2.48000e-01 4.34226e-01
2.52000e-01 4.41675e-01
2.56000e-01 4.51126e-01
2.60000e-01 4.59864e-01
2.64000e-01 4.67734e-01
2.68000e-01 4.76807e-01
2.72000e-01 4.90858e-01
2.76000e-01 5.11932e-01
2.80000e-01 5.26248e-01
2.84000e-01 5.27584e-01
2.88000e-01 5.25167e-01
2.92000e-01 5.07196e-01
2.96000e-01 4.72094e-01
3.00000e-01 4.58962e-01
3.04000e-01 4.58659e-01
3.08000e-01 4.59858e-01
3.12000e-01 4.62900e-01
3.16000e-01 4.64641e-01
3.20000e-01 4.64804e-01
3.24000e-01 4.64803e-01
3.28000e-01 4.64783e-01
3.32000e-01 4.64708e-01
3.36000e-01 4.64537e-01
3.40000e-01 4.64243e-01
3.44000e-01 4.63770e-01
3.48000e-01 4.62864e-01
3.52000e-01 4.60853e-01
3.56000e-01 4.57294e-01
3.60000e-01 4.54480e-01
3.64000e-01 4.53909e-01
3.68000e-01 4.53894e-01
3.72000e-01 4.53897e-01
3.76000e-01 4.53921e-01
3.80000e-01 4.54009e-01
3.84000e-01 4.54258e-01
3.88000e-01 4.54841e-01
3.92000e-01 4.56009e-01
3.96000e-01 4.58048e-01
4.00000e-01 4.61163e-01
4.04000e-01 4.65379e-01
4.08000e-01 4.70506e-01
4.12000e-01 4.76208e-01
4.16000e-01 4.82120e-01
4.20000e-01 4.87942e-01
4.24000e-01 4.93471e-01
4.28000e-01 4.98603e-01
4.32000e-01 5.03307e-01
4.36000e-01 5.07612e-01
4.40000e-01 5.11585e-01
4.44000e-01 5.15318e-01
4.48000e-01 5.18936e-01
4.52000e-01 5.22660e-01
4.56000e-01 5.26992e-01
4.60000e-01 5.33227e-01
4.64000e-01 5.44613e-01
4.68000e-01 5.65025e-01
4.72000e-01 5.82597e-01
4.76000e-01 5.85014e-01
4.80000e-01 5.82091e-01
4.84000e-01 5.51001e-01
4.88000e-01 4.81856e-01
4.92000e-01 4.56916e-01
4.96000e-01 4.56198e-01
5.00000e-01 4.57181e-01
5.04000e-01 4.60819e-01
5.08000e-01 4.66972e-01
5.12000e-01 4.73929e-01
5.16000e-01 4.81494e-01
5.20000e-01 4.92004e-01
5.24000e-01 5.07301e-01
5.28000e-01 5.18437e-01
5.32000e-01 5.19840e-01
5.36000e-01 5.18817e-01
5.40000e-01 5.09060e-01
5.44000e-01 4.78327e-01
5.48000e-01 4.54659e-01
5.52000e-01 4.51814e-01
5.56000e-01 4.51978e-01
5.60000e-01 4.53244e-01
5.64000e-01 4.56957e-01
5.68000e-01 4.63621e-01
5.72000e-01 4.71756e-01
5.76000e-01 4.78516e-01
5.80000e-01 4.82561e-01
5.84000e-01 4.84816e-01
5.88000e-01 4.86453e-01
5.92000e-01 4.88109e-01
5.96000e-01 4.90149e-01
6.00000e-01 4.92902e-01
6.04000e-01 4.96922e-01
6.08000e-01 5.03462e-01
6.12000e-01 5.14833e-01
6.16000e-01 5.31077e-01
6.20000e-01 5.42171e-01
6.24000e-01 5.44141e-01
6.28000e-01 5.44192e-01
6.32000e-01 5.44192e-01
6.36000e-01 5.44192e-01
6.40000e-01 5.44192e-01
6.44000e-01 5.44192e-01
6.48000e-01 5.44191e-01
6.52000e-01 5.44185e-01
6.56000e-01 5.44158e-01
6.60000e-01 5.44033e-01
6.64000e-01 5.43613e-01
6.68000e-01 5.42692e-01
6.72000e-01 5.41120e-01
6.76000e-01 5.36947e-01
6.80000e-01 5.18603e-01
6.84000e-01 4.72530e-01
6.88000e-01 4.43989e-01
6.92000e-01 4.41423e-01
6.96000e-01 4.41691e-01
7.00000e-01 4.43406e-01
7.04000e-01 4.47879e-01
7.08000e-01 4.54518e-01
7.12000e-01 4.60265e-01
7.16000e-01 4.63369e-01
7.20000e-01 4.64935e-01
7.24000e-01 4.66152e-01
7.28000e-01 4.67600e-01
7.32000e-01 4.69601e-01
7.36000e-01 4.72259e-01
7.40000e-01 4.75407e-01
7.44000e-01 4.78691e-01
7.48000e-01 4.81786e-01
7.52000e-01 4.84566e-01
7.56000e-01 4.87089e-01
7.60000e-01 4.89488e-01
7.64000e-01 4.91880e-01
7.68000e-01 4.94330e-01
7.72000e-01 4.96837e-01
7.76000e-01 4.99360e-01
7.80000e-01 5.01866e-01
7.84000e-01 5.04383e-01
7.88000e-01 5.07008e-01
7.92000e-01 5.09790e-01
7.96000e-01 5.12489e-01
8.00000e-01 5.14567e-01
8.04000e-01 5.15833e-01
8.08000e-01 5.16697e-01
8.12000e-01 5.17776e-01
8.16000e-01 5.20316e-01
8.20000e-01 5.27014e-01
8.24000e-01 5.35637e-01
8.28000e-01 5.37577e-01
8.32000e-01 5.36552e-01
8.36000e-01 5.26420e-01
8.40000e-01 4.97232e-01
8.44000e-01 4.78491e-01
8.48000e-01 4.77016e-01
8.52000e-01 4.77685e-01
8.56000e-01 4.81625e-01
8.60000e-01 4.92601e-01
8.64000e-01 5.08971e-01
8.68000e-01 5.17851e-01
8.72000e-01 5.18888e-01
8.76000e-01 5.18904e-01
8.80000e-01 5.18905e-01
8.84000e-01 5.18907e-01
8.88000e-01 5.18917e-01
8.92000e-01 5.18937e-01
8.96000e-01 5.18940e-01
9.00000e-01 5.18923e-01
9.04000e-01 5.18739e-01
9.08000e-01 5.17239e-01
9.12000e-01 5.07915e-01
9.16000e-01 4.79143e-01
9.20000e-01 4.54194e-01
9.24000e-01 4.50315e-01
9.28000e-01 4.50316e-01
9.32000e-01 4.50736e-01
9.36000e-01 4.52274e-01
9.40000e-01 4.55615e-01
9.44000e-01 4.60679e-01
9.48000e-01 4.66224e-01
9.52000e-01 4.70761e-01
9.56000e-01 4.73968e-01
9.60000e-01 4.76527e-01
9.64000e-01 4.79333e-01
9.68000e-01 4.83530e-01
9.72000e-01 4.90976e-01
9.76000e-01 5.02958e-01
9.80000e-01 5.13726e-01
9.84000e-01 5.16702e-01
9.88000e-01 5.16845e-01
9.92000e-01 5.16845e-01
9.96000e-01 5.16845e-01
1.00000e+00 5.16843e-01
1.00400e+00 5.16828e-01
1.00800e+00 5.16700e-01
1.01200e+00 5.15698e-01
1.01600e+00 5.09081e-01
1.02000e+00 4.84300e-01
1.02400e+00 4.55181e-01
1.02800e+00 4.48451e-01
1.03200e+00 4.48352e-01
1.03600e+00 4.48745e-01
1.04000e+00 4.50371e-01
1.04400e+00 4.53972e-01
1.04800e+00 4.59305e-01
1.05200e+00 4.65047e-01
1.05600e+00 4.70276e-01
1.06000e+00 4.75497e-01
1.06400e+00 4.82212e-01
1.06800e+00 4.91356e-01
1.07200e+00 4.98989e-01
1.07600e+00 5.01049e-01
1.08000e+00 5.01150e-01
1.08400e+00 5.01150e-01
1.08800e+00 5.01150e-01
1.09200e+00 5.01150e-01
1.09600e+00 5.01150e-01
1.10000e+00 5.01150e-01
1.10400e+00 5.01150e-01
1.10800e+00 5.01150e-01
1.11200e+00 5.01150e-01
1.11600e+00 5.01150e-01
1.12000e+00 5.01150e-01
1.12400e+00 5.01151e-01
1.12800e+00 5.01156e-01
1.13200e+00 5.01181e-01
1.13600e+00 5.01223e-01
1.14000e+00 5.01227e-01
1.14400e+00 5.01186e-01
1.14800e+00 5.00764e-01
1.15200e+00 4.97700e-01
1.15600e+00 4.82691e-01
1.16000e+00 4.52997e-01
1.16400e+00 4.39190e-01
1.16800e+00 4.38471e-01
1.17200e+00 4.39068e-01
1.17600e+00 4.42089e-01
1.18000e+00 4.48491e-01
1.18400e+00 4.53739e-01
1.18800e+00 4.54867e-01
1.19200e+00 4.54931e-01
1.19600e+00 4.54951e-01
1.20000e+00 4.54991e-01
1.20400e+00 4.55109e-01
1.20800e+00 4.55411e-01
1.21200e+00 4.56058e-01
1.21600e+00 4.57216e-01
1.22000e+00 4.58942e-01
1.22400e+00 4.61061e-01
1.22800e+00 4.63214e-01
1.23200e+00 4.65115e-01
1.23600e+00 4.66735e-01
1.24000e+00 4.68213e-01
1.24400e+00 4.69714e-01
1.24800e+00 4.71358e-01
1.25200e+00 4.73186e-01
1.25600e+00 4.75151e-01
1.26000e+00 4.77136e-01
1.26400e+00 4.79008e-01
1.26800e+00 4.80688e-01
1.27200e+00 4.82173e-01
1.27600e+00 4.83514e-01
1.28000e+00 4.84780e-01
1.28400e+00 4.86029e-01
1.28800e+00 4.87300e-01
1.29200e+00 4.88616e-01
1.29600e+00 4.89990e-01
1.30000e+00 4.91422e-01
1.30400e+00 4.92890e-01
1.30800e+00 4.94328e-01
1.31200e+00 4.95653e-01
1.31600e+00 4.96855e-01
1.32000e+00 4.98104e-01
1.32400e+00 4.99809e-01
1.32800e+00 5.02545e-01
1.33200e+00 5.05810e-01
1.33600e+00 5.07363e-01
1.34000e+00 5.07539e-01
1.34400e+00 5.07546e-01
1.34800e+00 5.07550e-01
1.35200e+00 5.07560e-01
1.35600e+00 5.07590e-01
1.36000e+00 5.07681e-01
1.36400e+00 5.07956e-01
1.36800e+00 5.08808e-01
1.37200e+00 5.11518e-01
1.37600e+00 5.18798e-01
1.38000e+00 5.28391e-01
1.38400e+00 5.31003e-01
1.38800e+00 5.30433e-01
1.39200e+00 5.22849e-01
1.39600e+00 4.90958e-01
1.40000e+00 4.56845e-01
1.40400e+00 4.50481e-01
1.40800e+00 4.50447e-01
1.41200e+00 4.50906e-01
1.41600e+00 4.51921e-01
1.42000e+00 4.52445e-01
1.42400e+00 4.52490e-01
1.42800e+00 4.52491e-01
1.43200e+00 4.52491e-01
1.43600e+00 4.52491e-01
1.44000e+00 4.52491e-01
1.44400e+00 4.52493e-01
1.44800e+00 4.52497e-01
1.45200e+00 4.52506e-01
1.45600e+00 4.52526e-01
1.46000e+00 4.52568e-01
1.46400e+00 4.52651e-01
1.46800e+00 4.52810e-01
1.47200e+00 4.53098e-01
1.47600e+00 4.53593e-01
1.48000e+00 4.54397e-01
1.48400e+00 4.55623e-01
1.48800e+00 4.57346e-01
1.49200e+00 4.59496e-01
1.49600e+00 4.61754e-01
1.50000e+00 4.63680e-01
1.50400e+00 4.65096e-01
1.50800e+00 4.66175e-01
1.51200e+00 4.67217e-01
1.51600e+00 4.68571e-01
1.52000e+00 4.70810e-01
1.52400e+00 4.75081e-01
1.52800e+00 4.83110e-01
1.53200e+00 4.93704e-01
1.53600e+00 4.99397e-01
1.54000e+00 5.00105e-01
1.54400e+00 5.00116e-01
1.54800e+00 5.00116e-01
1.55200e+00 5.00116e-01
1.55600e+00 5.00116e-01
1.56000e+00 5.00116e-01
1.56400e+00 5.00116e-01
1.56800e+00 5.00116e-01
1.57200e+00 5.00116e-01
1.57600e+00 5.00116e-01
1.58000e+00 5.00116e-01
1.58400e+00 5.00116e-01
1.58800e+00 5.00116e-01
1.59200e+00 5.00116e-01
1.59600e+00 5.00117e-01
1.60000e+00 5.00117e-01
1.60400e+00 5.00120e-01
1.60800e+00 5.00131e-01
1.61200e+00 5.00175e-01
1.61600e+00 5.00346e-01
1.62000e+00 5.00965e-01
1.62400e+00 5.02733e-01
1.62800e+00 5.05378e-01
1.63200e+00 5.06534e-01
1.63600e+00 5.06595e-01
1.64000e+00 5.06523e-01
1.64400e+00 5.05974e-01
1.64800e+00 5.03683e-01
1.65200e+00 4.98768e-01
1.65600e+00 4.95329e-01
1.66000e+00 4.94861e-01
1.66400e+00 4.94864e-01
1.66800e+00 4.94937e-01
1.67200e+00 4.95259e-01
1.67600e+00 4.95888e-01
1.68000e+00 4.96281e-01
1.68400e+00 4.96330e-01
1.68800e+00 4.96331e-01
1.69200e+00 4.96331e-01
1.69600e+00 4.96331e-01
1.70000e+00 4.96331e-01
1.70400e+00 4.96333e-01
1.70800e+00 4.96336e-01
1.71200e+00 4.96346e-01
1.71600e+00 4.96368e-01
1.72000e+00 4.96414e-01
1.72400e+00 4.96511e-01
1.72800e+00 4.96738e-01
1.73200e+00 4.97339e-01
1.73600e+00 4.99076e-01
1.74000e+00 5.03693e-01
1.74400e+00 5.11255e-01
1.74800e+00 5.15259e-01
1.75200e+00 5.15504e-01
1.75600e+00 5.15037e-01
1.76000e+00 5.11303e-01
1.76400e+00 4.97822e-01
1.76800e+00 4.81029e-01
1.77200e+00 4.76346e-01
1.77600e+00 4.76173e-01
1.78000e+00 4.76182e-01
1.78400e+00 4.76244e-01
1.78800e+00 4.76369e-01
1.79200e+00 4.76447e-01
1.79600e+00 4.76463e-01
1.80000e+00 4.76468e-01
1.80400e+00 4.76476e-01
1.80800e+00 4.76498e-01
1.81200e+00 4.76557e-01
1.81600e+00 4.76696e-01
1.82000e+00 4.77003e-01
1.82400e+00 4.77671e-01
1.82800e+00 4.79147e-01
1.83200e+00 4.82480e-01
1.83600e+00 4.89452e-01
1.84000e+00 4.99428e-01
1.84400e+00 5.05203e-01
1.84800e+00 5.05977e-01
1.85200e+00 5.05990e-01
1.85600e+00 5.05990e-01
1.86000e+00 5.05990e-01
1.86400e+00 5.05990e-01
1.86800e+00 5.05990e-01
1.87200e+00 5.05990e-01
1.87600e+00 5.05991e-01
1.88000e+00 5.05992e-01
1.88400e+00 5.05998e-01
1.88800e+00 5.06025e-01
1.89200e+00 5.06148e-01
1.89600e+00 5.06616e-01
1.90000e+00 5.07689e-01
1.90400e+00 5.08488e-01
1.90800e+00 5.08561e-01
1.91200e+00 5.08459e-01
1.91600e+00 5.07622e-01
1.92000e+00 5.03870e-01
1.92400e+00 4.95236e-01
1.92800e+00 4.88741e-01
1.93200e+00 4.87744e-01
1.93600e+00 4.87729e-01
1.94000e+00 4.87739e-01
1.94400e+00 4.87802e-01
1.94800e+00 4.88019e-01
1.95200e+00 4.88609e-01
1.95600e+00 4.90024e-01
1.96000e+00 4.93236e-01
1.96400e+00 5.00202e-01
1.96800e+00 5.12643e-01
1.97200e+00 5.24674e-01
1.97600e+00 5.28216e-01
1.98000e+00 5.28397e-01
1.98400e+00 5.28398e-01
1.98800e+00 5.28398e-01
1.99200e+00 5.28398e-01
1.99600e+00 5.28398e-01
