0.00000e+00 4.37337e-01
4.00000e-03 4.37338e-01
8.00000e-03 4.37350e-01
1.20000e-02 4.37528e-01
1.60000e-02 4.38908e-01
2.00000e-02 4.45360e-01
2.40000e-02 4.64658e-01
2.80000e-02 5.01210e-01
3.20000e-02 5.32713e-01
3.60000e-02 5.38818e-01
4.00000e-02 5.38223e-01
4.40000e-02 5.27569e-01
4.80000e-02 4.75678e-01
5.20000e-02 4.24255e-01
5.60000e-02 4.17579e-01
6.00000e-02 4.18639e-01
6.40000e-02 4.24402e-01
6.80000e-02 4.37576e-01
7.20000e-02 4.58545e-01
7.60000e-02 4.87949e-01
8.00000e-02 5.22093e-01
8.40000e-02 5.41897e-01
8.80000e-02 5.44561e-01
9.20000e-02 5.44401e-01
9.60000e-02 5.41714e-01
1.00000e-01 5.25059e-01
1.04000e-01 4.90190e-01
1.08000e-01 4.74619e-01
1.12000e-01 4.73865e-01
1.16000e-01 4.74413e-01
1.20000e-01 4.77357e-01
1.24000e-01 4.85398e-01
1.28000e-01 4.99107e-01
1.32000e-01 5.10551e-01
1.36000e-01 5.13810e-01
1.40000e-01 5.14234e-01
1.44000e-01 5.14435e-01
1.48000e-01 5.14802e-01
1.52000e-01 5.15749e-01
1.56000e-01 5.18016e-01
1.60000e-01 5.22791e-01
1.64000e-01 5.32104e-01
1.68000e-01 5.49452e-01
1.72000e-01 5.75441e-01
1.76000e-01 5.94200e-01
1.80000e-01 5.97646e-01
1.84000e-01 5.97724e-01
1.88000e-01 5.97707e-01
1.92000e-01 5.97534e-01
1.96000e-01 5.96034e-01
2.00000e-01 5.79931e-01
2.04000e-01 5.01845e-01
2.08000e-01 4.31281e-01
2.12000e-01 4.22742e-01
2.16000e-01 4.22987e-01
2.20000e-01 4.24968e-01
2.24000e-01 4.30284e-01
2.28000e-01 4.38908e-01
2.32000e-01 4.48949e-01
2.36000e-01 4.58495e-01
2.40000e-01 4.67378e-01
2.44000e-01 4.77379e-01
2.48000e-01 4.92215e-01
2.52000e-01 5.14630e-01
2.56000e-01 5.31072e-01
2.60000e-01 5.32855e-01
2.64000e-01 5.30095e-01
2.68000e-01 5.08409e-01
2.72000e-01 4.66592e-01
2.76000e-01 4.51980e-01
2.80000e-01 4.51741e-01
2.84000e-01 4.53386e-01
2.88000e-01 4.58400e-01
2.92000e-01 4.63896e-01
2.96000e-01 4.66205e-01
3.00000e-01 4.66928e-01
3.04000e-01 4.67513e-01
3.08000e-01 4.68498e-01
3.12000e-01 4.70325e-01
3.16000e-01 4.73299e-01
3.20000e-01 4.77748e-01
3.24000e-01 4.84807e-01
3.28000e-01 4.97504e-01
3.32000e-01 5.17385e-01
3.36000e-01 5.30608e-01
3.40000e-01 5.31746e-01
3.44000e-01 5.29375e-01
3.48000e-01 5.11543e-01
3.52000e-01 4.74971e-01
3.56000e-01 4.59720e-01
3.60000e-01 4.59007e-01
3.64000e-01 4.59327e-01
3.68000e-01 4.60885e-01
3.72000e-01 4.64486e-01
3.76000e-01 4.70719e-01
3.80000e-01 4.80085e-01
3.84000e-01 4.89413e-01
3.88000e-01 4.92748e-01
3.92000e-01 4.92929e-01
3.96000e-01 4.92818e-01
4.00000e-01 4.91847e-01
4.04000e-01 4.87311e-01
4.08000e-01 4.76675e-01
4.12000e-01 4.68859e-01
4.16000e-01 4.67835e-01
4.20000e-01 4.67899e-01
4.24000e-01 4.68516e-01
4.28000e-01 4.70948e-01
4.32000e-01 4.76862e-01
4.36000e-01 4.84049e-01
4.40000e-01 4.86772e-01
4.44000e-01 4.86966e-01
4.48000e-01 4.86968e-01
4.52000e-01 4.86969e-01
4.56000e-01 4.86972e-01
4.60000e-01 4.86980e-01
4.64000e-01 4.87008e-01
4.68000e-01 4.87084e-01
4.72000e-01 4.87266e-01
4.76000e-01 4.87652e-01
4.80000e-01 4.88368e-01
4.84000e-01 4.89510e-01
4.88000e-01 4.91046e-01
4.92000e-01 4.92779e-01
4.96000e-01 4.94501e-01
5.00000e-01 4.96148e-01
5.04000e-01 4.97810e-01
5.08000e-01 4.99636e-01
5.12000e-01 5.01780e-01
5.16000e-01 5.04405e-01
5.20000e-01 5.07811e-01
5.24000e-01 5.12712e-01
5.28000e-01 5.20792e-01
5.32000e-01 5.34819e-01
5.36000e-01 5.53039e-01
5.40000e-01 5.62797e-01
5.44000e-01 5.63971e-01
5.48000e-01 5.63989e-01
5.52000e-01 5.63989e-01
5.56000e-01 5.63989e-01
5.60000e-01 5.63989e-01
5.64000e-01 5.63989e-01
5.68000e-01 5.63989e-01
5.72000e-01 5.63992e-01
5.76000e-01 5.64011e-01
5.80000e-01 5.64153e-01
5.84000e-01 5.64977e-01
5.88000e-01 5.67219e-01
5.92000e-01 5.68360e-01
5.96000e-01 5.68097e-01
6.00000e-01 5.63868e-01
6.04000e-01 5.42065e-01
6.08000e-01 5.09787e-01
6.12000e-01 5.00354e-01
6.16000e-01 5.00001e-01
6.20000e-01 5.00000e-01
6.24000e-01 5.00000e-01
6.28000e-01 5.00000e-01
6.32000e-01 5.00000e-01
6.36000e-01 5.00000e-01
6.40000e-01 5.00000e-01
6.44000e-01 5.00000e-01
6.48000e-01 5.00000e-01
6.52000e-01 5.00000e-01
6.56000e-01 5.00000e-01
6.60000e-01 5.00000e-01
6.64000e-01 5.00000e-01
6.68000e-01 5.00000e-01
6.72000e-01 5.00000e-01
6.76000e-01 5.00000e-01
6.80000e-01 5.00000e-01
6.84000e-01 5.00000e-01
6.88000e-01 5.00000e-01
6.92000e-01 5.00000e-01
6.96000e-01 5.00000e-01
7.00000e-01 5.00000e-01
7.04000e-01 5.00000e-01
7.08000e-01 5.00000e-01
7.12000e-01 5.00000e-01
7.16000e-01 5.00000e-01
7.20000e-01 5.00000e-01
7.24000e-01 5.00000e-01
7.28000e-01 5.00000e-01
7.32000e-01 5.00000e-01
7.36000e-01 5.00000e-01
7.40000e-01 5.00000e-01
7.44000e-01 5.00000e-01
7.48000e-01 5.00000e-01
7.52000e-01 5.00000e-01
7.56000e-01 5.00000e-01
7.60000e-01 5.00000e-01
7.64000e-01 5.00000e-01
7.68000e-01 5.00000e-01
7.72000e-01 5.00000e-01
7.76000e-01 5.00000e-01
7.80000e-01 5.00000e-01
7.84000e-01 5.00000e-01
7.88000e-01 5.00000e-01
7.92000e-01 5.00000e-01
7.96000e-01 5.00000e-01
8.00000e-01 5.00000e-01
8.04000e-01 5.00000e-01
8.08000e-01 5.00000e-01
8.12000e-01 5.00000e-01
8.16000e-01 5.00000e-01
8.20000e-01 5.00000e-01
8.24000e-01 5.00000e-01
8.28000e-01 5.00000e-01
8.32000e-01 5.00000e-01
8.36000e-01 5.00000e-01
8.40000e-01 5.00000e-01
8.44000e-01 5.00000e-01
8.48000e-01 5.00000e-01
8.52000e-01 5.00000e-01
8.56000e-01 5.00000e-01
8.60000e-01 5.00000e-01
8.64000e-01 5.00000e-01
8.68000e-01 5.00000e-01
8.72000e-01 5.00000e-01
8.76000e-01 5.00000e-01
8.80000e-01 5.00000e-01
8.84000e-01 5.00000e-01
8.88000e-01 5.00000e-01
8.92000e-01 5.00000e-01
8.96000e-01 5.00000e-01
9.00000e-01 5.00000e-01
9.04000e-01 5.00000e-01
9.08000e-01 5.00000e-01
9.12000e-01 5.00000e-01
9.16000e-01 5.00000e-01
9.20000e-01 5.00000e-01
9.24000e-01 5.00000e-01
9.28000e-01 5.00000e-01
9.32000e-01 5.00000e-01
9.36000e-01 5.00000e-01
9.40000e-01 5.00000e-01
9.44000e-01 5.00000e-01
9.48000e-01 5.00000e-01
9.52000e-01 5.00000e-01
9.56000e-01 5.00000e-01
9.60000e-01 5.00000e-01
9.64000e-01 5.00000e-01
9.68000e-01 5.00000e-01
9.72000e-01 5.00000e-01
9.76000e-01 5.00000e-01
9.80000e-01 5.00000e-01
9.84000e-01 5.00000e-01
9.88000e-01 5.00000e-01
9.92000e-01 5.00000e-01
9.96000e-01 5.00000e-01
1.00000e+00 5.00000e-01
1.00400e+00 5.00000e-01
1.00800e+00 5.00000e-01
1.01200e+00 5.00000e-01
1.01600e+00 5.00000e-01
1.02000e+00 5.00000e-01
1.02400e+00 5.00000e-01
1.02800e+00 5.00000e-01
1.03200e+00 5.00000e-01
1.03600e+00 5.00000e-01
1.04000e+00 5.00000e-01
1.04400e+00 5.00000e-01
1.04800e+00 5.00000e-01
1.05200e+00 5.00000e-01
1.05600e+00 5.00000e-01
1.06000e+00 5.00000e-01
1.06400e+00 5.00000e-01
1.06800e+00 5.00000e-01
1.07200e+00 5.00000e-01
1.07600e+00 5.00000e-01
1.08000e+00 5.00000e-01
1.08400e+00 5.00000e-01
1.08800e+00 5.00000e-01
1.09200e+00 5.00000e-01
1.09600e+00 5.00000e-01
1.10000e+00 5.00000e-01
1.10400e+00 5.00000e-01
1.10800e+00 5.00000e-01
1.11200e+00 5.00000e-01
1.11600e+00 5.00000e-01
1.12000e+00 5.00000e-01
1.12400e+00 5.00000e-01
1.12800e+00 5.00000e-01
1.13200e+00 5.00000e-01
1.13600e+00 5.00000e-01
1.14000e+00 5.00000e-01
1.14400e+00 5.00000e-01
1.14800e+00 5.00000e-01
1.15200e+00 5.00000e-01
1.15600e+00 5.00000e-01
1.16000e+00 5.00000e-01
1.16400e+00 5.00000e-01
1.16800e+00 5.00000e-01
1.17200e+00 5.00000e-01
1.17600e+00 5.00000e-01
1.18000e+00 5.00000e-01
1.18400e+00 5.00000e-01
1.18800e+00 5.00000e-01
1.19200e+00 5.00000e-01
1.19600e+00 5.00000e-01
1.20000e+00 5.00000e-01
1.20400e+00 5.00000e-01
1.20800e+00 5.00000e-01
1.21200e+00 5.00000e-01
1.21600e+00 5.00000e-01
1.22000e+00 5.00000e-01
1.22400e+00 5.00000e-01
1.22800e+00 5.00000e-01
1.23200e+00 5.00000e-01
1.23600e+00 5.00000e-01
1.24000e+00 5.00000e-01
1.24400e+00 5.00000e-01
1.24800e+00 5.00000e-01
1.25200e+00 5.00000e-01
1.25600e+00 5.00000e-01
1.26000e+00 5.00000e-01
1.26400e+00 5.00000e-01
1.26800e+00 5.00000e-01
1.27200e+00 5.00000e-01
1.27600e+00 5.00000e-01
1.28000e+00 5.00000e-01
1.28400e+00 5.00000e-01
1.28800e+00 5.00000e-01
1.29200e+00 5.00000e-01
1.29600e+00 5.00000e-01
1.30000e+00 5.00000e-01
1.30400e+00 5.00000e-01
1.30800e+00 5.00000e-01
1.31200e+00 5.00000e-01
1.31600e+00 5.00000e-01
1.32000e+00 5.00000e-01
1.32400e+00 5.00000e-01
1.32800e+00 5.00000e-01
1.33200e+00 5.00000e-01
1.33600e+00 5.00000e-01
1.34000e+00 5.00000e-01
1.34400e+00 5.00000e-01
1.34800e+00 5.00000e-01
1.35200e+00 5.00000e-01
1.35600e+00 5.00000e-01
1.36000e+00 5.00000e-01
1.36400e+00 5.00000e-01
1.36800e+00 5.00000e-01
1.37200e+00 5.00000e-01
1.37600e+00 5.00000e-01
1.38000e+00 5.00000e-01
1.38400e+00 5.00000e-01
1.38800e+00 5.00000e-01
1.39200e+00 5.00000e-01
1.39600e+00 5.00000e-01
1.40000e+00 5.00000e-01
1.40400e+00 5.00000e-01
1.40800e+00 5.00000e-01
1.41200e+00 5.00000e-01
1.41600e+00 5.00000e-01
1.42000e+00 5.00000e-01
1.42400e+00 5.00000e-01
1.42800e+00 5.00000e-01
1.43200e+00 5.00000e-01
1.43600e+00 5.00000e-01
1.44000e+00 5.00000e-01
1.44400e+00 5.00000e-01
1.44800e+00 5.00000e-01
1.45200e+00 5.00000e-01
1.45600e+00 5.00000e-01
1.46000e+00 5.00000e-01
1.46400e+00 5.00000e-01
1.46800e+00 5.00000e-01
1.47200e+00 5.00000e-01
1.47600e+00 5.00000e-01
1.48000e+00 5.00000e-01
1.48400e+00 5.00000e-01
1.48800e+00 5.00000e-01
1.49200e+00 5.00000e-01
1.49600e+00 5.00000e-01
1.50000e+00 5.00000e-01
1.50400e+00 5.00000e-01
1.50800e+00 5.00000e-01
1.51200e+00 5.00000e-01
1.51600e+00 5.00000e-01
1.52000e+00 5.00000e-01
1.52400e+00 5.00000e-01
1.52800e+00 5.00000e-01
1.53200e+00 5.00000e-01
1.53600e+00 5.00000e-01
1.54000e+00 5.00000e-01
1.54400e+00 5.00000e-01
1.54800e+00 5.00000e-01
1.55200e+00 5.00000e-01
1.55600e+00 5.00000e-01
1.56000e+00 5.00000e-01
1.56400e+00 5.00000e-01
1.56800e+00 5.00000e-01
1.57200e+00 5.00000e-01
1.57600e+00 5.00000e-01
1.58000e+00 5.00000e-01
1.58400e+00 5.00000e-01
1.58800e+00 5.00000e-01
1.59200e+00 5.00000e-01
1.59600e+00 5.00000e-01
1.60000e+00 5.00000e-01
1.60400e+00 5.00000e-01
1.60800e+00 5.00000e-01
1.61200e+00 5.00000e-01
1.61600e+00 5.00000e-01
1.62000e+00 5.00000e-01
1.62400e+00 5.00000e-01
1.62800e+00 5.00000e-01
1.63200e+00 5.00000e-01
1.63600e+00 5.00000e-01
1.64000e+00 5.00000e-01
1.64400e+00 5.00000e-01
1.64800e+00 5.00000e-01
1.65200e+00 5.00000e-01
1.65600e+00 5.00000e-01
1.66000e+00 5.00000e-01
1.66400e+00 5.00000e-01
1.66800e+00 5.00000e-01
1.67200e+00 5.00000e-01
1.67600e+00 5.00000e-01
1.68000e+00 5.00000e-01
1.68400e+00 5.00000e-01
1.68800e+00 5.00000e-01
1.69200e+00 5.00000e-01
1.69600e+00 5.00000e-01
1.70000e+00 5.00000e-01
1.70400e+00 5.00000e-01
1.70800e+00 5.00000e-01
1.71200e+00 5.00000e-01
1.71600e+00 5.00000e-01
1.72000e+00 5.00000e-01
1.72400e+00 5.00000e-01
1.72800e+00 5.00000e-01
1.73200e+00 5.00000e-01
1.73600e+00 5.00000e-01
1.74000e+00 5.00000e-01
1.74400e+00 5.00000e-01
1.74800e+00 5.00000e-01
1.75200e+00 5.00000e-01
1.75600e+00 5.00000e-01
1.76000e+00 5.00000e-01
1.76400e+00 5.00000e-01
1.76800e+00 5.00000e-01
1.77200e+00 5.00000e-01
1.77600e+00 5.00000e-01
1.78000e+00 5.00000e-01
1.78400e+00 5.00000e-01
1.78800e+00 5.00000e-01
1.79200e+00 5.00000e-01
1.79600e+00 5.00000e-01
1.80000e+00 5.00000e-01
1.80400e+00 5.00000e-01
1.80800e+00 5.00000e-01
1.81200e+00 5.00000e-01
1.81600e+00 5.00000e-01
1.82000e+00 5.00000e-01
1.82400e+00 5.00000e-01
1.82800e+00 5.00000e-01
1.83200e+00 5.00000e-01
1.83600e+00 5.00000e-01
1.84000e+00 5.00000e-01
1.84400e+00 5.00000e-01
1.84800e+00 5.00000e-01
1.85200e+00 5.00000e-01
1.85600e+00 5.00000e-01
1.86000e+00 5.00000e-01
1.86400e+00 5.00000e-01
1.86800e+00 5.00000e-01
1.87200e+00 5.00000e-01
1.87600e+00 5.00000e-01
1.88000e+00 5.00000e-01
1.88400e+00 5.00000e-01
1.88800e+00 5.00000e-01
1.89200e+00 5.00000e-01
1.89600e+00 5.00000e-01
1.90000e+00 5.00000e-01
1.90400e+00 5.00000e-01
1.90800e+00 5.00000e-01
1.91200e+00 5.00000e-01
1.91600e+00 5.00000e-01
1.92000e+00 5.00000e-01
1.92400e+00 5.00000e-01
1.92800e+00 5.00000e-01
1.93200e+00 5.00000e-01
1.93600e+00 5.00000e-01
1.94000e+00 5.00000e-01
1.94400e+00 5.00000e-01
1.94800e+00 5.00000e-01
1.95200e+00 5.00000e-01
1.95600e+00 5.00000e-01
1.96000e+00 5.00000e-01
1.96400e+00 5.00000e-01
1.96800e+00 5.00000e-01
1.97200e+00 5.00000e-01
1.97600e+00 5.00000e-01
1.98000e+00 5.00000e-01
1.98400e+00 5.00000e-01
1.98800e+00 5.00000e-01
1.99200e+00 5.00000e-01
1.99600e+00 5.00000e-01
