0.00000e+00 4.04264e-01
4.00000e-03 4.04266e-01
8.00000e-03 4.04312e-01
1.20000e-02 4.04848e-01
1.60000e-02 4.08164e-01
2.00000e-02 4.20338e-01
2.40000e-02 4.49693e-01
2.80000e-02 4.98771e-01
3.20000e-02 5.41931e-01
3.60000e-02 5.51768e-01
4.00000e-02 5.51296e-01
4.40000e-02 5.38951e-01
4.80000e-02 4.74272e-01
5.20000e-02 4.13501e-01
5.60000e-02 4.06655e-01
6.00000e-02 4.08047e-01
6.40000e-02 4.15106e-01
6.80000e-02 4.29152e-01
7.20000e-02 4.41430e-01
7.60000e-02 4.45026e-01
8.00000e-02 4.45452e-01
8.40000e-02 4.45621e-01
8.80000e-02 4.45888e-01
9.20000e-02 4.46442e-01
9.60000e-02 4.47365e-01
1.00000e-01 4.48571e-01
1.04000e-01 4.50031e-01
1.08000e-01 4.52022e-01
1.12000e-01 4.55175e-01
1.16000e-01 4.60441e-01
1.20000e-01 4.69091e-01
1.24000e-01 4.82952e-01
1.28000e-01 5.03771e-01
1.32000e-01 5.26108e-01
1.36000e-01 5.36018e-01
1.40000e-01 5.37080e-01
1.44000e-01 5.37128e-01
1.48000e-01 5.37159e-01
1.52000e-01 5.37256e-01
1.56000e-01 5.37669e-01
1.60000e-01 5.39218e-01
1.64000e-01 5.43110e-01
1.68000e-01 5.47142e-01
1.72000e-01 5.48102e-01
1.76000e-01 5.48109e-01
1.80000e-01 5.47853e-01
1.84000e-01 5.44884e-01
1.88000e-01 5.23993e-01
1.92000e-01 4.73499e-01
1.96000e-01 4.48645e-01
2.00000e-01 4.47201e-01
2.04000e-01 4.47688e-01
2.08000e-01 4.50386e-01
2.12000e-01 4.58156e-01
2.16000e-01 4.74946e-01
2.20000e-01 4.96860e-01
2.24000e-01 5.04870e-01
2.28000e-01 5.04471e-01
2.32000e-01 4.96239e-01
2.36000e-01 4.65466e-01
2.40000e-01 4.38803e-01
2.44000e-01 4.35400e-01
2.48000e-01 4.35800e-01
2.52000e-01 4.38322e-01
2.56000e-01 4.44599e-01
2.60000e-01 4.54184e-01
2.64000e-01 4.65175e-01
2.68000e-01 4.76682e-01
2.72000e-01 4.90012e-01
2.76000e-01 5.07872e-01
2.80000e-01 5.28520e-01
2.84000e-01 5.39352e-01
2.88000e-01 5.40533e-01
2.92000e-01 5.40413e-01
2.96000e-01 5.38697e-01
3.00000e-01 5.27742e-01
3.04000e-01 4.99647e-01
3.08000e-01 4.82017e-01
3.12000e-01 4.80468e-01
3.16000e-01 4.80776e-01
3.20000e-01 4.82898e-01
3.24000e-01 4.89735e-01
3.28000e-01 5.02515e-01
3.32000e-01 5.12620e-01
3.36000e-01 5.14660e-01
3.40000e-01 5.14728e-01
3.44000e-01 5.14733e-01
3.48000e-01 5.14740e-01
3.52000e-01 5.14765e-01
3.56000e-01 5.14849e-01
3.60000e-01 5.15089e-01
3.64000e-01 5.15668e-01
3.68000e-01 5.16831e-01
3.72000e-01 5.18749e-01
3.76000e-01 5.21570e-01
3.80000e-01 5.26240e-01
3.84000e-01 5.36507e-01
3.88000e-01 5.57190e-01
3.92000e-01 5.70763e-01
3.96000e-01 5.70256e-01
4.00000e-01 5.48728e-01
4.04000e-01 4.79902e-01
4.08000e-01 4.45592e-01
4.12000e-01 4.44231e-01
4.16000e-01 4.46161e-01
4.20000e-01 4.52788e-01
4.24000e-01 4.62249e-01
4.28000e-01 4.69894e-01
4.32000e-01 4.75103e-01
4.36000e-01 4.80254e-01
4.40000e-01 4.88459e-01
4.44000e-01 5.02226e-01
4.48000e-01 5.13873e-01
4.52000e-01 5.15820e-01
4.56000e-01 5.15230e-01
4.60000e-01 5.09041e-01
4.64000e-01 4.86648e-01
4.68000e-01 4.64503e-01
4.72000e-01 4.60685e-01
4.76000e-01 4.60775e-01
4.80000e-01 4.61838e-01
4.84000e-01 4.64781e-01
4.88000e-01 4.68030e-01
4.92000e-01 4.69390e-01
4.96000e-01 4.69779e-01
5.00000e-01 4.70071e-01
5.04000e-01 4.70577e-01
5.08000e-01 4.71613e-01
5.12000e-01 4.73607e-01
5.16000e-01 4.77339e-01
5.20000e-01 4.84621e-01
5.24000e-01 4.98098e-01
5.28000e-01 5.13151e-01
5.32000e-01 5.17867e-01
5.36000e-01 5.17817e-01
5.40000e-01 5.15173e-01
5.44000e-01 5.00659e-01
5.48000e-01 4.74395e-01
5.52000e-01 4.64041e-01
5.56000e-01 4.63638e-01
5.60000e-01 4.64142e-01
5.64000e-01 4.66832e-01
5.68000e-01 4.74267e-01
5.72000e-01 4.85432e-01
5.76000e-01 4.91377e-01
5.80000e-01 4.91990e-01
5.84000e-01 4.91962e-01
5.88000e-01 4.91612e-01
5.92000e-01 4.89659e-01
5.96000e-01 4.83027e-01
6.00000e-01 4.73372e-01
6.04000e-01 4.69757e-01
6.08000e-01 4.69595e-01
6.12000e-01 4.69717e-01
6.16000e-01 4.70491e-01
6.20000e-01 4.73161e-01
6.24000e-01 4.79033e-01
6.28000e-01 4.85095e-01
6.32000e-01 4.86883e-01
6.36000e-01 4.86972e-01
6.40000e-01 4.86973e-01
6.44000e-01 4.86973e-01
6.48000e-01 4.86973e-01
6.52000e-01 4.86975e-01
6.56000e-01 4.86979e-01
6.60000e-01 4.86992e-01
6.64000e-01 4.87025e-01
6.68000e-01 4.87104e-01
6.72000e-01 4.87282e-01
6.76000e-01 4.87648e-01
6.80000e-01 4.88339e-01
6.84000e-01 4.89518e-01
6.88000e-01 4.91284e-01
6.92000e-01 4.93508e-01
6.96000e-01 4.95774e-01
7.00000e-01 4.97663e-01
7.04000e-01 4.99110e-01
7.08000e-01 5.00316e-01
7.12000e-01 5.01513e-01
7.16000e-01 5.02872e-01
7.20000e-01 5.04491e-01
7.24000e-01 5.06401e-01
7.28000e-01 5.08634e-01
7.32000e-01 5.11371e-01
7.36000e-01 5.15172e-01
7.40000e-01 5.21421e-01
7.44000e-01 5.32783e-01
7.48000e-01 5.49805e-01
7.52000e-01 5.61791e-01
7.56000e-01 5.63935e-01
7.60000e-01 5.63988e-01
7.64000e-01 5.63989e-01
7.68000e-01 5.63989e-01
7.72000e-01 5.63989e-01
7.76000e-01 5.63989e-01
7.80000e-01 5.63989e-01
7.84000e-01 5.63991e-01
7.88000e-01 5.64006e-01
7.92000e-01 5.64101e-01
7.96000e-01 5.64347e-01
8.00000e-01 5.64441e-01
8.04000e-01 5.64374e-01
8.08000e-01 5.63423e-01
8.12000e-01 5.56263e-01
8.16000e-01 5.30697e-01
8.20000e-01 5.04954e-01
8.24000e-01 5.00105e-01
8.28000e-01 5.00000e-01
8.32000e-01 5.00000e-01
8.36000e-01 5.00000e-01
8.40000e-01 5.00000e-01
8.44000e-01 5.00000e-01
8.48000e-01 5.00000e-01
8.52000e-01 5.00000e-01
8.56000e-01 5.00000e-01
8.60000e-01 5.00000e-01
8.64000e-01 5.00000e-01
8.68000e-01 5.00000e-01
8.72000e-01 5.00000e-01
8.76000e-01 5.00000e-01
8.80000e-01 5.00000e-01
8.84000e-01 5.00000e-01
8.88000e-01 5.00000e-01
8.92000e-01 5.00000e-01
8.96000e-01 5.00000e-01
9.00000e-01 5.00000e-01
9.04000e-01 5.00000e-01
9.08000e-01 5.00000e-01
9.12000e-01 5.00000e-01
9.16000e-01 5.00000e-01
9.20000e-01 5.00000e-01
9.24000e-01 5.00000e-01
9.28000e-01 5.00000e-01
9.32000e-01 5.00000e-01
9.36000e-01 5.00000e-01
9.40000e-01 5.00000e-01
9.44000e-01 5.00000e-01
9.48000e-01 5.00000e-01
9.52000e-01 5.00000e-01
9.56000e-01 5.00000e-01
9.60000e-01 5.00000e-01
9.64000e-01 5.00000e-01
9.68000e-01 5.00000e-01
9.72000e-01 5.00000e-01
9.76000e-01 5.00000e-01
9.80000e-01 5.00000e-01
9.84000e-01 5.00000e-01
9.88000e-01 5.00000e-01
9.92000e-01 5.00000e-01
9.96000e-01 5.00000e-01
1.00000e+00 5.00000e-01
1.00400e+00 5.00000e-01
1.00800e+00 5.00000e-01
1.01200e+00 5.00000e-01
1.01600e+00 5.00000e-01
1.02000e+00 5.00000e-01
1.02400e+00 5.00000e-01
1.02800e+00 5.00000e-01
1.03200e+00 5.00000e-01
1.03600e+00 5.00000e-01
1.04000e+00 5.00000e-01
1.04400e+00 5.00000e-01
1.04800e+00 5.00000e-01
1.05200e+00 5.00000e-01
1.05600e+00 5.00000e-01
1.06000e+00 5.00000e-01
1.06400e+00 5.00000e-01
1.06800e+00 5.00000e-01
1.07200e+00 5.00000e-01
1.07600e+00 5.00000e-01
1.08000e+00 5.00000e-01
1.08400e+00 5.00000e-01
1.08800e+00 5.00000e-01
1.09200e+00 5.00000e-01
1.09600e+00 5.00000e-01
1.10000e+00 5.00000e-01
1.10400e+00 5.00000e-01
1.10800e+00 5.00000e-01
1.11200e+00 5.00000e-01
1.11600e+00 5.00000e-01
1.12000e+00 5.00000e-01
1.12400e+00 5.00000e-01
1.12800e+00 5.00000e-01
1.13200e+00 5.00000e-01
1.13600e+00 5.00000e-01
1.14000e+00 5.00000e-01
1.14400e+00 5.00000e-01
1.14800e+00 5.00000e-01
1.15200e+00 5.00000e-01
1.15600e+00 5.00000e-01
1.16000e+00 5.00000e-01
1.16400e+00 5.00000e-01
1.16800e+00 5.00000e-01
1.17200e+00 5.00000e-01
1.17600e+00 5.00000e-01
1.18000e+00 5.00000e-01
1.18400e+00 5.00000e-01
1.18800e+00 5.00000e-01
1.19200e+00 5.00000e-01
1.19600e+00 5.00000e-01
1.20000e+00 5.00000e-01
1.20400e+00 5.00000e-01
1.20800e+00 5.00000e-01
1.21200e+00 5.00000e-01
1.21600e+00 5.00000e-01
1.22000e+00 5.00000e-01
1.22400e+00 5.00000e-01
1.22800e+00 5.00000e-01
1.23200e+00 5.00000e-01
1.23600e+00 5.00000e-01
1.24000e+00 5.00000e-01
1.24400e+00 5.00000e-01
1.24800e+00 5.00000e-01
1.25200e+00 5.00000e-01
1.25600e+00 5.00000e-01
1.26000e+00 5.00000e-01
1.26400e+00 5.00000e-01
1.26800e+00 5.00000e-01
1.27200e+00 5.00000e-01
1.27600e+00 5.00000e-01
1.28000e+00 5.00000e-01
1.28400e+00 5.00000e-01
1.28800e+00 5.00000e-01
1.29200e+00 5.00000e-01
1.29600e+00 5.00000e-01
1.30000e+00 5.00000e-01
1.30400e+00 5.00000e-01
1.30800e+00 5.00000e-01
1.31200e+00 5.00000e-01
1.31600e+00 5.00000e-01
1.32000e+00 5.00000e-01
1.32400e+00 5.00000e-01
1.32800e+00 5.00000e-01
1.33200e+00 5.00000e-01
1.33600e+00 5.00000e-01
1.34000e+00 5.00000e-01
1.34400e+00 5.00000e-01
1.34800e+00 5.00000e-01
1.35200e+00 5.00000e-01
1.35600e+00 5.00000e-01
1.36000e+00 5.00000e-01
1.36400e+00 5.00000e-01
1.36800e+00 5.00000e-01
1.37200e+00 5.00000e-01
1.37600e+00 5.00000e-01
1.38000e+00 5.00000e-01
1.38400e+00 5.00000e-01
1.38800e+00 5.00000e-01
1.39200e+00 5.00000e-01
1.39600e+00 5.00000e-01
1.40000e+00 5.00000e-01
1.40400e+00 5.00000e-01
1.40800e+00 5.00000e-01
1.41200e+00 5.00000e-01
1.41600e+00 5.00000e-01
1.42000e+00 5.00000e-01
1.42400e+00 5.00000e-01
1.42800e+00 5.00000e-01
1.43200e+00 5.00000e-01
1.43600e+00 5.00000e-01
1.44000e+00 5.00000e-01
1.44400e+00 5.00000e-01
1.44800e+00 5.00000e-01
1.45200e+00 5.00000e-01
1.45600e+00 5.00000e-01
1.46000e+00 5.00000e-01
1.46400e+00 5.00000e-01
1.46800e+00 5.00000e-01
1.47200e+00 5.00000e-01
1.47600e+00 5.00000e-01
1.48000e+00 5.00000e-01
1.48400e+00 5.00000e-01
1.48800e+00 5.00000e-01
1.49200e+00 5.00000e-01
1.49600e+00 5.00000e-01
1.50000e+00 5.00000e-01
1.50400e+00 5.00000e-01
1.50800e+00 5.00000e-01
1.51200e+00 5.00000e-01
1.51600e+00 5.00000e-01
1.52000e+00 5.00000e-01
1.52400e+00 5.00000e-01
1.52800e+00 5.00000e-01
1.53200e+00 5.00000e-01
1.53600e+00 5.00000e-01
1.54000e+00 5.00000e-01
1.54400e+00 5.00000e-01
1.54800e+00 5.00000e-01
1.55200e+00 5.00000e-01
1.55600e+00 5.00000e-01
1.56000e+00 5.00000e-01
1.56400e+00 5.00000e-01
1.56800e+00 5.00000e-01
1.57200e+00 5.00000e-01
1.57600e+00 5.00000e-01
1.58000e+00 5.00000e-01
1.58400e+00 5.00000e-01
1.58800e+00 5.00000e-01
1.59200e+00 5.00000e-01
1.59600e+00 5.00000e-01
1.60000e+00 5.00000e-01
1.60400e+00 5.00000e-01
1.60800e+00 5.00000e-01
1.61200e+00 5.00000e-01
1.61600e+00 5.00000e-01
1.62000e+00 5.00000e-01
1.62400e+00 5.00000e-01
1.62800e+00 5.00000e-01
1.63200e+00 5.00000e-01
1.63600e+00 5.00000e-01
1.64000e+00 5.00000e-01
1.64400e+00 5.00000e-01
1.64800e+00 5.00000e-01
1.65200e+00 5.00000e-01
1.65600e+00 5.00000e-01
1.66000e+00 5.00000e-01
1.66400e+00 5.00000e-01
1.66800e+00 5.00000e-01
1.67200e+00 5.00000e-01
1.67600e+00 5.00000e-01
1.68000e+00 5.00000e-01
1.68400e+00 5.00000e-01
1.68800e+00 5.00000e-01
1.69200e+00 5.00000e-01
1.69600e+00 5.00000e-01
1.70000e+00 5.00000e-01
1.70400e+00 5.00000e-01
1.70800e+00 5.00000e-01
1.71200e+00 5.00000e-01
1.71600e+00 5.00000e-01
1.72000e+00 5.00000e-01
1.72400e+00 5.00000e-01
1.72800e+00 5.00000e-01
1.73200e+00 5.00000e-01
1.73600e+00 5.00000e-01
1.74000e+00 5.00000e-01
1.74400e+00 5.00000e-01
1.74800e+00 5.00000e-01
1.75200e+00 5.00000e-01
1.75600e+00 5.00000e-01
1.76000e+00 5.00000e-01
1.76400e+00 5.00000e-01
1.76800e+00 5.00000e-01
1.77200e+00 5.00000e-01
1.77600e+00 5.00000e-01
1.78000e+00 5.00000e-01
1.78400e+00 5.00000e-01
1.78800e+00 5.00000e-01
1.79200e+00 5.00000e-01
1.79600e+00 5.00000e-01
1.80000e+00 5.00000e-01
1.80400e+00 5.00000e-01
1.80800e+00 5.00000e-01
1.81200e+00 5.00000e-01
1.81600e+00 5.00000e-01
1.82000e+00 5.00000e-01
1.82400e+00 5.00000e-01
1.82800e+00 5.00000e-01
1.83200e+00 5.00000e-01
1.83600e+00 5.00000e-01
1.84000e+00 5.00000e-01
1.84400e+00 5.00000e-01
1.84800e+00 5.00000e-01
1.85200e+00 5.00000e-01
1.85600e+00 5.00000e-01
1.86000e+00 5.00000e-01
1.86400e+00 5.00000e-01
1.86800e+00 5.00000e-01
1.87200e+00 5.00000e-01
1.87600e+00 5.00000e-01
1.88000e+00 5.00000e-01
1.88400e+00 5.00000e-01
1.88800e+00 5.00000e-01
1.89200e+00 5.00000e-01
1.89600e+00 5.00000e-01
1.90000e+00 5.00000e-01
1.90400e+00 5.00000e-01
1.90800e+00 5.00000e-01
1.91200e+00 5.00000e-01
1.91600e+00 5.00000e-01
1.92000e+00 5.00000e-01
1.92400e+00 5.00000e-01
1.92800e+00 5.00000e-01
1.93200e+00 5.00000e-01
1.93600e+00 5.00000e-01
1.94000e+00 5.00000e-01
1.94400e+00 5.00000e-01
1.94800e+00 5.00000e-01
1.95200e+00 5.00000e-01
1.95600e+00 5.00000e-01
1.96000e+00 5.00000e-01
1.96400e+00 5.00000e-01
1.96800e+00 5.00000e-01
1.97200e+00 5.00000e-01
1.97600e+00 5.00000e-01
1.98000e+00 5.00000e-01
1.98400e+00 5.00000e-01
1.98800e+00 5.00000e-01
1.99200e+00 5.00000e-01
1.99600e+00 5.00000e-01
