0.00000e+00 5.31222e-01
4.00000e-03 5.31222e-01
8.00000e-03 5.31222e-01
1.20000e-02 5.31219e-01
1.60000e-02 5.31174e-01
2.00000e-02 5.30718e-01
2.40000e-02 5.27893e-01
2.80000e-02 5.19712e-01
3.20000e-02 5.11888e-01
3.60000e-02 5.08478e-01
4.00000e-02 5.03607e-01
4.40000e-02 4.80777e-01
4.80000e-02 4.29117e-01
5.20000e-02 4.05168e-01
5.60000e-02 4.04138e-01
6.00000e-02 4.05401e-01
6.40000e-02 4.10188e-01
6.80000e-02 4.17806e-01
7.20000e-02 4.24113e-01
7.60000e-02 4.27667e-01
8.00000e-02 4.30254e-01
8.40000e-02 4.33574e-01
8.80000e-02 4.39249e-01
9.20000e-02 4.49153e-01
9.60000e-02 4.65485e-01
1.00000e-01 4.88996e-01
1.04000e-01 5.10161e-01
1.08000e-01 5.16816e-01
1.12000e-01 5.17208e-01
1.16000e-01 5.17204e-01
1.20000e-01 5.17141e-01
1.24000e-01 5.16772e-01
1.28000e-01 5.15486e-01
1.32000e-01 5.13513e-01
1.36000e-01 5.12739e-01
1.40000e-01 5.12710e-01
1.44000e-01 5.12777e-01
1.48000e-01 5.13276e-01
1.52000e-01 5.15849e-01
1.56000e-01 5.25711e-01
1.60000e-01 5.39963e-01
1.64000e-01 5.41777e-01
1.68000e-01 5.32065e-01
1.72000e-01 4.83064e-01
1.76000e-01 4.41336e-01
1.80000e-01 4.37406e-01
1.84000e-01 4.39138e-01
1.88000e-01 4.47677e-01
1.92000e-01 4.68440e-01
1.96000e-01 4.98468e-01
2.00000e-01 5.12671e-01
2.04000e-01 5.12771e-01
2.08000e-01 5.04191e-01
2.12000e-01 4.68308e-01
2.16000e-01 4.37018e-01
2.20000e-01 4.33534e-01
2.24000e-01 4.34555e-01
2.28000e-01 4.39117e-01
2.32000e-01 4.44492e-01
2.36000e-01 4.46021e-01
2.40000e-01 4.46146e-01
2.44000e-01 4.46196e-01
2.48000e-01 4.46298e-01
2.52000e-01 4.46571e-01
2.56000e-01 4.47171e-01
2.60000e-01 4.48238e-01
2.64000e-01 4.49824e-01
2.68000e-01 4.51892e-01
2.72000e-01 4.54405e-01
2.76000e-01 4.57385e-01
2.80000e-01 4.60905e-01
2.84000e-01 4.65049e-01
2.88000e-01 4.69911e-01
2.92000e-01 4.75727e-01
2.96000e-01 4.83188e-01
3.00000e-01 4.93902e-01
3.04000e-01 5.09981e-01
3.08000e-01 5.27993e-01
3.12000e-01 5.36309e-01
3.16000e-01 5.37173e-01
3.20000e-01 5.37186e-01
3.24000e-01 5.37186e-01
3.28000e-01 5.37188e-01
3.32000e-01 5.37198e-01
3.36000e-01 5.37270e-01
3.40000e-01 5.37730e-01
3.44000e-01 5.39466e-01
3.48000e-01 5.40942e-01
3.52000e-01 5.40795e-01
3.56000e-01 5.36755e-01
3.60000e-01 5.12145e-01
3.64000e-01 4.70768e-01
3.68000e-01 4.58529e-01
3.72000e-01 4.58614e-01
3.76000e-01 4.61833e-01
3.80000e-01 4.72528e-01
3.84000e-01 4.84778e-01
3.88000e-01 4.87158e-01
3.92000e-01 4.86175e-01
3.96000e-01 4.77922e-01
4.00000e-01 4.56615e-01
4.04000e-01 4.43008e-01
4.08000e-01 4.41743e-01
4.12000e-01 4.41972e-01
4.16000e-01 4.43390e-01
4.20000e-01 4.47238e-01
4.24000e-01 4.53935e-01
4.28000e-01 4.62406e-01
4.32000e-01 4.70756e-01
4.36000e-01 4.77824e-01
4.40000e-01 4.83879e-01
4.44000e-01 4.90151e-01
4.48000e-01 4.98635e-01
4.52000e-01 5.12038e-01
4.56000e-01 5.28771e-01
4.60000e-01 5.37379e-01
4.64000e-01 5.38232e-01
4.68000e-01 5.38119e-01
4.72000e-01 5.36643e-01
4.76000e-01 5.27536e-01
4.80000e-01 5.03588e-01
4.84000e-01 4.87313e-01
4.88000e-01 4.85675e-01
4.92000e-01 4.85918e-01
4.96000e-01 4.87751e-01
5.00000e-01 4.93921e-01
5.04000e-01 5.05270e-01
5.08000e-01 5.13366e-01
5.12000e-01 5.14716e-01
5.16000e-01 5.14747e-01
5.20000e-01 5.14748e-01
5.24000e-01 5.14748e-01
5.28000e-01 5.14750e-01
5.32000e-01 5.14758e-01
5.36000e-01 5.14780e-01
5.40000e-01 5.14835e-01
5.44000e-01 5.14956e-01
5.48000e-01 5.15239e-01
5.52000e-01 5.16097e-01
5.56000e-01 5.19168e-01
5.60000e-01 5.26989e-01
5.64000e-01 5.32687e-01
5.68000e-01 5.32662e-01
5.72000e-01 5.26490e-01
5.76000e-01 4.97357e-01
5.80000e-01 4.64719e-01
5.84000e-01 4.58791e-01
5.88000e-01 4.58954e-01
5.92000e-01 4.60627e-01
5.96000e-01 4.65176e-01
6.00000e-01 4.72295e-01
6.04000e-01 4.81231e-01
6.08000e-01 4.92581e-01
6.12000e-01 5.04246e-01
6.16000e-01 5.09069e-01
6.20000e-01 5.09350e-01
6.24000e-01 5.08973e-01
6.28000e-01 5.05629e-01
6.32000e-01 4.91766e-01
6.36000e-01 4.71282e-01
6.40000e-01 4.64536e-01
6.44000e-01 4.64322e-01
6.48000e-01 4.64620e-01
6.52000e-01 4.66015e-01
6.56000e-01 4.68610e-01
6.60000e-01 4.70439e-01
6.64000e-01 4.70917e-01
6.68000e-01 4.71064e-01
6.72000e-01 4.71236e-01
6.76000e-01 4.71625e-01
6.80000e-01 4.72563e-01
6.84000e-01 4.74725e-01
6.88000e-01 4.79593e-01
6.92000e-01 4.89731e-01
6.96000e-01 5.03798e-01
7.00000e-01 5.10634e-01
7.04000e-01 5.11041e-01
7.08000e-01 5.10310e-01
7.12000e-01 5.04588e-01
7.16000e-01 4.86850e-01
7.20000e-01 4.71080e-01
7.24000e-01 4.68700e-01
7.28000e-01 4.68872e-01
7.32000e-01 4.70413e-01
7.36000e-01 4.75750e-01
7.40000e-01 4.84960e-01
7.44000e-01 4.90405e-01
7.48000e-01 4.91002e-01
7.52000e-01 4.90951e-01
7.56000e-01 4.90399e-01
7.60000e-01 4.87625e-01
7.64000e-01 4.80022e-01
7.68000e-01 4.72404e-01
7.72000e-01 4.70731e-01
7.76000e-01 4.70715e-01
7.80000e-01 4.70895e-01
7.84000e-01 4.71814e-01
7.88000e-01 4.74729e-01
7.92000e-01 4.80585e-01
7.96000e-01 4.85736e-01
8.00000e-01 4.86931e-01
8.04000e-01 4.86974e-01
8.08000e-01 4.86974e-01
8.12000e-01 4.86974e-01
8.16000e-01 4.86974e-01
8.20000e-01 4.86974e-01
8.24000e-01 4.86975e-01
8.28000e-01 4.86978e-01
8.32000e-01 4.86985e-01
8.36000e-01 4.87004e-01
8.40000e-01 4.87048e-01
8.44000e-01 4.87148e-01
8.48000e-01 4.87357e-01
8.52000e-01 4.87769e-01
8.56000e-01 4.88534e-01
8.60000e-01 4.89873e-01
8.64000e-01 4.92026e-01
8.68000e-01 4.94995e-01
8.72000e-01 4.98062e-01
8.76000e-01 5.00158e-01
8.80000e-01 5.01187e-01
8.84000e-01 5.01747e-01
8.88000e-01 5.02236e-01
8.92000e-01 5.02861e-01
8.96000e-01 5.03777e-01
9.00000e-01 5.05079e-01
9.04000e-01 5.06749e-01
9.08000e-01 5.08648e-01
9.12000e-01 5.10636e-01
9.16000e-01 5.12746e-01
9.20000e-01 5.15294e-01
9.24000e-01 5.19063e-01
9.28000e-01 5.25813e-01
9.32000e-01 5.38377e-01
9.36000e-01 5.54819e-01
9.40000e-01 5.63094e-01
9.44000e-01 5.63978e-01
9.48000e-01 5.63989e-01
9.52000e-01 5.63989e-01
9.56000e-01 5.63989e-01
9.60000e-01 5.63989e-01
9.64000e-01 5.63989e-01
9.68000e-01 5.63990e-01
9.72000e-01 5.64001e-01
9.76000e-01 5.64027e-01
9.80000e-01 5.64036e-01
9.84000e-01 5.64027e-01
9.88000e-01 5.63902e-01
9.92000e-01 5.62752e-01
9.96000e-01 5.54924e-01
1.00000e+00 5.28769e-01
1.00400e+00 5.04309e-01
1.00800e+00 5.00082e-01
1.01200e+00 5.00000e-01
1.01600e+00 5.00000e-01
1.02000e+00 5.00000e-01
1.02400e+00 5.00000e-01
1.02800e+00 5.00000e-01
1.03200e+00 5.00000e-01
1.03600e+00 5.00000e-01
1.04000e+00 5.00000e-01
1.04400e+00 5.00000e-01
1.04800e+00 5.00000e-01
1.05200e+00 5.00000e-01
1.05600e+00 5.00000e-01
1.06000e+00 5.00000e-01
1.06400e+00 5.00000e-01
1.06800e+00 5.00000e-01
1.07200e+00 5.00000e-01
1.07600e+00 5.00000e-01
1.08000e+00 5.00000e-01
1.08400e+00 5.00000e-01
1.08800e+00 5.00000e-01
1.09200e+00 5.00000e-01
1.09600e+00 5.00000e-01
1.10000e+00 5.00000e-01
1.10400e+00 5.00000e-01
1.10800e+00 5.00000e-01
1.11200e+00 5.00000e-01
1.11600e+00 5.00000e-01
1.12000e+00 5.00000e-01
1.12400e+00 5.00000e-01
1.12800e+00 5.00000e-01
1.13200e+00 5.00000e-01
1.13600e+00 5.00000e-01
1.14000e+00 5.00000e-01
1.14400e+00 5.00000e-01
1.14800e+00 5.00000e-01
1.15200e+00 5.00000e-01
1.15600e+00 5.00000e-01
1.16000e+00 5.00000e-01
1.16400e+00 5.00000e-01
1.16800e+00 5.00000e-01
1.17200e+00 5.00000e-01
1.17600e+00 5.00000e-01
1.18000e+00 5.00000e-01
1.18400e+00 5.00000e-01
1.18800e+00 5.00000e-01
1.19200e+00 5.00000e-01
1.19600e+00 5.00000e-01
1.20000e+00 5.00000e-01
1.20400e+00 5.00000e-01
1.20800e+00 5.00000e-01
1.21200e+00 5.00000e-01
1.21600e+00 5.00000e-01
1.22000e+00 5.00000e-01
1.22400e+00 5.00000e-01
1.22800e+00 5.00000e-01
1.23200e+00 5.00000e-01
1.23600e+00 5.00000e-01
1.24000e+00 5.00000e-01
1.24400e+00 5.00000e-01
1.24800e+00 5.00000e-01
1.25200e+00 5.00000e-01
1.25600e+00 5.00000e-01
1.26000e+00 5.00000e-01
1.26400e+00 5.00000e-01
1.26800e+00 5.00000e-01
1.27200e+00 5.00000e-01
1.27600e+00 5.00000e-01
1.28000e+00 5.00000e-01
1.28400e+00 5.00000e-01
1.28800e+00 5.00000e-01
1.29200e+00 5.00000e-01
1.29600e+00 5.00000e-01
1.30000e+00 5.00000e-01
1.30400e+00 5.00000e-01
1.30800e+00 5.00000e-01
1.31200e+00 5.00000e-01
1.31600e+00 5.00000e-01
1.32000e+00 5.00000e-01
1.32400e+00 5.00000e-01
1.32800e+00 5.00000e-01
1.33200e+00 5.00000e-01
1.33600e+00 5.00000e-01
1.34000e+00 5.00000e-01
1.34400e+00 5.00000e-01
1.34800e+00 5.00000e-01
1.35200e+00 5.00000e-01
1.35600e+00 5.00000e-01
1.36000e+00 5.00000e-01
1.36400e+00 5.00000e-01
1.36800e+00 5.00000e-01
1.37200e+00 5.00000e-01
1.37600e+00 5.00000e-01
1.38000e+00 5.00000e-01
1.38400e+00 5.00000e-01
1.38800e+00 5.00000e-01
1.39200e+00 5.00000e-01
1.39600e+00 5.00000e-01
1.40000e+00 5.00000e-01
1.40400e+00 5.00000e-01
1.40800e+00 5.00000e-01
1.41200e+00 5.00000e-01
1.41600e+00 5.00000e-01
1.42000e+00 5.00000e-01
1.42400e+00 5.00000e-01
1.42800e+00 5.00000e-01
1.43200e+00 5.00000e-01
1.43600e+00 5.00000e-01
1.44000e+00 5.00000e-01
1.44400e+00 5.00000e-01
1.44800e+00 5.00000e-01
1.45200e+00 5.00000e-01
1.45600e+00 5.00000e-01
1.46000e+00 5.00000e-01
1.46400e+00 5.00000e-01
1.46800e+00 5.00000e-01
1.47200e+00 5.00000e-01
1.47600e+00 5.00000e-01
1.48000e+00 5.00000e-01
1.48400e+00 5.00000e-01
1.48800e+00 5.00000e-01
1.49200e+00 5.00000e-01
1.49600e+00 5.00000e-01
1.50000e+00 5.00000e-01
1.50400e+00 5.00000e-01
1.50800e+00 5.00000e-01
1.51200e+00 5.00000e-01
1.51600e+00 5.00000e-01
1.52000e+00 5.00000e-01
1.52400e+00 5.00000e-01
1.52800e+00 5.00000e-01
1.53200e+00 5.00000e-01
1.53600e+00 5.00000e-01
1.54000e+00 5.00000e-01
1.54400e+00 5.00000e-01
1.54800e+00 5.00000e-01
1.55200e+00 5.00000e-01
1.55600e+00 5.00000e-01
1.56000e+00 5.00000e-01
1.56400e+00 5.00000e-01
1.56800e+00 5.00000e-01
1.57200e+00 5.00000e-01
1.57600e+00 5.00000e-01
1.58000e+00 5.00000e-01
1.58400e+00 5.00000e-01
1.58800e+00 5.00000e-01
1.59200e+00 5.00000e-01
1.59600e+00 5.00000e-01
1.60000e+00 5.00000e-01
1.60400e+00 5.00000e-01
1.60800e+00 5.00000e-01
1.61200e+00 5.00000e-01
1.61600e+00 5.00000e-01
1.62000e+00 5.00000e-01
1.62400e+00 5.00000e-01
1.62800e+00 5.00000e-01
1.63200e+00 5.00000e-01
1.63600e+00 5.00000e-01
1.64000e+00 5.00000e-01
1.64400e+00 5.00000e-01
1.64800e+00 5.00000e-01
1.65200e+00 5.00000e-01
1.65600e+00 5.00000e-01
1.66000e+00 5.00000e-01
1.66400e+00 5.00000e-01
1.66800e+00 5.00000e-01
1.67200e+00 5.00000e-01
1.67600e+00 5.00000e-01
1.68000e+00 5.00000e-01
1.68400e+00 5.00000e-01
1.68800e+00 5.00000e-01
1.69200e+00 5.00000e-01
1.69600e+00 5.00000e-01
1.70000e+00 5.00000e-01
1.70400e+00 5.00000e-01
1.70800e+00 5.00000e-01
1.71200e+00 5.00000e-01
1.71600e+00 5.00000e-01
1.72000e+00 5.00000e-01
1.72400e+00 5.00000e-01
1.72800e+00 5.00000e-01
1.73200e+00 5.00000e-01
1.73600e+00 5.00000e-01
1.74000e+00 5.00000e-01
1.74400e+00 5.00000e-01
1.74800e+00 5.00000e-01
1.75200e+00 5.00000e-01
1.75600e+00 5.00000e-01
1.76000e+00 5.00000e-01
1.76400e+00 5.00000e-01
1.76800e+00 5.00000e-01
1.77200e+00 5.00000e-01
1.77600e+00 5.00000e-01
1.78000e+00 5.00000e-01
1.78400e+00 5.00000e-01
1.78800e+00 5.00000e-01
1.79200e+00 5.00000e-01
1.79600e+00 5.00000e-01
1.80000e+00 5.00000e-01
1.80400e+00 5.00000e-01
1.80800e+00 5.00000e-01
1.81200e+00 5.00000e-01
1.81600e+00 5.00000e-01
1.82000e+00 5.00000e-01
1.82400e+00 5.00000e-01
1.82800e+00 5.00000e-01
1.83200e+00 5.00000e-01
1.83600e+00 5.00000e-01
1.84000e+00 5.00000e-01
1.84400e+00 5.00000e-01
1.84800e+00 5.00000e-01
1.85200e+00 5.00000e-01
1.85600e+00 5.00000e-01
1.86000e+00 5.00000e-01
1.86400e+00 5.00000e-01
1.86800e+00 5.00000e-01
1.87200e+00 5.00000e-01
1.87600e+00 5.00000e-01
1.88000e+00 5.00000e-01
1.88400e+00 5.00000e-01
1.88800e+00 5.00000e-01
1.89200e+00 5.00000e-01
1.89600e+00 5.00000e-01
1.90000e+00 5.00000e-01
1.90400e+00 5.00000e-01
1.90800e+00 5.00000e-01
1.91200e+00 5.00000e-01
1.91600e+00 5.00000e-01
1.92000e+00 5.00000e-01
1.92400e+00 5.00000e-01
1.92800e+00 5.00000e-01
1.93200e+00 5.00000e-01
1.93600e+00 5.00000e-01
1.94000e+00 5.00000e-01
1.94400e+00 5.00000e-01
1.94800e+00 5.00000e-01
1.95200e+00 5.00000e-01
1.95600e+00 5.00000e-01
1.96000e+00 5.00000e-01
1.96400e+00 5.00000e-01
1.96800e+00 5.00000e-01
1.97200e+00 5.00000e-01
1.97600e+00 5.00000e-01
1.98000e+00 5.00000e-01
1.98400e+00 5.00000e-01
1.98800e+00 5.00000e-01
1.99200e+00 5.00000e-01
1.99600e+00 5.00000e-01
