0.00000e+00 4.18530e-01
4.00000e-03 4.18531e-01
8.00000e-03 4.18556e-01
1.20000e-02 4.18875e-01
1.60000e-02 4.21075e-01
2.00000e-02 4.30153e-01
2.40000e-02 4.54197e-01
2.80000e-02 4.94448e-01
3.20000e-02 5.25060e-01
3.60000e-02 5.30952e-01
4.00000e-02 5.31065e-01
4.40000e-02 5.30884e-01
4.80000e-02 5.29611e-01
5.20000e-02 5.25388e-01
5.60000e-02 5.18760e-01
6.00000e-02 5.11553e-01
6.40000e-02 4.96561e-01
6.80000e-02 4.54547e-01
7.20000e-02 4.12980e-01
7.60000e-02 4.05861e-01
8.00000e-02 4.06168e-01
8.40000e-02 4.08660e-01
8.80000e-02 4.14676e-01
9.20000e-02 4.21885e-01
9.60000e-02 4.26868e-01
1.00000e-01 4.29848e-01
1.04000e-01 4.32515e-01
1.08000e-01 4.36222e-01
1.12000e-01 4.42258e-01
1.16000e-01 4.52031e-01
1.20000e-01 4.67343e-01
1.24000e-01 4.89169e-01
1.28000e-01 5.09639e-01
1.32000e-01 5.16701e-01
1.36000e-01 5.17186e-01
1.40000e-01 5.17186e-01
1.44000e-01 5.17154e-01
1.48000e-01 5.16946e-01
1.52000e-01 5.16090e-01
1.56000e-01 5.14224e-01
1.60000e-01 5.12927e-01
1.64000e-01 5.12779e-01
1.68000e-01 5.12809e-01
1.72000e-01 5.13119e-01
1.76000e-01 5.14982e-01
1.80000e-01 5.22552e-01
1.84000e-01 5.33216e-01
1.88000e-01 5.34335e-01
1.92000e-01 5.26232e-01
1.96000e-01 4.84681e-01
2.00000e-01 4.45495e-01
2.04000e-01 4.41040e-01
2.08000e-01 4.42507e-01
2.12000e-01 4.50505e-01
2.16000e-01 4.70968e-01
2.20000e-01 4.98509e-01
2.24000e-01 5.08596e-01
2.28000e-01 5.08058e-01
2.32000e-01 4.97506e-01
2.36000e-01 4.62302e-01
2.40000e-01 4.37838e-01
2.44000e-01 4.35870e-01
2.48000e-01 4.36904e-01
2.52000e-01 4.40959e-01
2.56000e-01 4.45116e-01
2.60000e-01 4.46128e-01
2.64000e-01 4.46220e-01
2.68000e-01 4.46274e-01
2.72000e-01 4.46398e-01
2.76000e-01 4.46719e-01
2.80000e-01 4.47405e-01
2.84000e-01 4.48591e-01
2.88000e-01 4.50314e-01
2.92000e-01 4.52517e-01
2.96000e-01 4.55138e-01
3.00000e-01 4.58171e-01
3.04000e-01 4.61663e-01
3.08000e-01 4.65668e-01
3.12000e-01 4.70245e-01
3.16000e-01 4.75558e-01
3.20000e-01 4.82133e-01
3.24000e-01 4.91276e-01
3.28000e-01 5.05209e-01
3.32000e-01 5.23356e-01
3.36000e-01 5.35099e-01
3.40000e-01 5.37133e-01
3.44000e-01 5.37186e-01
3.48000e-01 5.37187e-01
3.52000e-01 5.37188e-01
3.56000e-01 5.37193e-01
3.60000e-01 5.37234e-01
3.64000e-01 5.37521e-01
3.68000e-01 5.38702e-01
3.72000e-01 5.39802e-01
3.76000e-01 5.39702e-01
3.80000e-01 5.36646e-01
3.84000e-01 5.16409e-01
3.88000e-01 4.76178e-01
3.92000e-01 4.61197e-01
3.96000e-01 4.61042e-01
4.00000e-01 4.63960e-01
4.04000e-01 4.73840e-01
4.08000e-01 4.83669e-01
4.12000e-01 4.84930e-01
4.16000e-01 4.83423e-01
4.20000e-01 4.73295e-01
4.24000e-01 4.52656e-01
4.28000e-01 4.42883e-01
4.32000e-01 4.42326e-01
4.36000e-01 4.42635e-01
4.40000e-01 4.44255e-01
4.44000e-01 4.48319e-01
4.48000e-01 4.55116e-01
4.52000e-01 4.63521e-01
4.56000e-01 4.71659e-01
4.60000e-01 4.78377e-01
4.64000e-01 4.83902e-01
4.68000e-01 4.89333e-01
4.72000e-01 4.96359e-01
4.76000e-01 5.07556e-01
4.80000e-01 5.23807e-01
4.84000e-01 5.35731e-01
4.88000e-01 5.37903e-01
4.92000e-01 5.37889e-01
4.96000e-01 5.37146e-01
5.00000e-01 5.31629e-01
5.04000e-01 5.11899e-01
5.08000e-01 4.90610e-01
5.12000e-01 4.86403e-01
5.16000e-01 4.86457e-01
5.20000e-01 4.87555e-01
5.24000e-01 4.92008e-01
5.28000e-01 5.02036e-01
5.32000e-01 5.11970e-01
5.36000e-01 5.14634e-01
5.40000e-01 5.14748e-01
5.44000e-01 5.14748e-01
5.48000e-01 5.14749e-01
5.52000e-01 5.14750e-01
5.56000e-01 5.14753e-01
5.60000e-01 5.14764e-01
5.64000e-01 5.14793e-01
5.68000e-01 5.14861e-01
5.72000e-01 5.15037e-01
5.76000e-01 5.15623e-01
5.80000e-01 5.17890e-01
5.84000e-01 5.24252e-01
5.88000e-01 5.29735e-01
5.92000e-01 5.29925e-01
5.96000e-01 5.25648e-01
6.00000e-01 5.02000e-01
6.04000e-01 4.68513e-01
6.08000e-01 4.59980e-01
6.12000e-01 4.59933e-01
6.16000e-01 4.61000e-01
6.20000e-01 4.64508e-01
6.24000e-01 4.70977e-01
6.28000e-01 4.80432e-01
6.32000e-01 4.93180e-01
6.36000e-01 5.05004e-01
6.40000e-01 5.08829e-01
6.44000e-01 5.08965e-01
6.48000e-01 5.08576e-01
6.52000e-01 5.05349e-01
6.56000e-01 4.92040e-01
6.60000e-01 4.71893e-01
6.64000e-01 4.64945e-01
6.68000e-01 4.64696e-01
6.72000e-01 4.64954e-01
6.76000e-01 4.66222e-01
6.80000e-01 4.68698e-01
6.84000e-01 4.70540e-01
6.88000e-01 4.71031e-01
6.92000e-01 4.71169e-01
6.96000e-01 4.71320e-01
7.00000e-01 4.71664e-01
7.04000e-01 4.72515e-01
7.08000e-01 4.74525e-01
7.12000e-01 4.79132e-01
7.16000e-01 4.88871e-01
7.20000e-01 5.02725e-01
7.24000e-01 5.09788e-01
7.28000e-01 5.10271e-01
7.32000e-01 5.09654e-01
7.36000e-01 5.04642e-01
7.40000e-01 4.88216e-01
7.44000e-01 4.72196e-01
7.48000e-01 4.69417e-01
7.52000e-01 4.69548e-01
7.56000e-01 4.70924e-01
7.60000e-01 4.75885e-01
7.64000e-01 4.84747e-01
7.68000e-01 4.90199e-01
7.72000e-01 4.90825e-01
7.76000e-01 4.90772e-01
7.80000e-01 4.90195e-01
7.84000e-01 4.87327e-01
7.88000e-01 4.79677e-01
7.92000e-01 4.72365e-01
7.96000e-01 4.70865e-01
8.00000e-01 4.70856e-01
8.04000e-01 4.71044e-01
8.08000e-01 4.71983e-01
8.12000e-01 4.74934e-01
8.16000e-01 4.80783e-01
8.20000e-01 4.85809e-01
8.24000e-01 4.86935e-01
8.28000e-01 4.86974e-01
8.32000e-01 4.86974e-01
8.36000e-01 4.86974e-01
8.40000e-01 4.86974e-01
8.44000e-01 4.86974e-01
8.48000e-01 4.86975e-01
8.52000e-01 4.86977e-01
8.56000e-01 4.86983e-01
8.60000e-01 4.86998e-01
8.64000e-01 4.87035e-01
8.68000e-01 4.87117e-01
8.72000e-01 4.87290e-01
8.76000e-01 4.87637e-01
8.80000e-01 4.88290e-01
8.84000e-01 4.89458e-01
8.88000e-01 4.91417e-01
8.92000e-01 4.94330e-01
8.96000e-01 4.97671e-01
9.00000e-01 5.00147e-01
9.04000e-01 5.01305e-01
9.08000e-01 5.01819e-01
9.12000e-01 5.02201e-01
9.16000e-01 5.02673e-01
9.20000e-01 5.03393e-01
9.24000e-01 5.04491e-01
9.28000e-01 5.06011e-01
9.32000e-01 5.07849e-01
9.36000e-01 5.09811e-01
9.40000e-01 5.11795e-01
9.44000e-01 5.13932e-01
9.48000e-01 5.16673e-01
9.52000e-01 5.21044e-01
9.56000e-01 5.29239e-01
9.60000e-01 5.43741e-01
9.64000e-01 5.58780e-01
9.68000e-01 5.63703e-01
9.72000e-01 5.63987e-01
9.76000e-01 5.63989e-01
9.80000e-01 5.63989e-01
9.84000e-01 5.63989e-01
9.88000e-01 5.63989e-01
9.92000e-01 5.63989e-01
9.96000e-01 5.63993e-01
1.00000e+00 5.64008e-01
1.00400e+00 5.64022e-01
1.00800e+00 5.64021e-01
1.01200e+00 5.63988e-01
1.01600e+00 5.63643e-01
1.02000e+00 5.60825e-01
1.02400e+00 5.45776e-01
1.02800e+00 5.15281e-01
1.03200e+00 5.01021e-01
1.03600e+00 5.00006e-01
1.04000e+00 5.00000e-01
1.04400e+00 5.00000e-01
1.04800e+00 5.00000e-01
1.05200e+00 5.00000e-01
1.05600e+00 5.00000e-01
1.06000e+00 5.00000e-01
1.06400e+00 5.00000e-01
1.06800e+00 5.00000e-01
1.07200e+00 5.00000e-01
1.07600e+00 5.00000e-01
1.08000e+00 5.00000e-01
1.08400e+00 5.00000e-01
1.08800e+00 5.00000e-01
1.09200e+00 5.00000e-01
1.09600e+00 5.00000e-01
1.10000e+00 5.00000e-01
1.10400e+00 5.00000e-01
1.10800e+00 5.00000e-01
1.11200e+00 5.00000e-01
1.11600e+00 5.00000e-01
1.12000e+00 5.00000e-01
1.12400e+00 5.00000e-01
1.12800e+00 5.00000e-01
1.13200e+00 5.00000e-01
1.13600e+00 5.00000e-01
1.14000e+00 5.00000e-01
1.14400e+00 5.00000e-01
1.14800e+00 5.00000e-01
1.15200e+00 5.00000e-01
1.15600e+00 5.00000e-01
1.16000e+00 5.00000e-01
1.16400e+00 5.00000e-01
1.16800e+00 5.00000e-01
1.17200e+00 5.00000e-01
1.17600e+00 5.00000e-01
1.18000e+00 5.00000e-01
1.18400e+00 5.00000e-01
1.18800e+00 5.00000e-01
1.19200e+00 5.00000e-01
1.19600e+00 5.00000e-01
1.20000e+00 5.00000e-01
1.20400e+00 5.00000e-01
1.20800e+00 5.00000e-01
1.21200e+00 5.00000e-01
1.21600e+00 5.00000e-01
1.22000e+00 5.00000e-01
1.22400e+00 5.00000e-01
1.22800e+00 5.00000e-01
1.23200e+00 5.00000e-01
1.23600e+00 5.00000e-01
1.24000e+00 5.00000e-01
1.24400e+00 5.00000e-01
1.24800e+00 5.00000e-01
1.25200e+00 5.00000e-01
1.25600e+00 5.00000e-01
1.26000e+00 5.00000e-01
1.26400e+00 5.00000e-01
1.26800e+00 5.00000e-01
1.27200e+00 5.00000e-01
1.27600e+00 5.00000e-01
1.28000e+00 5.00000e-01
1.28400e+00 5.00000e-01
1.28800e+00 5.00000e-01
1.29200e+00 5.00000e-01
1.29600e+00 5.00000e-01
1.30000e+00 5.00000e-01
1.30400e+00 5.00000e-01
1.30800e+00 5.00000e-01
1.31200e+00 5.00000e-01
1.31600e+00 5.00000e-01
1.32000e+00 5.00000e-01
1.32400e+00 5.00000e-01
1.32800e+00 5.00000e-01
1.33200e+00 5.00000e-01
1.33600e+00 5.00000e-01
1.34000e+00 5.00000e-01
1.34400e+00 5.00000e-01
1.34800e+00 5.00000e-01
1.35200e+00 5.00000e-01
1.35600e+00 5.00000e-01
1.36000e+00 5.00000e-01
1.36400e+00 5.00000e-01
1.36800e+00 5.00000e-01
1.37200e+00 5.00000e-01
1.37600e+00 5.00000e-01
1.38000e+00 5.00000e-01
1.38400e+00 5.00000e-01
1.38800e+00 5.00000e-01
1.39200e+00 5.00000e-01
1.39600e+00 5.00000e-01
1.40000e+00 5.00000e-01
1.40400e+00 5.00000e-01
1.40800e+00 5.00000e-01
1.41200e+00 5.00000e-01
1.41600e+00 5.00000e-01
1.42000e+00 5.00000e-01
1.42400e+00 5.00000e-01
1.42800e+00 5.00000e-01
1.43200e+00 5.00000e-01
1.43600e+00 5.00000e-01
1.44000e+00 5.00000e-01
1.44400e+00 5.00000e-01
1.44800e+00 5.00000e-01
1.45200e+00 5.00000e-01
1.45600e+00 5.00000e-01
1.46000e+00 5.00000e-01
1.46400e+00 5.00000e-01
1.46800e+00 5.00000e-01
1.47200e+00 5.00000e-01
1.47600e+00 5.00000e-01
1.48000e+00 5.00000e-01
1.48400e+00 5.00000e-01
1.48800e+00 5.00000e-01
1.49200e+00 5.00000e-01
1.49600e+00 5.00000e-01
1.50000e+00 5.00000e-01
1.50400e+00 5.00000e-01
1.50800e+00 5.00000e-01
1.51200e+00 5.00000e-01
1.51600e+00 5.00000e-01
1.52000e+00 5.00000e-01
1.52400e+00 5.00000e-01
1.52800e+00 5.00000e-01
1.53200e+00 5.00000e-01
1.53600e+00 5.00000e-01
1.54000e+00 5.00000e-01
1.54400e+00 5.00000e-01
1.54800e+00 5.00000e-01
1.55200e+00 5.00000e-01
1.55600e+00 5.00000e-01
1.56000e+00 5.00000e-01
1.56400e+00 5.00000e-01
1.56800e+00 5.00000e-01
1.57200e+00 5.00000e-01
1.57600e+00 5.00000e-01
1.58000e+00 5.00000e-01
1.58400e+00 5.00000e-01
1.58800e+00 5.00000e-01
1.59200e+00 5.00000e-01
1.59600e+00 5.00000e-01
1.60000e+00 5.00000e-01
1.60400e+00 5.00000e-01
1.60800e+00 5.00000e-01
1.61200e+00 5.00000e-01
1.61600e+00 5.00000e-01
1.62000e+00 5.00000e-01
1.62400e+00 5.00000e-01
1.62800e+00 5.00000e-01
1.63200e+00 5.00000e-01
1.63600e+00 5.00000e-01
1.64000e+00 5.00000e-01
1.64400e+00 5.00000e-01
1.64800e+00 5.00000e-01
1.65200e+00 5.00000e-01
1.65600e+00 5.00000e-01
1.66000e+00 5.00000e-01
1.66400e+00 5.00000e-01
1.66800e+00 5.00000e-01
1.67200e+00 5.00000e-01
1.67600e+00 5.00000e-01
1.68000e+00 5.00000e-01
1.68400e+00 5.00000e-01
1.68800e+00 5.00000e-01
1.69200e+00 5.00000e-01
1.69600e+00 5.00000e-01
1.70000e+00 5.00000e-01
1.70400e+00 5.00000e-01
1.70800e+00 5.00000e-01
1.71200e+00 5.00000e-01
1.71600e+00 5.00000e-01
1.72000e+00 5.00000e-01
1.72400e+00 5.00000e-01
1.72800e+00 5.00000e-01
1.73200e+00 5.00000e-01
1.73600e+00 5.00000e-01
1.74000e+00 5.00000e-01
1.74400e+00 5.00000e-01
1.74800e+00 5.00000e-01
1.75200e+00 5.00000e-01
1.75600e+00 5.00000e-01
1.76000e+00 5.00000e-01
1.76400e+00 5.00000e-01
1.76800e+00 5.00000e-01
1.77200e+00 5.00000e-01
1.77600e+00 5.00000e-01
1.78000e+00 5.00000e-01
1.78400e+00 5.00000e-01
1.78800e+00 5.00000e-01
1.79200e+00 5.00000e-01
1.79600e+00 5.00000e-01
1.80000e+00 5.00000e-01
1.80400e+00 5.00000e-01
1.80800e+00 5.00000e-01
1.81200e+00 5.00000e-01
1.81600e+00 5.00000e-01
1.82000e+00 5.00000e-01
1.82400e+00 5.00000e-01
1.82800e+00 5.00000e-01
1.83200e+00 5.00000e-01
1.83600e+00 5.00000e-01
1.84000e+00 5.00000e-01
1.84400e+00 5.00000e-01
1.84800e+00 5.00000e-01
1.85200e+00 5.00000e-01
1.85600e+00 5.00000e-01
1.86000e+00 5.00000e-01
1.86400e+00 5.00000e-01
1.86800e+00 5.00000e-01
1.87200e+00 5.00000e-01
1.87600e+00 5.00000e-01
1.88000e+00 5.00000e-01
1.88400e+00 5.00000e-01
1.88800e+00 5.00000e-01
1.89200e+00 5.00000e-01
1.89600e+00 5.00000e-01
1.90000e+00 5.00000e-01
1.90400e+00 5.00000e-01
1.90800e+00 5.00000e-01
1.91200e+00 5.00000e-01
1.91600e+00 5.00000e-01
1.92000e+00 5.00000e-01
1.92400e+00 5.00000e-01
1.92800e+00 5.00000e-01
1.93200e+00 5.00000e-01
1.93600e+00 5.00000e-01
1.94000e+00 5.00000e-01
1.94400e+00 5.00000e-01
1.94800e+00 5.00000e-01
1.95200e+00 5.00000e-01
1.95600e+00 5.00000e-01
1.96000e+00 5.00000e-01
1.96400e+00 5.00000e-01
1.96800e+00 5.00000e-01
1.97200e+00 5.00000e-01
1.97600e+00 5.00000e-01
1.98000e+00 5.00000e-01
1.98400e+00 5.00000e-01
1.98800e+00 5.00000e-01
1.99200e+00 5.00000e-01
1.99600e+00 5.00000e-01
