0.00000e+00 5.04598e-01
4.00000e-03 5.04598e-01
8.00000e-03 5.04596e-01
1.20000e-02 5.04550e-01
1.60000e-02 5.03857e-01
2.00000e-02 4.97077e-01
2.40000e-02 4.65771e-01
2.80000e-02 4.27950e-01
3.20000e-02 4.20735e-01
3.60000e-02 4.21259e-01
4.00000e-02 4.25241e-01
4.40000e-02 4.36573e-01
4.80000e-02 4.58365e-01
5.20000e-02 4.91002e-01
5.60000e-02 5.20950e-01
6.00000e-02 5.30405e-01
6.40000e-02 5.30916e-01
6.80000e-02 5.30872e-01
7.20000e-02 5.30469e-01
7.60000e-02 5.28967e-01
8.00000e-02 5.25412e-01
8.40000e-02 5.15761e-01
8.80000e-02 4.82548e-01
9.20000e-02 4.27913e-01
9.60000e-02 4.08042e-01
1.00000e-01 4.07380e-01
1.04000e-01 4.08371e-01
1.08000e-01 4.12250e-01
1.12000e-01 4.18952e-01
1.16000e-01 4.25303e-01
1.20000e-01 4.29283e-01
1.24000e-01 4.31942e-01
1.28000e-01 4.34708e-01
1.32000e-01 4.38687e-01
1.36000e-01 4.44896e-01
1.40000e-01 4.54417e-01
1.44000e-01 4.68824e-01
1.48000e-01 4.89279e-01
1.52000e-01 5.09170e-01
1.56000e-01 5.16593e-01
1.60000e-01 5.17171e-01
1.64000e-01 5.17174e-01
1.68000e-01 5.17157e-01
1.72000e-01 5.17041e-01
1.76000e-01 5.16505e-01
1.80000e-01 5.14976e-01
1.84000e-01 5.13271e-01
1.88000e-01 5.12866e-01
1.92000e-01 5.12875e-01
1.96000e-01 5.13088e-01
2.00000e-01 5.14539e-01
2.04000e-01 5.20530e-01
2.08000e-01 5.28160e-01
2.12000e-01 5.28657e-01
2.16000e-01 5.21311e-01
2.20000e-01 4.84958e-01
2.24000e-01 4.48986e-01
2.28000e-01 4.44455e-01
2.32000e-01 4.45772e-01
2.36000e-01 4.53424e-01
2.40000e-01 4.73418e-01
2.44000e-01 4.97819e-01
2.48000e-01 5.04593e-01
2.52000e-01 5.03505e-01
2.56000e-01 4.91099e-01
2.60000e-01 4.57516e-01
2.64000e-01 4.38829e-01
2.68000e-01 4.37774e-01
2.72000e-01 4.38789e-01
2.76000e-01 4.42321e-01
2.80000e-01 4.45523e-01
2.84000e-01 4.46218e-01
2.88000e-01 4.46295e-01
2.92000e-01 4.46357e-01
2.96000e-01 4.46506e-01
3.00000e-01 4.46884e-01
3.04000e-01 4.47663e-01
3.08000e-01 4.48977e-01
3.12000e-01 4.50840e-01
3.16000e-01 4.53173e-01
3.20000e-01 4.55887e-01
3.24000e-01 4.58957e-01
3.28000e-01 4.62408e-01
3.32000e-01 4.66278e-01
3.36000e-01 4.70600e-01
3.40000e-01 4.75488e-01
3.44000e-01 4.81334e-01
3.48000e-01 4.89171e-01
3.52000e-01 5.01032e-01
3.56000e-01 5.18149e-01
3.60000e-01 5.32908e-01
3.64000e-01 5.36985e-01
3.68000e-01 5.37186e-01
3.72000e-01 5.37187e-01
3.76000e-01 5.37188e-01
3.80000e-01 5.37191e-01
3.84000e-01 5.37217e-01
3.88000e-01 5.37405e-01
3.92000e-01 5.38211e-01
3.96000e-01 5.38962e-01
4.00000e-01 5.38878e-01
4.04000e-01 5.36542e-01
4.08000e-01 5.20085e-01
4.12000e-01 4.81885e-01
4.16000e-01 4.64123e-01
4.20000e-01 4.63611e-01
4.24000e-01 4.66082e-01
4.28000e-01 4.74721e-01
4.32000e-01 4.82152e-01
4.36000e-01 4.82690e-01
4.40000e-01 4.80475e-01
4.44000e-01 4.68573e-01
4.48000e-01 4.49606e-01
4.52000e-01 4.43053e-01
4.56000e-01 4.42859e-01
4.60000e-01 4.43269e-01
4.64000e-01 4.45099e-01
4.68000e-01 4.49379e-01
4.72000e-01 4.56277e-01
4.76000e-01 4.64626e-01
4.80000e-01 4.72575e-01
4.84000e-01 4.78981e-01
4.88000e-01 4.84045e-01
4.92000e-01 4.88773e-01
4.96000e-01 4.94596e-01
5.00000e-01 5.03757e-01
5.04000e-01 5.18463e-01
5.08000e-01 5.32996e-01
5.12000e-01 5.37456e-01
5.16000e-01 5.37607e-01
5.20000e-01 5.37270e-01
5.24000e-01 5.34140e-01
5.28000e-01 5.19648e-01
5.32000e-01 4.95813e-01
5.36000e-01 4.87336e-01
5.40000e-01 4.87080e-01
5.44000e-01 4.87660e-01
5.48000e-01 4.90702e-01
5.52000e-01 4.98933e-01
5.56000e-01 5.09854e-01
5.60000e-01 5.14393e-01
5.64000e-01 5.14746e-01
5.68000e-01 5.14749e-01
5.72000e-01 5.14749e-01
5.76000e-01 5.14749e-01
5.80000e-01 5.14751e-01
5.84000e-01 5.14756e-01
5.88000e-01 5.14771e-01
5.92000e-01 5.14809e-01
5.96000e-01 5.14917e-01
6.00000e-01 5.15319e-01
6.04000e-01 5.16989e-01
6.08000e-01 5.22098e-01
6.12000e-01 5.27190e-01
6.16000e-01 5.27540e-01
6.20000e-01 5.24522e-01
6.24000e-01 5.05485e-01
6.28000e-01 4.72403e-01
6.32000e-01 4.61105e-01
6.36000e-01 4.60800e-01
6.40000e-01 4.61451e-01
6.44000e-01 4.64114e-01
6.48000e-01 4.69881e-01
6.52000e-01 4.79614e-01
6.56000e-01 4.93524e-01
6.60000e-01 5.05430e-01
6.64000e-01 5.08584e-01
6.68000e-01 5.08653e-01
6.72000e-01 5.08257e-01
6.76000e-01 5.05129e-01
6.80000e-01 4.92284e-01
6.84000e-01 4.72439e-01
6.88000e-01 4.65327e-01
6.92000e-01 4.65046e-01
6.96000e-01 4.65272e-01
7.00000e-01 4.66429e-01
7.04000e-01 4.68789e-01
7.08000e-01 4.70634e-01
7.12000e-01 4.71136e-01
7.16000e-01 4.71266e-01
7.20000e-01 4.71400e-01
7.24000e-01 4.71706e-01
7.28000e-01 4.72482e-01
7.32000e-01 4.74354e-01
7.36000e-01 4.78718e-01
7.40000e-01 4.88076e-01
7.44000e-01 5.01704e-01
7.48000e-01 5.08983e-01
7.52000e-01 5.09541e-01
7.56000e-01 5.09022e-01
7.60000e-01 5.04632e-01
7.64000e-01 4.89476e-01
7.68000e-01 4.73324e-01
7.72000e-01 4.70124e-01
7.76000e-01 4.70215e-01
7.80000e-01 4.71433e-01
7.84000e-01 4.76020e-01
7.88000e-01 4.84519e-01
7.92000e-01 4.89977e-01
7.96000e-01 4.90637e-01
8.00000e-01 4.90582e-01
8.04000e-01 4.89982e-01
8.08000e-01 4.87028e-01
8.12000e-01 4.79354e-01
8.16000e-01 4.72344e-01
8.20000e-01 4.70996e-01
8.24000e-01 4.70993e-01
8.28000e-01 4.71190e-01
8.32000e-01 4.72148e-01
8.36000e-01 4.75134e-01
8.40000e-01 4.80975e-01
8.44000e-01 4.85878e-01
8.48000e-01 4.86939e-01
8.52000e-01 4.86974e-01
8.56000e-01 4.86974e-01
8.60000e-01 4.86974e-01
8.64000e-01 4.86974e-01
8.68000e-01 4.86974e-01
8.72000e-01 4.86975e-01
8.76000e-01 4.86976e-01
8.80000e-01 4.86981e-01
8.84000e-01 4.86994e-01
8.88000e-01 4.87023e-01
8.92000e-01 4.87091e-01
8.96000e-01 4.87235e-01
9.00000e-01 4.87526e-01
9.04000e-01 4.88080e-01
9.08000e-01 4.89089e-01
9.12000e-01 4.90842e-01
9.16000e-01 4.93631e-01
9.20000e-01 4.97184e-01
9.24000e-01 5.00096e-01
9.28000e-01 5.01439e-01
9.32000e-01 5.01922e-01
9.36000e-01 5.02211e-01
9.40000e-01 5.02550e-01
9.44000e-01 5.03091e-01
9.48000e-01 5.03978e-01
9.52000e-01 5.05310e-01
9.56000e-01 5.07052e-01
9.60000e-01 5.09010e-01
9.64000e-01 5.10978e-01
9.68000e-01 5.12932e-01
9.72000e-01 5.15118e-01
9.76000e-01 5.18136e-01
9.80000e-01 5.23313e-01
9.84000e-01 5.33254e-01
9.88000e-01 5.49167e-01
9.92000e-01 5.61441e-01
9.96000e-01 5.63916e-01
1.00000e+00 5.63988e-01
1.00400e+00 5.63989e-01
1.00800e+00 5.63989e-01
1.01200e+00 5.63989e-01
1.01600e+00 5.63989e-01
1.02000e+00 5.63990e-01
1.02400e+00 5.63997e-01
1.02800e+00 5.64010e-01
1.03200e+00 5.64013e-01
1.03600e+00 5.64005e-01
1.04000e+00 5.63906e-01
1.04400e+00 5.63008e-01
1.04800e+00 5.56629e-01
1.05200e+00 5.32685e-01
1.05600e+00 5.05946e-01
1.06000e+00 5.00152e-01
1.06400e+00 5.00000e-01
1.06800e+00 5.00000e-01
1.07200e+00 5.00000e-01
1.07600e+00 5.00000e-01
1.08000e+00 5.00000e-01
1.08400e+00 5.00000e-01
1.08800e+00 5.00000e-01
1.09200e+00 5.00000e-01
1.09600e+00 5.00000e-01
1.10000e+00 5.00000e-01
1.10400e+00 5.00000e-01
1.10800e+00 5.00000e-01
1.11200e+00 5.00000e-01
1.11600e+00 5.00000e-01
1.12000e+00 5.00000e-01
1.12400e+00 5.00000e-01
1.12800e+00 5.00000e-01
1.13200e+00 5.00000e-01
1.13600e+00 5.00000e-01
1.14000e+00 5.00000e-01
1.14400e+00 5.00000e-01
1.14800e+00 5.00000e-01
1.15200e+00 5.00000e-01
1.15600e+00 5.00000e-01
1.16000e+00 5.00000e-01
1.16400e+00 5.00000e-01
1.16800e+00 5.00000e-01
1.17200e+00 5.00000e-01
1.17600e+00 5.00000e-01
1.18000e+00 5.00000e-01
1.18400e+00 5.00000e-01
1.18800e+00 5.00000e-01
1.19200e+00 5.00000e-01
1.19600e+00 5.00000e-01
1.20000e+00 5.00000e-01
1.20400e+00 5.00000e-01
1.20800e+00 5.00000e-01
1.21200e+00 5.00000e-01
1.21600e+00 5.00000e-01
1.22000e+00 5.00000e-01
1.22400e+00 5.00000e-01
1.22800e+00 5.00000e-01
1.23200e+00 5.00000e-01
1.23600e+00 5.00000e-01
1.24000e+00 5.00000e-01
1.24400e+00 5.00000e-01
1.24800e+00 5.00000e-01
1.25200e+00 5.00000e-01
1.25600e+00 5.00000e-01
1.26000e+00 5.00000e-01
1.26400e+00 5.00000e-01
1.26800e+00 5.00000e-01
1.27200e+00 5.00000e-01
1.27600e+00 5.00000e-01
1.28000e+00 5.00000e-01
1.28400e+00 5.00000e-01
1.28800e+00 5.00000e-01
1.29200e+00 5.00000e-01
1.29600e+00 5.00000e-01
1.30000e+00 5.00000e-01
1.30400e+00 5.00000e-01
1.30800e+00 5.00000e-01
1.31200e+00 5.00000e-01
1.31600e+00 5.00000e-01
1.32000e+00 5.00000e-01
1.32400e+00 5.00000e-01
1.32800e+00 5.00000e-01
1.33200e+00 5.00000e-01
1.33600e+00 5.00000e-01
1.34000e+00 5.00000e-01
1.34400e+00 5.00000e-01
1.34800e+00 5.00000e-01
1.35200e+00 5.00000e-01
1.35600e+00 5.00000e-01
1.36000e+00 5.00000e-01
1.36400e+00 5.00000e-01
1.36800e+00 5.00000e-01
1.37200e+00 5.00000e-01
1.37600e+00 5.00000e-01
1.38000e+00 5.00000e-01
1.38400e+00 5.00000e-01
1.38800e+00 5.00000e-01
1.39200e+00 5.00000e-01
1.39600e+00 5.00000e-01
1.40000e+00 5.00000e-01
1.40400e+00 5.00000e-01
1.40800e+00 5.00000e-01
1.41200e+00 5.00000e-01
1.41600e+00 5.00000e-01
1.42000e+00 5.00000e-01
1.42400e+00 5.00000e-01
1.42800e+00 5.00000e-01
1.43200e+00 5.00000e-01
1.43600e+00 5.00000e-01
1.44000e+00 5.00000e-01
1.44400e+00 5.00000e-01
1.44800e+00 5.00000e-01
1.45200e+00 5.00000e-01
1.45600e+00 5.00000e-01
1.46000e+00 5.00000e-01
1.46400e+00 5.00000e-01
1.46800e+00 5.00000e-01
1.47200e+00 5.00000e-01
1.47600e+00 5.00000e-01
1.48000e+00 5.00000e-01
1.48400e+00 5.00000e-01
1.48800e+00 5.00000e-01
1.49200e+00 5.00000e-01
1.49600e+00 5.00000e-01
1.50000e+00 5.00000e-01
1.50400e+00 5.00000e-01
1.50800e+00 5.00000e-01
1.51200e+00 5.00000e-01
1.51600e+00 5.00000e-01
1.52000e+00 5.00000e-01
1.52400e+00 5.00000e-01
1.52800e+00 5.00000e-01
1.53200e+00 5.00000e-01
1.53600e+00 5.00000e-01
1.54000e+00 5.00000e-01
1.54400e+00 5.00000e-01
1.54800e+00 5.00000e-01
1.55200e+00 5.00000e-01
1.55600e+00 5.00000e-01
1.56000e+00 5.00000e-01
1.56400e+00 5.00000e-01
1.56800e+00 5.00000e-01
1.57200e+00 5.00000e-01
1.57600e+00 5.00000e-01
1.58000e+00 5.00000e-01
1.58400e+00 5.00000e-01
1.58800e+00 5.00000e-01
1.59200e+00 5.00000e-01
1.59600e+00 5.00000e-01
1.60000e+00 5.00000e-01
1.60400e+00 5.00000e-01
1.60800e+00 5.00000e-01
1.61200e+00 5.00000e-01
1.61600e+00 5.00000e-01
1.62000e+00 5.00000e-01
1.62400e+00 5.00000e-01
1.62800e+00 5.00000e-01
1.63200e+00 5.00000e-01
1.63600e+00 5.00000e-01
1.64000e+00 5.00000e-01
1.64400e+00 5.00000e-01
1.64800e+00 5.00000e-01
1.65200e+00 5.00000e-01
1.65600e+00 5.00000e-01
1.66000e+00 5.00000e-01
1.66400e+00 5.00000e-01
1.66800e+00 5.00000e-01
1.67200e+00 5.00000e-01
1.67600e+00 5.00000e-01
1.68000e+00 5.00000e-01
1.68400e+00 5.00000e-01
1.68800e+00 5.00000e-01
1.69200e+00 5.00000e-01
1.69600e+00 5.00000e-01
1.70000e+00 5.00000e-01
1.70400e+00 5.00000e-01
1.70800e+00 5.00000e-01
1.71200e+00 5.00000e-01
1.71600e+00 5.00000e-01
1.72000e+00 5.00000e-01
1.72400e+00 5.00000e-01
1.72800e+00 5.00000e-01
1.73200e+00 5.00000e-01
1.73600e+00 5.00000e-01
1.74000e+00 5.00000e-01
1.74400e+00 5.00000e-01
1.74800e+00 5.00000e-01
1.75200e+00 5.00000e-01
1.75600e+00 5.00000e-01
1.76000e+00 5.00000e-01
1.76400e+00 5.00000e-01
1.76800e+00 5.00000e-01
1.77200e+00 5.00000e-01
1.77600e+00 5.00000e-01
1.78000e+00 5.00000e-01
1.78400e+00 5.00000e-01
1.78800e+00 5.00000e-01
1.79200e+00 5.00000e-01
1.79600e+00 5.00000e-01
1.80000e+00 5.00000e-01
1.80400e+00 5.00000e-01
1.80800e+00 5.00000e-01
1.81200e+00 5.00000e-01
1.81600e+00 5.00000e-01
1.82000e+00 5.00000e-01
1.82400e+00 5.00000e-01
1.82800e+00 5.00000e-01
1.83200e+00 5.00000e-01
1.83600e+00 5.00000e-01
1.84000e+00 5.00000e-01
1.84400e+00 5.00000e-01
1.84800e+00 5.00000e-01
1.85200e+00 5.00000e-01
1.85600e+00 5.00000e-01
1.86000e+00 5.00000e-01
1.86400e+00 5.00000e-01
1.86800e+00 5.00000e-01
1.87200e+00 5.00000e-01
1.87600e+00 5.00000e-01
1.88000e+00 5.00000e-01
1.88400e+00 5.00000e-01
1.88800e+00 5.00000e-01
1.89200e+00 5.00000e-01
1.89600e+00 5.00000e-01
1.90000e+00 5.00000e-01
1.90400e+00 5.00000e-01
1.90800e+00 5.00000e-01
1.91200e+00 5.00000e-01
1.91600e+00 5.00000e-01
1.92000e+00 5.00000e-01
1.92400e+00 5.00000e-01
1.92800e+00 5.00000e-01
1.93200e+00 5.00000e-01
1.93600e+00 5.00000e-01
1.94000e+00 5.00000e-01
1.94400e+00 5.00000e-01
1.94800e+00 5.00000e-01
1.95200e+00 5.00000e-01
1.95600e+00 5.00000e-01
1.96000e+00 5.00000e-01
1.96400e+00 5.00000e-01
1.96800e+00 5.00000e-01
1.97200e+00 5.00000e-01
1.97600e+00 5.00000e-01
1.98000e+00 5.00000e-01
1.98400e+00 5.00000e-01
1.98800e+00 5.00000e-01
1.99200e+00 5.00000e-01
1.99600e+00 5.00000e-01
