0.00000e+00 5.94657e-01
4.00000e-03 5.94657e-01
8.00000e-03 5.94657e-01
1.20000e-02 5.94656e-01
1.60000e-02 5.94629e-01
2.00000e-02 5.94165e-01
2.40000e-02 5.88718e-01
2.80000e-02 5.59659e-01
3.20000e-02 5.18815e-01
3.60000e-02 5.05577e-01
4.00000e-02 5.00549e-01
4.40000e-02 4.86975e-01
4.80000e-02 4.50405e-01
5.20000e-02 4.25133e-01
5.60000e-02 4.22971e-01
6.00000e-02 4.23990e-01
6.40000e-02 4.29028e-01
6.80000e-02 4.40778e-01
7.20000e-02 4.60689e-01
7.60000e-02 4.89203e-01
8.00000e-02 5.17957e-01
8.40000e-02 5.29784e-01
8.80000e-02 5.30826e-01
9.20000e-02 5.30826e-01
9.60000e-02 5.30747e-01
1.00000e-01 5.30328e-01
1.04000e-01 5.28104e-01
1.08000e-01 5.13788e-01
1.12000e-01 4.61691e-01
1.16000e-01 4.15075e-01
1.20000e-01 4.08623e-01
1.24000e-01 4.08888e-01
1.28000e-01 4.10939e-01
1.32000e-01 4.16085e-01
1.36000e-01 4.22892e-01
1.40000e-01 4.28220e-01
1.44000e-01 4.31451e-01
1.48000e-01 4.33916e-01
1.52000e-01 4.36782e-01
1.56000e-01 4.40954e-01
1.60000e-01 4.47218e-01
1.64000e-01 4.56428e-01
1.68000e-01 4.70012e-01
1.72000e-01 4.89297e-01
1.76000e-01 5.08704e-01
1.80000e-01 5.16483e-01
1.84000e-01 5.17160e-01
1.88000e-01 5.17165e-01
1.92000e-01 5.17157e-01
1.96000e-01 5.17092e-01
2.00000e-01 5.16768e-01
2.04000e-01 5.15640e-01
2.08000e-01 5.13790e-01
2.12000e-01 5.12997e-01
2.16000e-01 5.12972e-01
2.20000e-01 5.13124e-01
2.24000e-01 5.14314e-01
2.28000e-01 5.19121e-01
2.32000e-01 5.24314e-01
2.36000e-01 5.24361e-01
2.40000e-01 5.17306e-01
2.44000e-01 4.84604e-01
2.48000e-01 4.51946e-01
2.52000e-01 4.47669e-01
2.56000e-01 4.48904e-01
2.60000e-01 4.56337e-01
2.64000e-01 4.75671e-01
2.68000e-01 4.96529e-01
2.72000e-01 5.00738e-01
2.76000e-01 4.99108e-01
2.80000e-01 4.84984e-01
2.84000e-01 4.53753e-01
2.88000e-01 4.39833e-01
2.92000e-01 4.39313e-01
2.96000e-01 4.40294e-01
3.00000e-01 4.43330e-01
3.04000e-01 4.45804e-01
3.08000e-01 4.46302e-01
3.12000e-01 4.46373e-01
3.16000e-01 4.46445e-01
3.20000e-01 4.46625e-01
3.24000e-01 4.47066e-01
3.28000e-01 4.47948e-01
3.32000e-01 4.49395e-01
3.36000e-01 4.51401e-01
3.40000e-01 4.53856e-01
3.44000e-01 4.56649e-01
3.48000e-01 4.59739e-01
3.52000e-01 4.63139e-01
3.56000e-01 4.66877e-01
3.60000e-01 4.70971e-01
3.64000e-01 4.75495e-01
3.68000e-01 4.80740e-01
3.72000e-01 4.87506e-01
3.76000e-01 4.97517e-01
3.80000e-01 5.12853e-01
3.84000e-01 5.29530e-01
3.88000e-01 5.36551e-01
3.92000e-01 5.37180e-01
3.96000e-01 5.37188e-01
4.00000e-01 5.37189e-01
4.04000e-01 5.37191e-01
4.08000e-01 5.37208e-01
4.12000e-01 5.37338e-01
4.16000e-01 5.37888e-01
4.20000e-01 5.38372e-01
4.24000e-01 5.38296e-01
4.28000e-01 5.36507e-01
4.32000e-01 5.23306e-01
4.36000e-01 4.87836e-01
4.40000e-01 4.67291e-01
4.44000e-01 4.66219e-01
4.48000e-01 4.68150e-01
4.52000e-01 4.75187e-01
4.56000e-01 4.80365e-01
4.60000e-01 4.80447e-01
4.64000e-01 4.77304e-01
4.68000e-01 4.63944e-01
4.72000e-01 4.47449e-01
4.76000e-01 4.43375e-01
4.80000e-01 4.43348e-01
4.84000e-01 4.43884e-01
4.88000e-01 4.45927e-01
4.92000e-01 4.50421e-01
4.96000e-01 4.57419e-01
5.00000e-01 4.65721e-01
5.04000e-01 4.73502e-01
5.08000e-01 4.79627e-01
5.12000e-01 4.84285e-01
5.16000e-01 4.88420e-01
5.20000e-01 4.93259e-01
5.24000e-01 5.00667e-01
5.28000e-01 5.13264e-01
5.32000e-01 5.29043e-01
5.36000e-01 5.36658e-01
5.40000e-01 5.37312e-01
5.44000e-01 5.37172e-01
5.48000e-01 5.35504e-01
5.52000e-01 5.25883e-01
5.56000e-01 5.02828e-01
5.60000e-01 4.88896e-01
5.64000e-01 4.87718e-01
5.68000e-01 4.87995e-01
5.72000e-01 4.89940e-01
5.76000e-01 4.96261e-01
5.80000e-01 5.07094e-01
5.84000e-01 5.13822e-01
5.88000e-01 5.14733e-01
5.92000e-01 5.14749e-01
5.96000e-01 5.14749e-01
6.00000e-01 5.14749e-01
6.04000e-01 5.14750e-01
6.08000e-01 5.14753e-01
6.12000e-01 5.14760e-01
6.16000e-01 5.14781e-01
6.20000e-01 5.14848e-01
6.24000e-01 5.15125e-01
6.28000e-01 5.16360e-01
6.32000e-01 5.20428e-01
6.36000e-01 5.25015e-01
6.40000e-01 5.25476e-01
6.44000e-01 5.23299e-01
6.48000e-01 5.08001e-01
6.52000e-01 4.76239e-01
6.56000e-01 4.62237e-01
6.60000e-01 4.61550e-01
6.64000e-01 4.61952e-01
6.68000e-01 4.63978e-01
6.72000e-01 4.69089e-01
6.76000e-01 4.78837e-01
6.80000e-01 4.93516e-01
6.84000e-01 5.05529e-01
6.88000e-01 5.08341e-01
6.92000e-01 5.08384e-01
6.96000e-01 5.07987e-01
7.00000e-01 5.04956e-01
7.04000e-01 4.92518e-01
7.08000e-01 4.72944e-01
7.12000e-01 4.65686e-01
7.16000e-01 4.65374e-01
7.20000e-01 4.65573e-01
7.24000e-01 4.66635e-01
7.28000e-01 4.68884e-01
7.32000e-01 4.70721e-01
7.36000e-01 4.71233e-01
7.40000e-01 4.71356e-01
7.44000e-01 4.71476e-01
7.48000e-01 4.71751e-01
7.52000e-01 4.72460e-01
7.56000e-01 4.74208e-01
7.60000e-01 4.78348e-01
7.64000e-01 4.87342e-01
7.68000e-01 5.00737e-01
7.72000e-01 5.08211e-01
7.76000e-01 5.08852e-01
7.80000e-01 5.08413e-01
7.84000e-01 5.04570e-01
7.88000e-01 4.90637e-01
7.92000e-01 4.74462e-01
7.96000e-01 4.70817e-01
8.00000e-01 4.70868e-01
8.04000e-01 4.71940e-01
8.08000e-01 4.76159e-01
8.12000e-01 4.84281e-01
8.16000e-01 4.89740e-01
8.20000e-01 4.90438e-01
8.24000e-01 4.90382e-01
8.28000e-01 4.89760e-01
8.32000e-01 4.86729e-01
8.36000e-01 4.79054e-01
8.40000e-01 4.72338e-01
8.44000e-01 4.71126e-01
8.48000e-01 4.71127e-01
8.52000e-01 4.71332e-01
8.56000e-01 4.72310e-01
8.60000e-01 4.75329e-01
8.64000e-01 4.81162e-01
8.68000e-01 4.85943e-01
8.72000e-01 4.86943e-01
8.76000e-01 4.86974e-01
8.80000e-01 4.86974e-01
8.84000e-01 4.86974e-01
8.88000e-01 4.86974e-01
8.92000e-01 4.86974e-01
8.96000e-01 4.86974e-01
9.00000e-01 4.86976e-01
9.04000e-01 4.86980e-01
9.08000e-01 4.86990e-01
9.12000e-01 4.87014e-01
9.16000e-01 4.87070e-01
9.20000e-01 4.87190e-01
9.24000e-01 4.87433e-01
9.28000e-01 4.87901e-01
9.32000e-01 4.88765e-01
9.36000e-01 4.90311e-01
9.40000e-01 4.92926e-01
9.44000e-01 4.96612e-01
9.48000e-01 4.99990e-01
9.52000e-01 5.01580e-01
9.56000e-01 5.02041e-01
9.60000e-01 5.02252e-01
9.64000e-01 5.02482e-01
9.68000e-01 5.02867e-01
9.72000e-01 5.03549e-01
9.76000e-01 5.04666e-01
9.80000e-01 5.06259e-01
9.84000e-01 5.08194e-01
9.88000e-01 5.10204e-01
9.92000e-01 5.12124e-01
9.96000e-01 5.14040e-01
1.00000e+00 5.16316e-01
1.00400e+00 5.19726e-01
1.00800e+00 5.25958e-01
1.01200e+00 5.37859e-01
1.01600e+00 5.54138e-01
1.02000e+00 5.62937e-01
1.02400e+00 5.63974e-01
1.02800e+00 5.63989e-01
1.03200e+00 5.63989e-01
1.03600e+00 5.63989e-01
1.04000e+00 5.63989e-01
1.04400e+00 5.63989e-01
1.04800e+00 5.63992e-01
1.05200e+00 5.64001e-01
1.05600e+00 5.64006e-01
1.06000e+00 5.64005e-01
1.06400e+00 5.63978e-01
1.06800e+00 5.63709e-01
1.07200e+00 5.61481e-01
1.07600e+00 5.48683e-01
1.08000e+00 5.18665e-01
1.08400e+00 5.01580e-01
1.08800e+00 5.00013e-01
1.09200e+00 5.00000e-01
1.09600e+00 5.00000e-01
1.10000e+00 5.00000e-01
1.10400e+00 5.00000e-01
1.10800e+00 5.00000e-01
1.11200e+00 5.00000e-01
1.11600e+00 5.00000e-01
1.12000e+00 5.00000e-01
1.12400e+00 5.00000e-01
1.12800e+00 5.00000e-01
1.13200e+00 5.00000e-01
1.13600e+00 5.00000e-01
1.14000e+00 5.00000e-01
1.14400e+00 5.00000e-01
1.14800e+00 5.00000e-01
1.15200e+00 5.00000e-01
1.15600e+00 5.00000e-01
1.16000e+00 5.00000e-01
1.16400e+00 5.00000e-01
1.16800e+00 5.00000e-01
1.17200e+00 5.00000e-01
1.17600e+00 5.00000e-01
1.18000e+00 5.00000e-01
1.18400e+00 5.00000e-01
1.18800e+00 5.00000e-01
1.19200e+00 5.00000e-01
1.19600e+00 5.00000e-01
1.20000e+00 5.00000e-01
1.20400e+00 5.00000e-01
1.20800e+00 5.00000e-01
1.21200e+00 5.00000e-01
1.21600e+00 5.00000e-01
1.22000e+00 5.00000e-01
1.22400e+00 5.00000e-01
1.22800e+00 5.00000e-01
1.23200e+00 5.00000e-01
1.23600e+00 5.00000e-01
1.24000e+00 5.00000e-01
1.24400e+00 5.00000e-01
1.24800e+00 5.00000e-01
1.25200e+00 5.00000e-01
1.25600e+00 5.00000e-01
1.26000e+00 5.00000e-01
1.26400e+00 5.00000e-01
1.26800e+00 5.00000e-01
1.27200e+00 5.00000e-01
1.27600e+00 5.00000e-01
1.28000e+00 5.00000e-01
1.28400e+00 5.00000e-01
1.28800e+00 5.00000e-01
1.29200e+00 5.00000e-01
1.29600e+00 5.00000e-01
1.30000e+00 5.00000e-01
1.30400e+00 5.00000e-01
1.30800e+00 5.00000e-01
1.31200e+00 5.00000e-01
1.31600e+00 5.00000e-01
1.32000e+00 5.00000e-01
1.32400e+00 5.00000e-01
1.32800e+00 5.00000e-01
1.33200e+00 5.00000e-01
1.33600e+00 5.00000e-01
1.34000e+00 5.00000e-01
1.34400e+00 5.00000e-01
1.34800e+00 5.00000e-01
1.35200e+00 5.00000e-01
1.35600e+00 5.00000e-01
1.36000e+00 5.00000e-01
1.36400e+00 5.00000e-01
1.36800e+00 5.00000e-01
1.37200e+00 5.00000e-01
1.37600e+00 5.00000e-01
1.38000e+00 5.00000e-01
1.38400e+00 5.00000e-01
1.38800e+00 5.00000e-01
1.39200e+00 5.00000e-01
1.39600e+00 5.00000e-01
1.40000e+00 5.00000e-01
1.40400e+00 5.00000e-01
1.40800e+00 5.00000e-01
1.41200e+00 5.00000e-01
1.41600e+00 5.00000e-01
1.42000e+00 5.00000e-01
1.42400e+00 5.00000e-01
1.42800e+00 5.00000e-01
1.43200e+00 5.00000e-01
1.43600e+00 5.00000e-01
1.44000e+00 5.00000e-01
1.44400e+00 5.00000e-01
1.44800e+00 5.00000e-01
1.45200e+00 5.00000e-01
1.45600e+00 5.00000e-01
1.46000e+00 5.00000e-01
1.46400e+00 5.00000e-01
1.46800e+00 5.00000e-01
1.47200e+00 5.00000e-01
1.47600e+00 5.00000e-01
1.48000e+00 5.00000e-01
1.48400e+00 5.00000e-01
1.48800e+00 5.00000e-01
1.49200e+00 5.00000e-01
1.49600e+00 5.00000e-01
1.50000e+00 5.00000e-01
1.50400e+00 5.00000e-01
1.50800e+00 5.00000e-01
1.51200e+00 5.00000e-01
1.51600e+00 5.00000e-01
1.52000e+00 5.00000e-01
1.52400e+00 5.00000e-01
1.52800e+00 5.00000e-01
1.53200e+00 5.00000e-01
1.53600e+00 5.00000e-01
1.54000e+00 5.00000e-01
1.54400e+00 5.00000e-01
1.54800e+00 5.00000e-01
1.55200e+00 5.00000e-01
1.55600e+00 5.00000e-01
1.56000e+00 5.00000e-01
1.56400e+00 5.00000e-01
1.56800e+00 5.00000e-01
1.57200e+00 5.00000e-01
1.57600e+00 5.00000e-01
1.58000e+00 5.00000e-01
1.58400e+00 5.00000e-01
1.58800e+00 5.00000e-01
1.59200e+00 5.00000e-01
1.59600e+00 5.00000e-01
1.60000e+00 5.00000e-01
1.60400e+00 5.00000e-01
1.60800e+00 5.00000e-01
1.61200e+00 5.00000e-01
1.61600e+00 5.00000e-01
1.62000e+00 5.00000e-01
1.62400e+00 5.00000e-01
1.62800e+00 5.00000e-01
1.63200e+00 5.00000e-01
1.63600e+00 5.00000e-01
1.64000e+00 5.00000e-01
1.64400e+00 5.00000e-01
1.64800e+00 5.00000e-01
1.65200e+00 5.00000e-01
1.65600e+00 5.00000e-01
1.66000e+00 5.00000e-01
1.66400e+00 5.00000e-01
1.66800e+00 5.00000e-01
1.67200e+00 5.00000e-01
1.67600e+00 5.00000e-01
1.68000e+00 5.00000e-01
1.68400e+00 5.00000e-01
1.68800e+00 5.00000e-01
1.69200e+00 5.00000e-01
1.69600e+00 5.00000e-01
1.70000e+00 5.00000e-01
1.70400e+00 5.00000e-01
1.70800e+00 5.00000e-01
1.71200e+00 5.00000e-01
1.71600e+00 5.00000e-01
1.72000e+00 5.00000e-01
1.72400e+00 5.00000e-01
1.72800e+00 5.00000e-01
1.73200e+00 5.00000e-01
1.73600e+00 5.00000e-01
1.74000e+00 5.00000e-01
1.74400e+00 5.00000e-01
1.74800e+00 5.00000e-01
1.75200e+00 5.00000e-01
1.75600e+00 5.00000e-01
1.76000e+00 5.00000e-01
1.76400e+00 5.00000e-01
1.76800e+00 5.00000e-01
1.77200e+00 5.00000e-01
1.77600e+00 5.00000e-01
1.78000e+00 5.00000e-01
1.78400e+00 5.00000e-01
1.78800e+00 5.00000e-01
1.79200e+00 5.00000e-01
1.79600e+00 5.00000e-01
1.80000e+00 5.00000e-01
1.80400e+00 5.00000e-01
1.80800e+00 5.00000e-01
1.81200e+00 5.00000e-01
1.81600e+00 5.00000e-01
1.82000e+00 5.00000e-01
1.82400e+00 5.00000e-01
1.82800e+00 5.00000e-01
1.83200e+00 5.00000e-01
1.83600e+00 5.00000e-01
1.84000e+00 5.00000e-01
1.84400e+00 5.00000e-01
1.84800e+00 5.00000e-01
1.85200e+00 5.00000e-01
1.85600e+00 5.00000e-01
1.86000e+00 5.00000e-01
1.86400e+00 5.00000e-01
1.86800e+00 5.00000e-01
1.87200e+00 5.00000e-01
1.87600e+00 5.00000e-01
1.88000e+00 5.00000e-01
1.88400e+00 5.00000e-01
1.88800e+00 5.00000e-01
1.89200e+00 5.00000e-01
1.89600e+00 5.00000e-01
1.90000e+00 5.00000e-01
1.90400e+00 5.00000e-01
1.90800e+00 5.00000e-01
1.91200e+00 5.00000e-01
1.91600e+00 5.00000e-01
1.92000e+00 5.00000e-01
1.92400e+00 5.00000e-01
1.92800e+00 5.00000e-01
1.93200e+00 5.00000e-01
1.93600e+00 5.00000e-01
1.94000e+00 5.00000e-01
1.94400e+00 5.00000e-01
1.94800e+00 5.00000e-01
1.95200e+00 5.00000e-01
1.95600e+00 5.00000e-01
1.96000e+00 5.00000e-01
1.96400e+00 5.00000e-01
1.96800e+00 5.00000e-01
1.97200e+00 5.00000e-01
1.97600e+00 5.00000e-01
1.98000e+00 5.00000e-01
1.98400e+00 5.00000e-01
1.98800e+00 5.00000e-01
1.99200e+00 5.00000e-01
1.99600e+00 5.00000e-01
