0.00000e+00 4.21400e-01
4.00000e-03 4.21401e-01
8.00000e-03 4.21429e-01
1.20000e-02 4.21790e-01
1.60000e-02 4.24236e-01
2.00000e-02 4.34041e-01
2.40000e-02 4.59520e-01
2.80000e-02 5.06988e-01
3.20000e-02 5.64500e-01
3.60000e-02 5.91892e-01
4.00000e-02 5.94491e-01
4.40000e-02 5.94464e-01
4.80000e-02 5.93627e-01
5.20000e-02 5.86323e-01
5.60000e-02 5.58373e-01
6.00000e-02 5.21923e-01
6.40000e-02 4.96138e-01
6.80000e-02 4.66488e-01
7.20000e-02 4.34557e-01
7.60000e-02 4.24944e-01
8.00000e-02 4.24865e-01
8.40000e-02 4.26523e-01
8.80000e-02 4.32350e-01
9.20000e-02 4.44065e-01
9.60000e-02 4.62335e-01
1.00000e-01 4.87795e-01
1.04000e-01 5.15301e-01
1.08000e-01 5.29073e-01
1.12000e-01 5.30777e-01
1.16000e-01 5.30799e-01
1.20000e-01 5.30777e-01
1.24000e-01 5.30488e-01
1.28000e-01 5.27433e-01
1.32000e-01 5.04141e-01
1.36000e-01 4.43050e-01
1.40000e-01 4.11805e-01
1.44000e-01 4.09991e-01
1.48000e-01 4.10698e-01
1.52000e-01 4.13888e-01
1.56000e-01 4.19966e-01
1.60000e-01 4.26390e-01
1.64000e-01 4.30723e-01
1.68000e-01 4.33409e-01
1.72000e-01 4.35757e-01
1.76000e-01 4.38718e-01
1.80000e-01 4.43026e-01
1.84000e-01 4.49274e-01
1.88000e-01 4.58144e-01
1.92000e-01 4.70969e-01
1.96000e-01 4.89218e-01
2.00000e-01 5.08210e-01
2.04000e-01 5.16363e-01
2.08000e-01 5.17151e-01
2.12000e-01 5.17159e-01
2.16000e-01 5.17155e-01
2.20000e-01 5.17119e-01
2.24000e-01 5.16926e-01
2.28000e-01 5.16151e-01
2.32000e-01 5.14420e-01
2.36000e-01 5.13215e-01
2.40000e-01 5.13104e-01
2.44000e-01 5.13215e-01
2.48000e-01 5.14212e-01
2.52000e-01 5.18044e-01
2.56000e-01 5.21359e-01
2.60000e-01 5.21097e-01
2.64000e-01 5.14111e-01
2.68000e-01 4.84039e-01
2.72000e-01 4.54534e-01
2.76000e-01 4.50689e-01
2.80000e-01 4.51886e-01
2.84000e-01 4.59178e-01
2.88000e-01 4.77629e-01
2.92000e-01 4.94739e-01
2.96000e-01 4.97100e-01
3.00000e-01 4.94850e-01
3.04000e-01 4.79171e-01
3.08000e-01 4.50845e-01
3.12000e-01 4.40768e-01
3.16000e-01 4.40550e-01
3.20000e-01 4.41491e-01
3.24000e-01 4.44084e-01
3.28000e-01 4.46010e-01
3.32000e-01 4.46385e-01
3.36000e-01 4.46456e-01
3.40000e-01 4.46541e-01
3.44000e-01 4.46756e-01
3.48000e-01 4.47268e-01
3.52000e-01 4.48261e-01
3.56000e-01 4.49848e-01
3.60000e-01 4.51995e-01
3.64000e-01 4.54563e-01
3.68000e-01 4.57421e-01
3.72000e-01 4.60514e-01
3.76000e-01 4.63853e-01
3.80000e-01 4.67461e-01
3.84000e-01 4.71349e-01
3.88000e-01 4.75561e-01
3.92000e-01 4.80310e-01
3.96000e-01 4.86204e-01
4.00000e-01 4.94641e-01
4.04000e-01 5.07888e-01
4.08000e-01 5.25050e-01
4.12000e-01 5.35521e-01
4.16000e-01 5.37151e-01
4.20000e-01 5.37188e-01
4.24000e-01 5.37189e-01
4.28000e-01 5.37191e-01
4.32000e-01 5.37203e-01
4.36000e-01 5.37294e-01
4.40000e-01 5.37670e-01
4.44000e-01 5.37970e-01
4.48000e-01 5.37902e-01
4.52000e-01 5.36546e-01
4.56000e-01 5.26159e-01
4.60000e-01 4.94011e-01
4.64000e-01 4.70701e-01
4.68000e-01 4.68752e-01
4.72000e-01 4.70104e-01
4.76000e-01 4.75285e-01
4.80000e-01 4.78455e-01
4.84000e-01 4.78187e-01
4.88000e-01 4.73939e-01
4.92000e-01 4.59600e-01
4.96000e-01 4.46075e-01
5.00000e-01 4.43754e-01
5.04000e-01 4.43810e-01
5.08000e-01 4.44481e-01
5.12000e-01 4.46745e-01
5.16000e-01 4.51449e-01
5.20000e-01 4.58543e-01
5.24000e-01 4.66805e-01
5.28000e-01 4.74434e-01
5.32000e-01 4.80304e-01
5.36000e-01 4.84602e-01
5.40000e-01 4.88230e-01
5.44000e-01 4.92267e-01
5.48000e-01 4.98227e-01
5.52000e-01 5.08604e-01
5.56000e-01 5.24100e-01
5.60000e-01 5.35140e-01
5.64000e-01 5.36990e-01
5.68000e-01 5.36959e-01
5.72000e-01 5.36123e-01
5.76000e-01 5.30265e-01
5.80000e-01 5.10809e-01
5.84000e-01 4.91718e-01
5.88000e-01 4.88384e-01
5.92000e-01 4.88472e-01
5.96000e-01 4.89630e-01
6.00000e-01 4.94186e-01
6.04000e-01 5.03970e-01
6.08000e-01 5.12701e-01
6.12000e-01 5.14682e-01
6.16000e-01 5.14749e-01
6.20000e-01 5.14749e-01
6.24000e-01 5.14749e-01
6.28000e-01 5.14750e-01
6.32000e-01 5.14751e-01
6.36000e-01 5.14755e-01
6.40000e-01 5.14766e-01
6.44000e-01 5.14809e-01
6.48000e-01 5.15003e-01
6.52000e-01 5.15922e-01
6.56000e-01 5.19151e-01
6.60000e-01 5.23181e-01
6.64000e-01 5.23696e-01
6.68000e-01 5.22091e-01
6.72000e-01 5.09754e-01
6.76000e-01 4.79899e-01
6.80000e-01 4.63421e-01
6.84000e-01 4.62207e-01
6.88000e-01 4.62470e-01
6.92000e-01 4.64050e-01
6.96000e-01 4.68587e-01
7.00000e-01 4.78116e-01
7.04000e-01 4.93160e-01
7.08000e-01 5.05375e-01
7.12000e-01 5.08099e-01
7.16000e-01 5.08134e-01
7.20000e-01 5.07746e-01
7.24000e-01 5.04815e-01
7.28000e-01 4.92754e-01
7.32000e-01 4.73427e-01
7.36000e-01 4.66025e-01
7.40000e-01 4.65683e-01
7.44000e-01 4.65860e-01
7.48000e-01 4.66837e-01
7.52000e-01 4.68981e-01
7.56000e-01 4.70802e-01
7.60000e-01 4.71323e-01
7.64000e-01 4.71440e-01
7.68000e-01 4.71549e-01
7.72000e-01 4.71796e-01
7.76000e-01 4.72448e-01
7.80000e-01 4.74085e-01
7.84000e-01 4.78017e-01
7.88000e-01 4.86665e-01
7.92000e-01 4.99820e-01
7.96000e-01 5.07477e-01
8.00000e-01 5.08198e-01
8.04000e-01 5.07829e-01
8.08000e-01 5.04468e-01
8.12000e-01 4.91701e-01
8.16000e-01 4.75603e-01
8.20000e-01 4.71500e-01
8.24000e-01 4.71508e-01
8.28000e-01 4.72443e-01
8.32000e-01 4.76307e-01
8.36000e-01 4.84041e-01
8.40000e-01 4.89490e-01
8.44000e-01 4.90227e-01
8.48000e-01 4.90170e-01
8.52000e-01 4.89529e-01
8.56000e-01 4.86431e-01
8.60000e-01 4.78776e-01
8.64000e-01 4.72346e-01
8.68000e-01 4.71253e-01
8.72000e-01 4.71259e-01
8.76000e-01 4.71471e-01
8.80000e-01 4.72468e-01
8.84000e-01 4.75521e-01
8.88000e-01 4.81342e-01
8.92000e-01 4.86004e-01
8.96000e-01 4.86946e-01
9.00000e-01 4.86974e-01
9.04000e-01 4.86974e-01
9.08000e-01 4.86974e-01
9.12000e-01 4.86974e-01
9.16000e-01 4.86974e-01
9.20000e-01 4.86974e-01
9.24000e-01 4.86975e-01
9.28000e-01 4.86979e-01
9.32000e-01 4.86987e-01
9.36000e-01 4.87007e-01
9.40000e-01 4.87053e-01
9.44000e-01 4.87152e-01
9.48000e-01 4.87355e-01
9.52000e-01 4.87749e-01
9.56000e-01 4.88484e-01
9.60000e-01 4.89832e-01
9.64000e-01 4.92239e-01
9.68000e-01 4.95974e-01
9.72000e-01 4.99819e-01
9.76000e-01 5.01712e-01
9.80000e-01 5.02161e-01
9.84000e-01 5.02308e-01
9.88000e-01 5.02454e-01
9.92000e-01 5.02711e-01
9.96000e-01 5.03210e-01
1.00000e+00 5.04101e-01
1.00400e+00 5.05495e-01
1.00800e+00 5.07349e-01
1.01200e+00 5.09411e-01
1.01600e+00 5.11395e-01
1.02000e+00 5.13228e-01
1.02400e+00 5.15119e-01
1.02800e+00 5.17546e-01
1.03200e+00 5.21495e-01
1.03600e+00 5.29073e-01
1.04000e+00 5.42924e-01
1.04400e+00 5.58165e-01
1.04800e+00 5.63630e-01
1.05200e+00 5.63986e-01
1.05600e+00 5.63989e-01
1.06000e+00 5.63989e-01
1.06400e+00 5.63989e-01
1.06800e+00 5.63989e-01
1.07200e+00 5.63990e-01
1.07600e+00 5.63994e-01
1.08000e+00 5.64001e-01
1.08400e+00 5.64001e-01
1.08800e+00 5.63994e-01
1.09200e+00 5.63917e-01
1.09600e+00 5.63216e-01
1.10000e+00 5.58051e-01
1.10400e+00 5.36489e-01
1.10800e+00 5.07953e-01
1.11200e+00 5.00268e-01
1.11600e+00 5.00001e-01
1.12000e+00 5.00000e-01
1.12400e+00 5.00000e-01
1.12800e+00 5.00000e-01
1.13200e+00 5.00000e-01
1.13600e+00 5.00000e-01
1.14000e+00 5.00000e-01
1.14400e+00 5.00000e-01
1.14800e+00 5.00000e-01
1.15200e+00 5.00000e-01
1.15600e+00 5.00000e-01
1.16000e+00 5.00000e-01
1.16400e+00 5.00000e-01
1.16800e+00 5.00000e-01
1.17200e+00 5.00000e-01
1.17600e+00 5.00000e-01
1.18000e+00 5.00000e-01
1.18400e+00 5.00000e-01
1.18800e+00 5.00000e-01
1.19200e+00 5.00000e-01
1.19600e+00 5.00000e-01
1.20000e+00 5.00000e-01
1.20400e+00 5.00000e-01
1.20800e+00 5.00000e-01
1.21200e+00 5.00000e-01
1.21600e+00 5.00000e-01
1.22000e+00 5.00000e-01
1.22400e+00 5.00000e-01
1.22800e+00 5.00000e-01
1.23200e+00 5.00000e-01
1.23600e+00 5.00000e-01
1.24000e+00 5.00000e-01
1.24400e+00 5.00000e-01
1.24800e+00 5.00000e-01
1.25200e+00 5.00000e-01
1.25600e+00 5.00000e-01
1.26000e+00 5.00000e-01
1.26400e+00 5.00000e-01
1.26800e+00 5.00000e-01
1.27200e+00 5.00000e-01
1.27600e+00 5.00000e-01
1.28000e+00 5.00000e-01
1.28400e+00 5.00000e-01
1.28800e+00 5.00000e-01
1.29200e+00 5.00000e-01
1.29600e+00 5.00000e-01
1.30000e+00 5.00000e-01
1.30400e+00 5.00000e-01
1.30800e+00 5.00000e-01
1.31200e+00 5.00000e-01
1.31600e+00 5.00000e-01
1.32000e+00 5.00000e-01
1.32400e+00 5.00000e-01
1.32800e+00 5.00000e-01
1.33200e+00 5.00000e-01
1.33600e+00 5.00000e-01
1.34000e+00 5.00000e-01
1.34400e+00 5.00000e-01
1.34800e+00 5.00000e-01
1.35200e+00 5.00000e-01
1.35600e+00 5.00000e-01
1.36000e+00 5.00000e-01
1.36400e+00 5.00000e-01
1.36800e+00 5.00000e-01
1.37200e+00 5.00000e-01
1.37600e+00 5.00000e-01
1.38000e+00 5.00000e-01
1.38400e+00 5.00000e-01
1.38800e+00 5.00000e-01
1.39200e+00 5.00000e-01
1.39600e+00 5.00000e-01
1.40000e+00 5.00000e-01
1.40400e+00 5.00000e-01
1.40800e+00 5.00000e-01
1.41200e+00 5.00000e-01
1.41600e+00 5.00000e-01
1.42000e+00 5.00000e-01
1.42400e+00 5.00000e-01
1.42800e+00 5.00000e-01
1.43200e+00 5.00000e-01
1.43600e+00 5.00000e-01
1.44000e+00 5.00000e-01
1.44400e+00 5.00000e-01
1.44800e+00 5.00000e-01
1.45200e+00 5.00000e-01
1.45600e+00 5.00000e-01
1.46000e+00 5.00000e-01
1.46400e+00 5.00000e-01
1.46800e+00 5.00000e-01
1.47200e+00 5.00000e-01
1.47600e+00 5.00000e-01
1.48000e+00 5.00000e-01
1.48400e+00 5.00000e-01
1.48800e+00 5.00000e-01
1.49200e+00 5.00000e-01
1.49600e+00 5.00000e-01
1.50000e+00 5.00000e-01
1.50400e+00 5.00000e-01
1.50800e+00 5.00000e-01
1.51200e+00 5.00000e-01
1.51600e+00 5.00000e-01
1.52000e+00 5.00000e-01
1.52400e+00 5.00000e-01
1.52800e+00 5.00000e-01
1.53200e+00 5.00000e-01
1.53600e+00 5.00000e-01
1.54000e+00 5.00000e-01
1.54400e+00 5.00000e-01
1.54800e+00 5.00000e-01
1.55200e+00 5.00000e-01
1.55600e+00 5.00000e-01
1.56000e+00 5.00000e-01
1.56400e+00 5.00000e-01
1.56800e+00 5.00000e-01
1.57200e+00 5.00000e-01
1.57600e+00 5.00000e-01
1.58000e+00 5.00000e-01
1.58400e+00 5.00000e-01
1.58800e+00 5.00000e-01
1.59200e+00 5.00000e-01
1.59600e+00 5.00000e-01
1.60000e+00 5.00000e-01
1.60400e+00 5.00000e-01
1.60800e+00 5.00000e-01
1.61200e+00 5.00000e-01
1.61600e+00 5.00000e-01
1.62000e+00 5.00000e-01
1.62400e+00 5.00000e-01
1.62800e+00 5.00000e-01
1.63200e+00 5.00000e-01
1.63600e+00 5.00000e-01
1.64000e+00 5.00000e-01
1.64400e+00 5.00000e-01
1.64800e+00 5.00000e-01
1.65200e+00 5.00000e-01
1.65600e+00 5.00000e-01
1.66000e+00 5.00000e-01
1.66400e+00 5.00000e-01
1.66800e+00 5.00000e-01
1.67200e+00 5.00000e-01
1.67600e+00 5.00000e-01
1.68000e+00 5.00000e-01
1.68400e+00 5.00000e-01
1.68800e+00 5.00000e-01
1.69200e+00 5.00000e-01
1.69600e+00 5.00000e-01
1.70000e+00 5.00000e-01
1.70400e+00 5.00000e-01
1.70800e+00 5.00000e-01
1.71200e+00 5.00000e-01
1.71600e+00 5.00000e-01
1.72000e+00 5.00000e-01
1.72400e+00 5.00000e-01
1.72800e+00 5.00000e-01
1.73200e+00 5.00000e-01
1.73600e+00 5.00000e-01
1.74000e+00 5.00000e-01
1.74400e+00 5.00000e-01
1.74800e+00 5.00000e-01
1.75200e+00 5.00000e-01
1.75600e+00 5.00000e-01
1.76000e+00 5.00000e-01
1.76400e+00 5.00000e-01
1.76800e+00 5.00000e-01
1.77200e+00 5.00000e-01
1.77600e+00 5.00000e-01
1.78000e+00 5.00000e-01
1.78400e+00 5.00000e-01
1.78800e+00 5.00000e-01
1.79200e+00 5.00000e-01
1.79600e+00 5.00000e-01
1.80000e+00 5.00000e-01
1.80400e+00 5.00000e-01
1.80800e+00 5.00000e-01
1.81200e+00 5.00000e-01
1.81600e+00 5.00000e-01
1.82000e+00 5.00000e-01
1.82400e+00 5.00000e-01
1.82800e+00 5.00000e-01
1.83200e+00 5.00000e-01
1.83600e+00 5.00000e-01
1.84000e+00 5.00000e-01
1.84400e+00 5.00000e-01
1.84800e+00 5.00000e-01
1.85200e+00 5.00000e-01
1.85600e+00 5.00000e-01
1.86000e+00 5.00000e-01
1.86400e+00 5.00000e-01
1.86800e+00 5.00000e-01
1.87200e+00 5.00000e-01
1.87600e+00 5.00000e-01
1.88000e+00 5.00000e-01
1.88400e+00 5.00000e-01
1.88800e+00 5.00000e-01
1.89200e+00 5.00000e-01
1.89600e+00 5.00000e-01
1.90000e+00 5.00000e-01
1.90400e+00 5.00000e-01
1.90800e+00 5.00000e-01
1.91200e+00 5.00000e-01
1.91600e+00 5.00000e-01
1.92000e+00 5.00000e-01
1.92400e+00 5.00000e-01
1.92800e+00 5.00000e-01
1.93200e+00 5.00000e-01
1.93600e+00 5.00000e-01
1.94000e+00 5.00000e-01
1.94400e+00 5.00000e-01
1.94800e+00 5.00000e-01
1.95200e+00 5.00000e-01
1.95600e+00 5.00000e-01
1.96000e+00 5.00000e-01
1.96400e+00 5.00000e-01
1.96800e+00 5.00000e-01
1.97200e+00 5.00000e-01
1.97600e+00 5.00000e-01
1.98000e+00 5.00000e-01
1.98400e+00 5.00000e-01
1.98800e+00 5.00000e-01
1.99200e+00 5.00000e-01
1.99600e+00 5.00000e-01
