0.00000e+00 5.66045e-01
4.00000e-03 5.66045e-01
8.00000e-03 5.66045e-01
1.20000e-02 5.66035e-01
1.60000e-02 5.65792e-01
2.00000e-02 5.61589e-01
2.40000e-02 5.24811e-01
2.80000e-02 4.48771e-01
3.20000e-02 4.24798e-01
3.60000e-02 4.24696e-01
4.00000e-02 4.28222e-01
4.40000e-02 4.39085e-01
4.80000e-02 4.59242e-01
5.20000e-02 4.89724e-01
5.60000e-02 5.31822e-01
6.00000e-02 5.74891e-01
6.40000e-02 5.92791e-01
6.80000e-02 5.94266e-01
7.20000e-02 5.94224e-01
7.60000e-02 5.93502e-01
8.00000e-02 5.88398e-01
8.40000e-02 5.64300e-01
8.80000e-02 4.99746e-01
9.20000e-02 4.39318e-01
9.60000e-02 4.26019e-01
1.00000e-01 4.25726e-01
1.04000e-01 4.26259e-01
1.08000e-01 4.28876e-01
1.12000e-01 4.35437e-01
1.16000e-01 4.46912e-01
1.20000e-01 4.63646e-01
1.24000e-01 4.86539e-01
1.28000e-01 5.12742e-01
1.32000e-01 5.28219e-01
1.36000e-01 5.30723e-01
1.40000e-01 5.30774e-01
1.44000e-01 5.30742e-01
1.48000e-01 5.30241e-01
1.52000e-01 5.24681e-01
1.56000e-01 4.89816e-01
1.60000e-01 4.29781e-01
1.64000e-01 4.11825e-01
1.68000e-01 4.11530e-01
1.72000e-01 4.12849e-01
1.76000e-01 4.17134e-01
1.80000e-01 4.23689e-01
1.84000e-01 4.29408e-01
1.88000e-01 4.32881e-01
1.92000e-01 4.35178e-01
1.96000e-01 4.37461e-01
2.00000e-01 4.40514e-01
2.04000e-01 4.44920e-01
2.08000e-01 4.51105e-01
2.12000e-01 4.59625e-01
2.16000e-01 4.71742e-01
2.20000e-01 4.89047e-01
2.24000e-01 5.07670e-01
2.28000e-01 5.16228e-01
2.32000e-01 5.17144e-01
2.36000e-01 5.17155e-01
2.40000e-01 5.17153e-01
2.44000e-01 5.17133e-01
2.48000e-01 5.17018e-01
2.52000e-01 5.16507e-01
2.56000e-01 5.15056e-01
2.60000e-01 5.13546e-01
2.64000e-01 5.13278e-01
2.68000e-01 5.13357e-01
2.72000e-01 5.14187e-01
2.76000e-01 5.17147e-01
2.80000e-01 5.19091e-01
2.84000e-01 5.18619e-01
2.88000e-01 5.11588e-01
2.92000e-01 4.83489e-01
2.96000e-01 4.56872e-01
3.00000e-01 4.53526e-01
3.04000e-01 4.54709e-01
3.08000e-01 4.61898e-01
3.12000e-01 4.79186e-01
3.16000e-01 4.92587e-01
3.20000e-01 4.93691e-01
3.24000e-01 4.90692e-01
3.28000e-01 4.73693e-01
3.32000e-01 4.48647e-01
3.36000e-01 4.41598e-01
3.40000e-01 4.41544e-01
3.44000e-01 4.42444e-01
3.48000e-01 4.44655e-01
3.52000e-01 4.46173e-01
3.56000e-01 4.46469e-01
3.60000e-01 4.46544e-01
3.64000e-01 4.46646e-01
3.68000e-01 4.46902e-01
3.72000e-01 4.47491e-01
3.76000e-01 4.48604e-01
3.80000e-01 4.50335e-01
3.84000e-01 4.52620e-01
3.88000e-01 4.55291e-01
3.92000e-01 4.58198e-01
3.96000e-01 4.61280e-01
4.00000e-01 4.64549e-01
4.04000e-01 4.68029e-01
4.08000e-01 4.71729e-01
4.12000e-01 4.75672e-01
4.16000e-01 4.80008e-01
4.20000e-01 4.85196e-01
4.24000e-01 4.92335e-01
4.28000e-01 5.03515e-01
4.32000e-01 5.19850e-01
4.36000e-01 5.33515e-01
4.40000e-01 5.37032e-01
4.44000e-01 5.37188e-01
4.48000e-01 5.37190e-01
4.52000e-01 5.37191e-01
4.56000e-01 5.37200e-01
4.60000e-01 5.37265e-01
4.64000e-01 5.37520e-01
4.68000e-01 5.37702e-01
4.72000e-01 5.37645e-01
4.76000e-01 5.36637e-01
4.80000e-01 5.28671e-01
4.84000e-01 5.00361e-01
4.88000e-01 4.74427e-01
4.92000e-01 4.71074e-01
4.96000e-01 4.71865e-01
5.00000e-01 4.75071e-01
5.04000e-01 4.76572e-01
5.08000e-01 4.75941e-01
5.12000e-01 4.70418e-01
5.16000e-01 4.55706e-01
5.20000e-01 4.45322e-01
5.24000e-01 4.44138e-01
5.28000e-01 4.44250e-01
5.32000e-01 4.45067e-01
5.36000e-01 4.47557e-01
5.40000e-01 4.52465e-01
5.44000e-01 4.59651e-01
5.48000e-01 4.67878e-01
5.52000e-01 4.75371e-01
5.56000e-01 4.81007e-01
5.60000e-01 4.84978e-01
5.64000e-01 4.88169e-01
5.68000e-01 4.91548e-01
5.72000e-01 4.96341e-01
5.76000e-01 5.04677e-01
5.80000e-01 5.18699e-01
5.84000e-01 5.32512e-01
5.88000e-01 5.36563e-01
5.92000e-01 5.36680e-01
5.96000e-01 5.36303e-01
6.00000e-01 5.32983e-01
6.04000e-01 5.18483e-01
6.08000e-01 4.96375e-01
6.12000e-01 4.89209e-01
6.16000e-01 4.89041e-01
6.20000e-01 4.89653e-01
6.24000e-01 4.92748e-01
6.28000e-01 5.00867e-01
6.32000e-01 5.10866e-01
6.36000e-01 5.14513e-01
6.40000e-01 5.14748e-01
6.44000e-01 5.14749e-01
6.48000e-01 5.14750e-01
6.52000e-01 5.14750e-01
6.56000e-01 5.14750e-01
6.60000e-01 5.14752e-01
6.64000e-01 5.14759e-01
6.68000e-01 5.14787e-01
6.72000e-01 5.14925e-01
6.76000e-01 5.15618e-01
6.80000e-01 5.18181e-01
6.84000e-01 5.21646e-01
6.88000e-01 5.22177e-01
6.92000e-01 5.20958e-01
6.96000e-01 5.10933e-01
7.00000e-01 4.83277e-01
7.04000e-01 4.64687e-01
7.08000e-01 4.62814e-01
7.12000e-01 4.62990e-01
7.16000e-01 4.64257e-01
7.20000e-01 4.68306e-01
7.24000e-01 4.77458e-01
7.28000e-01 4.92543e-01
7.32000e-01 5.05042e-01
7.36000e-01 5.07853e-01
7.40000e-01 5.07892e-01
7.44000e-01 5.07518e-01
7.48000e-01 5.04694e-01
7.52000e-01 4.93001e-01
7.56000e-01 4.73901e-01
7.60000e-01 4.66350e-01
7.64000e-01 4.65975e-01
7.68000e-01 4.66134e-01
7.72000e-01 4.67036e-01
7.76000e-01 4.69078e-01
7.80000e-01 4.70879e-01
7.84000e-01 4.71406e-01
7.88000e-01 4.71519e-01
7.92000e-01 4.71618e-01
7.96000e-01 4.71842e-01
8.00000e-01 4.72444e-01
8.04000e-01 4.73981e-01
8.08000e-01 4.77720e-01
8.12000e-01 4.86039e-01
8.16000e-01 4.98950e-01
8.20000e-01 5.06773e-01
8.24000e-01 5.07582e-01
8.28000e-01 5.07270e-01
8.32000e-01 5.04332e-01
8.36000e-01 4.92671e-01
8.40000e-01 4.76747e-01
8.44000e-01 4.72170e-01
8.48000e-01 4.72134e-01
8.52000e-01 4.72941e-01
8.56000e-01 4.76464e-01
8.60000e-01 4.83803e-01
8.64000e-01 4.89226e-01
8.68000e-01 4.90003e-01
8.72000e-01 4.89946e-01
8.76000e-01 4.89289e-01
8.80000e-01 4.86135e-01
8.84000e-01 4.78519e-01
8.88000e-01 4.72367e-01
8.92000e-01 4.71378e-01
8.96000e-01 4.71387e-01
9.00000e-01 4.71607e-01
9.04000e-01 4.72623e-01
9.08000e-01 4.75708e-01
9.12000e-01 4.81517e-01
9.16000e-01 4.86062e-01
9.20000e-01 4.86949e-01
9.24000e-01 4.86974e-01
9.28000e-01 4.86974e-01
9.32000e-01 4.86974e-01
9.36000e-01 4.86974e-01
9.40000e-01 4.86974e-01
9.44000e-01 4.86974e-01
9.48000e-01 4.86975e-01
9.52000e-01 4.86978e-01
9.56000e-01 4.86984e-01
9.60000e-01 4.87001e-01
9.64000e-01 4.87038e-01
9.68000e-01 4.87121e-01
9.72000e-01 4.87290e-01
9.76000e-01 4.87620e-01
9.80000e-01 4.88242e-01
9.84000e-01 4.89408e-01
9.88000e-01 4.91593e-01
9.92000e-01 4.95302e-01
9.96000e-01 4.99578e-01
1.00000e+00 5.01817e-01
1.00400e+00 5.02266e-01
1.00800e+00 5.02364e-01
1.01200e+00 5.02449e-01
1.01600e+00 5.02611e-01
1.02000e+00 5.02956e-01
1.02400e+00 5.03632e-01
1.02800e+00 5.04793e-01
1.03200e+00 5.06491e-01
1.03600e+00 5.08562e-01
1.04000e+00 5.10661e-01
1.04400e+00 5.12546e-01
1.04800e+00 5.14278e-01
1.05200e+00 5.16175e-01
1.05600e+00 5.18836e-01
1.06000e+00 5.23514e-01
1.06400e+00 5.32736e-01
1.06800e+00 5.48144e-01
1.07200e+00 5.60988e-01
1.07600e+00 5.63889e-01
1.08000e+00 5.63988e-01
1.08400e+00 5.63989e-01
1.08800e+00 5.63989e-01
1.09200e+00 5.63989e-01
1.09600e+00 5.63989e-01
1.10000e+00 5.63991e-01
1.10400e+00 5.63996e-01
1.10800e+00 5.63998e-01
1.11200e+00 5.63996e-01
1.11600e+00 5.63975e-01
1.12000e+00 5.63765e-01
1.12400e+00 5.62010e-01
1.12800e+00 5.51248e-01
1.13200e+00 5.22283e-01
1.13600e+00 5.02357e-01
1.14000e+00 5.00027e-01
1.14400e+00 5.00000e-01
1.14800e+00 5.00000e-01
1.15200e+00 5.00000e-01
1.15600e+00 5.00000e-01
1.16000e+00 5.00000e-01
1.16400e+00 5.00000e-01
1.16800e+00 5.00000e-01
1.17200e+00 5.00000e-01
1.17600e+00 5.00000e-01
1.18000e+00 5.00000e-01
1.18400e+00 5.00000e-01
1.18800e+00 5.00000e-01
1.19200e+00 5.00000e-01
1.19600e+00 5.00000e-01
1.20000e+00 5.00000e-01
1.20400e+00 5.00000e-01
1.20800e+00 5.00000e-01
1.21200e+00 5.00000e-01
1.21600e+00 5.00000e-01
1.22000e+00 5.00000e-01
1.22400e+00 5.00000e-01
1.22800e+00 5.00000e-01
1.23200e+00 5.00000e-01
1.23600e+00 5.00000e-01
1.24000e+00 5.00000e-01
1.24400e+00 5.00000e-01
1.24800e+00 5.00000e-01
1.25200e+00 5.00000e-01
1.25600e+00 5.00000e-01
1.26000e+00 5.00000e-01
1.26400e+00 5.00000e-01
1.26800e+00 5.00000e-01
1.27200e+00 5.00000e-01
1.27600e+00 5.00000e-01
1.28000e+00 5.00000e-01
1.28400e+00 5.00000e-01
1.28800e+00 5.00000e-01
1.29200e+00 5.00000e-01
1.29600e+00 5.00000e-01
1.30000e+00 5.00000e-01
1.30400e+00 5.00000e-01
1.30800e+00 5.00000e-01
1.31200e+00 5.00000e-01
1.31600e+00 5.00000e-01
1.32000e+00 5.00000e-01
1.32400e+00 5.00000e-01
1.32800e+00 5.00000e-01
1.33200e+00 5.00000e-01
1.33600e+00 5.00000e-01
1.34000e+00 5.00000e-01
1.34400e+00 5.00000e-01
1.34800e+00 5.00000e-01
1.35200e+00 5.00000e-01
1.35600e+00 5.00000e-01
1.36000e+00 5.00000e-01
1.36400e+00 5.00000e-01
1.36800e+00 5.00000e-01
1.37200e+00 5.00000e-01
1.37600e+00 5.00000e-01
1.38000e+00 5.00000e-01
1.38400e+00 5.00000e-01
1.38800e+00 5.00000e-01
1.39200e+00 5.00000e-01
1.39600e+00 5.00000e-01
1.40000e+00 5.00000e-01
1.40400e+00 5.00000e-01
1.40800e+00 5.00000e-01
1.41200e+00 5.00000e-01
1.41600e+00 5.00000e-01
1.42000e+00 5.00000e-01
1.42400e+00 5.00000e-01
1.42800e+00 5.00000e-01
1.43200e+00 5.00000e-01
1.43600e+00 5.00000e-01
1.44000e+00 5.00000e-01
1.44400e+00 5.00000e-01
1.44800e+00 5.00000e-01
1.45200e+00 5.00000e-01
1.45600e+00 5.00000e-01
1.46000e+00 5.00000e-01
1.46400e+00 5.00000e-01
1.46800e+00 5.00000e-01
1.47200e+00 5.00000e-01
1.47600e+00 5.00000e-01
1.48000e+00 5.00000e-01
1.48400e+00 5.00000e-01
1.48800e+00 5.00000e-01
1.49200e+00 5.00000e-01
1.49600e+00 5.00000e-01
1.50000e+00 5.00000e-01
1.50400e+00 5.00000e-01
1.50800e+00 5.00000e-01
1.51200e+00 5.00000e-01
1.51600e+00 5.00000e-01
1.52000e+00 5.00000e-01
1.52400e+00 5.00000e-01
1.52800e+00 5.00000e-01
1.53200e+00 5.00000e-01
1.53600e+00 5.00000e-01
1.54000e+00 5.00000e-01
1.54400e+00 5.00000e-01
1.54800e+00 5.00000e-01
1.55200e+00 5.00000e-01
1.55600e+00 5.00000e-01
1.56000e+00 5.00000e-01
1.56400e+00 5.00000e-01
1.56800e+00 5.00000e-01
1.57200e+00 5.00000e-01
1.57600e+00 5.00000e-01
1.58000e+00 5.00000e-01
1.58400e+00 5.00000e-01
1.58800e+00 5.00000e-01
1.59200e+00 5.00000e-01
1.59600e+00 5.00000e-01
1.60000e+00 5.00000e-01
1.60400e+00 5.00000e-01
1.60800e+00 5.00000e-01
1.61200e+00 5.00000e-01
1.61600e+00 5.00000e-01
1.62000e+00 5.00000e-01
1.62400e+00 5.00000e-01
1.62800e+00 5.00000e-01
1.63200e+00 5.00000e-01
1.63600e+00 5.00000e-01
1.64000e+00 5.00000e-01
1.64400e+00 5.00000e-01
1.64800e+00 5.00000e-01
1.65200e+00 5.00000e-01
1.65600e+00 5.00000e-01
1.66000e+00 5.00000e-01
1.66400e+00 5.00000e-01
1.66800e+00 5.00000e-01
1.67200e+00 5.00000e-01
1.67600e+00 5.00000e-01
1.68000e+00 5.00000e-01
1.68400e+00 5.00000e-01
1.68800e+00 5.00000e-01
1.69200e+00 5.00000e-01
1.69600e+00 5.00000e-01
1.70000e+00 5.00000e-01
1.70400e+00 5.00000e-01
1.70800e+00 5.00000e-01
1.71200e+00 5.00000e-01
1.71600e+00 5.00000e-01
1.72000e+00 5.00000e-01
1.72400e+00 5.00000e-01
1.72800e+00 5.00000e-01
1.73200e+00 5.00000e-01
1.73600e+00 5.00000e-01
1.74000e+00 5.00000e-01
1.74400e+00 5.00000e-01
1.74800e+00 5.00000e-01
1.75200e+00 5.00000e-01
1.75600e+00 5.00000e-01
1.76000e+00 5.00000e-01
1.76400e+00 5.00000e-01
1.76800e+00 5.00000e-01
1.77200e+00 5.00000e-01
1.77600e+00 5.00000e-01
1.78000e+00 5.00000e-01
1.78400e+00 5.00000e-01
1.78800e+00 5.00000e-01
1.79200e+00 5.00000e-01
1.79600e+00 5.00000e-01
1.80000e+00 5.00000e-01
1.80400e+00 5.00000e-01
1.80800e+00 5.00000e-01
1.81200e+00 5.00000e-01
1.81600e+00 5.00000e-01
1.82000e+00 5.00000e-01
1.82400e+00 5.00000e-01
1.82800e+00 5.00000e-01
1.83200e+00 5.00000e-01
1.83600e+00 5.00000e-01
1.84000e+00 5.00000e-01
1.84400e+00 5.00000e-01
1.84800e+00 5.00000e-01
1.85200e+00 5.00000e-01
1.85600e+00 5.00000e-01
1.86000e+00 5.00000e-01
1.86400e+00 5.00000e-01
1.86800e+00 5.00000e-01
1.87200e+00 5.00000e-01
1.87600e+00 5.00000e-01
1.88000e+00 5.00000e-01
1.88400e+00 5.00000e-01
1.88800e+00 5.00000e-01
1.89200e+00 5.00000e-01
1.89600e+00 5.00000e-01
1.90000e+00 5.00000e-01
1.90400e+00 5.00000e-01
1.90800e+00 5.00000e-01
1.91200e+00 5.00000e-01
1.91600e+00 5.00000e-01
1.92000e+00 5.00000e-01
1.92400e+00 5.00000e-01
1.92800e+00 5.00000e-01
1.93200e+00 5.00000e-01
1.93600e+00 5.00000e-01
1.94000e+00 5.00000e-01
1.94400e+00 5.00000e-01
1.94800e+00 5.00000e-01
1.95200e+00 5.00000e-01
1.95600e+00 5.00000e-01
1.96000e+00 5.00000e-01
1.96400e+00 5.00000e-01
1.96800e+00 5.00000e-01
1.97200e+00 5.00000e-01
1.97600e+00 5.00000e-01
1.98000e+00 5.00000e-01
1.98400e+00 5.00000e-01
1.98800e+00 5.00000e-01
1.99200e+00 5.00000e-01
1.99600e+00 5.00000e-01
