0.00000e+00 5.44627e-01
4.00000e-03 5.44627e-01
8.00000e-03 5.44627e-01
1.20000e-02 5.44624e-01
1.60000e-02 5.44561e-01
2.00000e-02 5.43857e-01
2.40000e-02 5.38735e-01
2.80000e-02 5.21294e-01
3.20000e-02 5.04448e-01
3.60000e-02 5.01564e-01
4.00000e-02 5.01584e-01
4.40000e-02 5.02167e-01
4.80000e-02 5.04982e-01
5.20000e-02 5.13797e-01
5.60000e-02 5.28617e-01
6.00000e-02 5.35429e-01
6.40000e-02 5.35383e-01
6.80000e-02 5.29607e-01
7.20000e-02 4.95665e-01
7.60000e-02 4.47471e-01
8.00000e-02 4.36344e-01
8.40000e-02 4.36540e-01
8.80000e-02 4.39347e-01
9.20000e-02 4.48005e-01
9.60000e-02 4.65099e-01
1.00000e-01 4.89263e-01
1.04000e-01 5.07002e-01
1.08000e-01 5.10787e-01
1.12000e-01 5.10895e-01
1.16000e-01 5.10845e-01
1.20000e-01 5.10413e-01
1.24000e-01 5.08441e-01
1.28000e-01 5.03758e-01
1.32000e-01 5.00125e-01
1.36000e-01 4.99612e-01
1.40000e-01 4.99643e-01
1.44000e-01 4.99979e-01
1.48000e-01 5.01641e-01
1.52000e-01 5.07949e-01
1.56000e-01 5.23648e-01
1.60000e-01 5.35400e-01
1.64000e-01 5.35400e-01
1.68000e-01 5.22939e-01
1.72000e-01 4.76784e-01
1.76000e-01 4.45124e-01
1.80000e-01 4.42699e-01
1.84000e-01 4.43821e-01
1.88000e-01 4.48966e-01
1.92000e-01 4.59345e-01
1.96000e-01 4.72739e-01
2.00000e-01 4.85908e-01
2.04000e-01 4.97397e-01
2.08000e-01 5.07921e-01
2.12000e-01 5.19863e-01
2.16000e-01 5.37871e-01
2.20000e-01 5.65249e-01
2.24000e-01 5.83396e-01
2.28000e-01 5.84431e-01
2.32000e-01 5.74250e-01
2.36000e-01 5.10128e-01
2.40000e-01 4.44310e-01
2.44000e-01 4.35789e-01
2.48000e-01 4.36403e-01
2.52000e-01 4.40066e-01
2.56000e-01 4.47939e-01
2.60000e-01 4.58194e-01
2.64000e-01 4.69186e-01
2.68000e-01 4.81875e-01
2.72000e-01 4.98990e-01
2.76000e-01 5.18625e-01
2.80000e-01 5.27992e-01
2.84000e-01 5.28616e-01
2.88000e-01 5.27457e-01
2.92000e-01 5.14597e-01
2.96000e-01 4.65815e-01
3.00000e-01 4.25478e-01
3.04000e-01 4.20775e-01
3.08000e-01 4.21221e-01
3.12000e-01 4.23881e-01
3.16000e-01 4.29524e-01
3.20000e-01 4.35274e-01
3.24000e-01 4.38447e-01
3.28000e-01 4.39986e-01
3.32000e-01 4.41238e-01
3.36000e-01 4.42895e-01
3.40000e-01 4.45411e-01
3.44000e-01 4.49000e-01
3.48000e-01 4.53586e-01
3.52000e-01 4.59024e-01
3.56000e-01 4.65525e-01
3.60000e-01 4.74087e-01
3.64000e-01 4.86594e-01
3.68000e-01 5.03011e-01
3.72000e-01 5.14656e-01
3.76000e-01 5.17066e-01
3.80000e-01 5.17147e-01
3.84000e-01 5.17147e-01
3.88000e-01 5.17146e-01
3.92000e-01 5.17140e-01
3.96000e-01 5.17102e-01
4.00000e-01 5.16919e-01
4.04000e-01 5.16274e-01
4.08000e-01 5.15151e-01
4.12000e-01 5.14557e-01
4.16000e-01 5.14470e-01
4.20000e-01 5.14429e-01
4.24000e-01 5.14242e-01
4.28000e-01 5.12877e-01
4.32000e-01 5.05127e-01
4.36000e-01 4.83894e-01
4.40000e-01 4.68525e-01
4.44000e-01 4.67177e-01
4.48000e-01 4.68225e-01
4.52000e-01 4.73155e-01
4.56000e-01 4.78170e-01
4.60000e-01 4.78527e-01
4.64000e-01 4.76520e-01
4.68000e-01 4.66259e-01
4.72000e-01 4.50294e-01
4.76000e-01 4.44697e-01
4.80000e-01 4.44482e-01
4.84000e-01 4.44646e-01
4.88000e-01 4.45337e-01
4.92000e-01 4.46335e-01
4.96000e-01 4.46886e-01
5.00000e-01 4.47083e-01
5.04000e-01 4.47242e-01
5.08000e-01 4.47533e-01
5.12000e-01 4.48163e-01
5.16000e-01 4.49376e-01
5.20000e-01 4.51323e-01
5.24000e-01 4.53931e-01
5.28000e-01 4.56908e-01
5.32000e-01 4.59924e-01
5.36000e-01 4.62800e-01
5.40000e-01 4.65542e-01
5.44000e-01 4.68243e-01
5.48000e-01 4.70992e-01
5.52000e-01 4.73826e-01
5.56000e-01 4.76727e-01
5.60000e-01 4.79662e-01
5.64000e-01 4.82669e-01
5.68000e-01 4.85943e-01
5.72000e-01 4.89974e-01
5.76000e-01 4.95836e-01
5.80000e-01 5.05579e-01
5.84000e-01 5.20533e-01
5.88000e-01 5.33549e-01
5.92000e-01 5.37033e-01
5.96000e-01 5.37203e-01
6.00000e-01 5.37209e-01
6.04000e-01 5.37218e-01
6.08000e-01 5.37237e-01
6.12000e-01 5.37247e-01
6.16000e-01 5.37241e-01
6.20000e-01 5.37167e-01
6.24000e-01 5.36538e-01
6.28000e-01 5.32334e-01
6.32000e-01 5.14917e-01
6.36000e-01 4.87119e-01
6.40000e-01 4.73981e-01
6.44000e-01 4.70215e-01
6.48000e-01 4.66225e-01
6.52000e-01 4.57757e-01
6.56000e-01 4.48377e-01
6.60000e-01 4.45813e-01
6.64000e-01 4.45754e-01
6.68000e-01 4.45909e-01
6.72000e-01 4.46656e-01
6.76000e-01 4.48651e-01
6.80000e-01 4.52499e-01
6.84000e-01 4.58400e-01
6.88000e-01 4.65969e-01
6.92000e-01 4.74113e-01
6.96000e-01 4.81068e-01
7.00000e-01 4.85518e-01
7.04000e-01 4.87840e-01
7.08000e-01 4.89178e-01
7.12000e-01 4.90290e-01
7.16000e-01 4.91618e-01
7.20000e-01 4.93645e-01
7.24000e-01 4.97298e-01
7.28000e-01 5.04559e-01
7.32000e-01 5.17604e-01
7.36000e-01 5.30804e-01
7.40000e-01 5.34695e-01
7.44000e-01 5.34803e-01
7.48000e-01 5.34426e-01
7.52000e-01 5.31250e-01
7.56000e-01 5.18041e-01
7.60000e-01 4.98738e-01
7.64000e-01 4.92711e-01
7.68000e-01 4.92583e-01
7.72000e-01 4.93141e-01
7.76000e-01 4.95975e-01
7.80000e-01 5.03330e-01
7.84000e-01 5.11843e-01
7.88000e-01 5.14600e-01
7.92000e-01 5.14749e-01
7.96000e-01 5.14750e-01
8.00000e-01 5.14750e-01
8.04000e-01 5.14750e-01
8.08000e-01 5.14751e-01
8.12000e-01 5.14756e-01
8.16000e-01 5.14785e-01
8.20000e-01 5.14957e-01
8.24000e-01 5.15675e-01
8.28000e-01 5.16755e-01
8.32000e-01 5.16942e-01
8.36000e-01 5.16550e-01
8.40000e-01 5.12872e-01
8.44000e-01 4.97043e-01
8.48000e-01 4.73662e-01
8.52000e-01 4.66232e-01
8.56000e-01 4.66028e-01
8.60000e-01 4.66441e-01
8.64000e-01 4.68531e-01
8.68000e-01 4.74618e-01
8.72000e-01 4.87142e-01
8.76000e-01 5.01201e-01
8.80000e-01 5.06112e-01
8.84000e-01 5.06331e-01
8.88000e-01 5.06088e-01
8.92000e-01 5.03992e-01
8.96000e-01 4.94620e-01
9.00000e-01 4.76902e-01
9.04000e-01 4.68128e-01
9.08000e-01 4.67477e-01
9.12000e-01 4.67557e-01
9.16000e-01 4.68123e-01
9.20000e-01 4.69633e-01
9.24000e-01 4.71249e-01
9.28000e-01 4.71806e-01
9.32000e-01 4.71906e-01
9.36000e-01 4.71971e-01
9.40000e-01 4.72113e-01
9.44000e-01 4.72516e-01
9.48000e-01 4.73621e-01
9.52000e-01 4.76466e-01
9.56000e-01 4.83142e-01
9.60000e-01 4.94607e-01
9.64000e-01 5.03172e-01
9.68000e-01 5.04538e-01
9.72000e-01 5.04438e-01
9.76000e-01 5.03150e-01
9.80000e-01 4.96758e-01
9.84000e-01 4.83418e-01
9.88000e-01 4.76051e-01
9.92000e-01 4.75522e-01
9.96000e-01 4.75815e-01
1.00000e+00 4.77669e-01
1.00400e+00 4.82618e-01
1.00800e+00 4.87462e-01
1.01200e+00 4.88437e-01
1.01600e+00 4.88383e-01
1.02000e+00 4.87677e-01
1.02400e+00 4.84407e-01
1.02800e+00 4.77369e-01
1.03200e+00 4.72660e-01
1.03600e+00 4.72090e-01
1.04000e+00 4.72114e-01
1.04400e+00 4.72373e-01
1.04800e+00 4.73493e-01
1.05200e+00 4.76752e-01
1.05600e+00 4.82445e-01
1.06000e+00 4.86336e-01
1.06400e+00 4.86960e-01
1.06800e+00 4.86974e-01
1.07200e+00 4.86974e-01
1.07600e+00 4.86974e-01
1.08000e+00 4.86974e-01
1.08400e+00 4.86974e-01
1.08800e+00 4.86974e-01
1.09200e+00 4.86974e-01
1.09600e+00 4.86975e-01
1.10000e+00 4.86977e-01
1.10400e+00 4.86982e-01
1.10800e+00 4.86993e-01
1.11200e+00 4.87019e-01
1.11600e+00 4.87074e-01
1.12000e+00 4.87182e-01
1.12400e+00 4.87398e-01
1.12800e+00 4.87861e-01
1.13200e+00 4.88949e-01
1.13600e+00 4.91560e-01
1.14000e+00 4.96528e-01
1.14400e+00 5.01185e-01
1.14800e+00 5.02432e-01
1.15200e+00 5.02494e-01
1.15600e+00 5.02498e-01
1.16000e+00 5.02503e-01
1.16400e+00 5.02519e-01
1.16800e+00 5.02572e-01
1.17200e+00 5.02717e-01
1.17600e+00 5.03060e-01
1.18000e+00 5.03780e-01
1.18400e+00 5.05111e-01
1.18800e+00 5.07223e-01
1.19200e+00 5.09925e-01
1.19600e+00 5.12516e-01
1.20000e+00 5.14388e-01
1.20400e+00 5.15627e-01
1.20800e+00 5.16644e-01
1.21200e+00 5.17835e-01
1.21600e+00 5.19711e-01
1.22000e+00 5.23304e-01
1.22400e+00 5.30852e-01
1.22800e+00 5.44854e-01
1.23200e+00 5.59257e-01
1.23600e+00 5.63749e-01
1.24000e+00 5.63988e-01
1.24400e+00 5.63989e-01
1.24800e+00 5.63989e-01
1.25200e+00 5.63989e-01
1.25600e+00 5.63989e-01
1.26000e+00 5.63990e-01
1.26400e+00 5.63990e-01
1.26800e+00 5.63989e-01
1.27200e+00 5.63978e-01
1.27600e+00 5.63881e-01
1.28000e+00 5.63036e-01
1.28400e+00 5.57014e-01
1.28800e+00 5.33746e-01
1.29200e+00 5.06471e-01
1.29600e+00 5.00179e-01
1.30000e+00 5.00000e-01
1.30400e+00 5.00000e-01
1.30800e+00 5.00000e-01
1.31200e+00 5.00000e-01
1.31600e+00 5.00000e-01
1.32000e+00 5.00000e-01
1.32400e+00 5.00000e-01
1.32800e+00 5.00000e-01
1.33200e+00 5.00000e-01
1.33600e+00 5.00000e-01
1.34000e+00 5.00000e-01
1.34400e+00 5.00000e-01
1.34800e+00 5.00000e-01
1.35200e+00 5.00000e-01
1.35600e+00 5.00000e-01
1.36000e+00 5.00000e-01
1.36400e+00 5.00000e-01
1.36800e+00 5.00000e-01
1.37200e+00 5.00000e-01
1.37600e+00 5.00000e-01
1.38000e+00 5.00000e-01
1.38400e+00 5.00000e-01
1.38800e+00 5.00000e-01
1.39200e+00 5.00000e-01
1.39600e+00 5.00000e-01
1.40000e+00 5.00000e-01
1.40400e+00 5.00000e-01
1.40800e+00 5.00000e-01
1.41200e+00 5.00000e-01
1.41600e+00 5.00000e-01
1.42000e+00 5.00000e-01
1.42400e+00 5.00000e-01
1.42800e+00 5.00000e-01
1.43200e+00 5.00000e-01
1.43600e+00 5.00000e-01
1.44000e+00 5.00000e-01
1.44400e+00 5.00000e-01
1.44800e+00 5.00000e-01
1.45200e+00 5.00000e-01
1.45600e+00 5.00000e-01
1.46000e+00 5.00000e-01
1.46400e+00 5.00000e-01
1.46800e+00 5.00000e-01
1.47200e+00 5.00000e-01
1.47600e+00 5.00000e-01
1.48000e+00 5.00000e-01
1.48400e+00 5.00000e-01
1.48800e+00 5.00000e-01
1.49200e+00 5.00000e-01
1.49600e+00 5.00000e-01
1.50000e+00 5.00000e-01
1.50400e+00 5.00000e-01
1.50800e+00 5.00000e-01
1.51200e+00 5.00000e-01
1.51600e+00 5.00000e-01
1.52000e+00 5.00000e-01
1.52400e+00 5.00000e-01
1.52800e+00 5.00000e-01
1.53200e+00 5.00000e-01
1.53600e+00 5.00000e-01
1.54000e+00 5.00000e-01
1.54400e+00 5.00000e-01
1.54800e+00 5.00000e-01
1.55200e+00 5.00000e-01
1.55600e+00 5.00000e-01
1.56000e+00 5.00000e-01
1.56400e+00 5.00000e-01
1.56800e+00 5.00000e-01
1.57200e+00 5.00000e-01
1.57600e+00 5.00000e-01
1.58000e+00 5.00000e-01
1.58400e+00 5.00000e-01
1.58800e+00 5.00000e-01
1.59200e+00 5.00000e-01
1.59600e+00 5.00000e-01
1.60000e+00 5.00000e-01
1.60400e+00 5.00000e-01
1.60800e+00 5.00000e-01
1.61200e+00 5.00000e-01
1.61600e+00 5.00000e-01
1.62000e+00 5.00000e-01
1.62400e+00 5.00000e-01
1.62800e+00 5.00000e-01
1.63200e+00 5.00000e-01
1.63600e+00 5.00000e-01
1.64000e+00 5.00000e-01
1.64400e+00 5.00000e-01
1.64800e+00 5.00000e-01
1.65200e+00 5.00000e-01
1.65600e+00 5.00000e-01
1.66000e+00 5.00000e-01
1.66400e+00 5.00000e-01
1.66800e+00 5.00000e-01
1.67200e+00 5.00000e-01
1.67600e+00 5.00000e-01
1.68000e+00 5.00000e-01
1.68400e+00 5.00000e-01
1.68800e+00 5.00000e-01
1.69200e+00 5.00000e-01
1.69600e+00 5.00000e-01
1.70000e+00 5.00000e-01
1.70400e+00 5.00000e-01
1.70800e+00 5.00000e-01
1.71200e+00 5.00000e-01
1.71600e+00 5.00000e-01
1.72000e+00 5.00000e-01
1.72400e+00 5.00000e-01
1.72800e+00 5.00000e-01
1.73200e+00 5.00000e-01
1.73600e+00 5.00000e-01
1.74000e+00 5.00000e-01
1.74400e+00 5.00000e-01
1.74800e+00 5.00000e-01
1.75200e+00 5.00000e-01
1.75600e+00 5.00000e-01
1.76000e+00 5.00000e-01
1.76400e+00 5.00000e-01
1.76800e+00 5.00000e-01
1.77200e+00 5.00000e-01
1.77600e+00 5.00000e-01
1.78000e+00 5.00000e-01
1.78400e+00 5.00000e-01
1.78800e+00 5.00000e-01
1.79200e+00 5.00000e-01
1.79600e+00 5.00000e-01
1.80000e+00 5.00000e-01
1.80400e+00 5.00000e-01
1.80800e+00 5.00000e-01
1.81200e+00 5.00000e-01
1.81600e+00 5.00000e-01
1.82000e+00 5.00000e-01
1.82400e+00 5.00000e-01
1.82800e+00 5.00000e-01
1.83200e+00 5.00000e-01
1.83600e+00 5.00000e-01
1.84000e+00 5.00000e-01
1.84400e+00 5.00000e-01
1.84800e+00 5.00000e-01
1.85200e+00 5.00000e-01
1.85600e+00 5.00000e-01
1.86000e+00 5.00000e-01
1.86400e+00 5.00000e-01
1.86800e+00 5.00000e-01
1.87200e+00 5.00000e-01
1.87600e+00 5.00000e-01
1.88000e+00 5.00000e-01
1.88400e+00 5.00000e-01
1.88800e+00 5.00000e-01
1.89200e+00 5.00000e-01
1.89600e+00 5.00000e-01
1.90000e+00 5.00000e-01
1.90400e+00 5.00000e-01
1.90800e+00 5.00000e-01
1.91200e+00 5.00000e-01
1.91600e+00 5.00000e-01
1.92000e+00 5.00000e-01
1.92400e+00 5.00000e-01
1.92800e+00 5.00000e-01
1.93200e+00 5.00000e-01
1.93600e+00 5.00000e-01
1.94000e+00 5.00000e-01
1.94400e+00 5.00000e-01
1.94800e+00 5.00000e-01
1.95200e+00 5.00000e-01
1.95600e+00 5.00000e-01
1.96000e+00 5.00000e-01
1.96400e+00 5.00000e-01
1.96800e+00 5.00000e-01
1.97200e+00 5.00000e-01
1.97600e+00 5.00000e-01
1.98000e+00 5.00000e-01
1.98400e+00 5.00000e-01
1.98800e+00 5.00000e-01
1.99200e+00 5.00000e-01
1.99600e+00 5.00000e-01
