0.00000e+00 4.52729e-01
4.00000e-03 4.52729e-01
8.00000e-03 4.52736e-01
1.20000e-02 4.52841e-01
1.60000e-02 4.53742e-01
2.00000e-02 4.58420e-01
2.40000e-02 4.73876e-01
2.80000e-02 5.05715e-01
3.20000e-02 5.36323e-01
3.60000e-02 5.44188e-01
4.00000e-02 5.44416e-01
4.40000e-02 5.44161e-01
4.80000e-02 5.41798e-01
5.20000e-02 5.30687e-01
5.60000e-02 5.10722e-01
6.00000e-02 5.02340e-01
6.40000e-02 5.01922e-01
6.80000e-02 5.02152e-01
7.20000e-02 5.03741e-01
7.60000e-02 5.09779e-01
8.00000e-02 5.23110e-01
8.40000e-02 5.32231e-01
8.80000e-02 5.32532e-01
9.20000e-02 5.26816e-01
9.60000e-02 4.93277e-01
1.00000e-01 4.48113e-01
1.04000e-01 4.38384e-01
1.08000e-01 4.38625e-01
1.12000e-01 4.41417e-01
1.16000e-01 4.49873e-01
1.20000e-01 4.66431e-01
1.24000e-01 4.89784e-01
1.28000e-01 5.06995e-01
1.32000e-01 5.10720e-01
1.36000e-01 5.10835e-01
1.40000e-01 5.10804e-01
1.44000e-01 5.10522e-01
1.48000e-01 5.09127e-01
1.52000e-01 5.05130e-01
1.56000e-01 5.00790e-01
1.60000e-01 4.99759e-01
1.64000e-01 4.99754e-01
1.68000e-01 4.99951e-01
1.72000e-01 5.01111e-01
1.76000e-01 5.05983e-01
1.80000e-01 5.18995e-01
1.84000e-01 5.29410e-01
1.88000e-01 5.29535e-01
1.92000e-01 5.19512e-01
1.96000e-01 4.79482e-01
2.00000e-01 4.47983e-01
2.04000e-01 4.44881e-01
2.08000e-01 4.45707e-01
2.12000e-01 4.49973e-01
2.16000e-01 4.59305e-01
2.20000e-01 4.72062e-01
2.24000e-01 4.84904e-01
2.28000e-01 4.95741e-01
2.32000e-01 5.04745e-01
2.36000e-01 5.13731e-01
2.40000e-01 5.26336e-01
2.44000e-01 5.48513e-01
2.48000e-01 5.73036e-01
2.52000e-01 5.78090e-01
2.56000e-01 5.73306e-01
2.60000e-01 5.27810e-01
2.64000e-01 4.54860e-01
2.68000e-01 4.38492e-01
2.72000e-01 4.38672e-01
2.76000e-01 4.41537e-01
2.80000e-01 4.48730e-01
2.84000e-01 4.58760e-01
2.88000e-01 4.69507e-01
2.92000e-01 4.81565e-01
2.96000e-01 4.97792e-01
3.00000e-01 5.17125e-01
3.04000e-01 5.26726e-01
3.08000e-01 5.27300e-01
3.12000e-01 5.25438e-01
3.16000e-01 5.07535e-01
3.20000e-01 4.55295e-01
3.24000e-01 4.24505e-01
3.28000e-01 4.22335e-01
3.32000e-01 4.23031e-01
3.36000e-01 4.26291e-01
3.40000e-01 4.32186e-01
3.44000e-01 4.37276e-01
3.48000e-01 4.39742e-01
3.52000e-01 4.40991e-01
3.56000e-01 4.42166e-01
3.60000e-01 4.43862e-01
3.64000e-01 4.46479e-01
3.68000e-01 4.50155e-01
3.72000e-01 4.54734e-01
3.76000e-01 4.60022e-01
3.80000e-01 4.66212e-01
3.84000e-01 4.74260e-01
3.88000e-01 4.86035e-01
3.92000e-01 5.01974e-01
3.96000e-01 5.14180e-01
4.00000e-01 5.17033e-01
4.04000e-01 5.17146e-01
4.08000e-01 5.17146e-01
4.12000e-01 5.17146e-01
4.16000e-01 5.17142e-01
4.20000e-01 5.17119e-01
4.24000e-01 5.17012e-01
4.28000e-01 5.16605e-01
4.32000e-01 5.15662e-01
4.36000e-01 5.14777e-01
4.40000e-01 5.14500e-01
4.44000e-01 5.14400e-01
4.48000e-01 5.14161e-01
4.52000e-01 5.12728e-01
4.56000e-01 5.05030e-01
4.60000e-01 4.84608e-01
4.64000e-01 4.70144e-01
4.68000e-01 4.68886e-01
4.72000e-01 4.69805e-01
4.76000e-01 4.73748e-01
4.80000e-01 4.76730e-01
4.84000e-01 4.76658e-01
4.88000e-01 4.73761e-01
4.92000e-01 4.62294e-01
4.96000e-01 4.48368e-01
5.00000e-01 4.44792e-01
5.04000e-01 4.44722e-01
5.08000e-01 4.44908e-01
5.12000e-01 4.45587e-01
5.16000e-01 4.46498e-01
5.20000e-01 4.47004e-01
5.24000e-01 4.47211e-01
5.28000e-01 4.47396e-01
5.32000e-01 4.47736e-01
5.36000e-01 4.48452e-01
5.40000e-01 4.49790e-01
5.44000e-01 4.51886e-01
5.48000e-01 4.54630e-01
5.52000e-01 4.57687e-01
5.56000e-01 4.60709e-01
5.60000e-01 4.63530e-01
5.64000e-01 4.66178e-01
5.68000e-01 4.68767e-01
5.72000e-01 4.71400e-01
5.76000e-01 4.74121e-01
5.80000e-01 4.76910e-01
5.84000e-01 4.79720e-01
5.88000e-01 4.82558e-01
5.92000e-01 4.85560e-01
5.96000e-01 4.89096e-01
6.00000e-01 4.93984e-01
6.04000e-01 5.01912e-01
6.08000e-01 5.15050e-01
6.12000e-01 5.30074e-01
6.16000e-01 5.36593e-01
6.20000e-01 5.37201e-01
6.24000e-01 5.37216e-01
6.28000e-01 5.37223e-01
6.32000e-01 5.37233e-01
6.36000e-01 5.37237e-01
6.40000e-01 5.37234e-01
6.44000e-01 5.37193e-01
6.48000e-01 5.36845e-01
6.52000e-01 5.34463e-01
6.56000e-01 5.22935e-01
6.60000e-01 4.96657e-01
6.64000e-01 4.75804e-01
6.68000e-01 4.67385e-01
6.72000e-01 4.60911e-01
6.76000e-01 4.52407e-01
6.80000e-01 4.46726e-01
6.84000e-01 4.45898e-01
6.88000e-01 4.45917e-01
6.92000e-01 4.46158e-01
6.96000e-01 4.47075e-01
7.00000e-01 4.49297e-01
7.04000e-01 4.53350e-01
7.08000e-01 4.59365e-01
7.12000e-01 4.66975e-01
7.16000e-01 4.75143e-01
7.20000e-01 4.82057e-01
7.24000e-01 4.86300e-01
7.28000e-01 4.88338e-01
7.32000e-01 4.89427e-01
7.36000e-01 4.90309e-01
7.40000e-01 4.91367e-01
7.44000e-01 4.92977e-01
7.48000e-01 4.95833e-01
7.52000e-01 5.01483e-01
7.56000e-01 5.12470e-01
7.60000e-01 5.26959e-01
7.64000e-01 5.33938e-01
7.68000e-01 5.34509e-01
7.72000e-01 5.34359e-01
7.76000e-01 5.32707e-01
7.80000e-01 5.23943e-01
7.84000e-01 5.04664e-01
7.88000e-01 4.93912e-01
7.92000e-01 4.93099e-01
7.96000e-01 4.93349e-01
8.00000e-01 4.95092e-01
8.04000e-01 5.00697e-01
8.08000e-01 5.09602e-01
8.12000e-01 5.14260e-01
8.16000e-01 5.14744e-01
8.20000e-01 5.14750e-01
8.24000e-01 5.14750e-01
8.28000e-01 5.14750e-01
8.32000e-01 5.14751e-01
8.36000e-01 5.14755e-01
8.40000e-01 5.14779e-01
8.44000e-01 5.14922e-01
8.48000e-01 5.15514e-01
8.52000e-01 5.16377e-01
8.56000e-01 5.16512e-01
8.60000e-01 5.16166e-01
8.64000e-01 5.12944e-01
8.68000e-01 4.98531e-01
8.72000e-01 4.75253e-01
8.76000e-01 4.66817e-01
8.80000e-01 4.66504e-01
8.84000e-01 4.66845e-01
8.88000e-01 4.68703e-01
8.92000e-01 4.74314e-01
8.96000e-01 4.86248e-01
9.00000e-01 5.00384e-01
9.04000e-01 5.05759e-01
9.08000e-01 5.06040e-01
9.12000e-01 5.05819e-01
9.16000e-01 5.03847e-01
9.20000e-01 4.94881e-01
9.24000e-01 4.77436e-01
9.28000e-01 4.68413e-01
9.32000e-01 4.67694e-01
9.36000e-01 4.67765e-01
9.40000e-01 4.68286e-01
9.44000e-01 4.69716e-01
9.48000e-01 4.71296e-01
9.52000e-01 4.71861e-01
9.56000e-01 4.71960e-01
9.60000e-01 4.72022e-01
9.64000e-01 4.72156e-01
9.68000e-01 4.72537e-01
9.72000e-01 4.73590e-01
9.76000e-01 4.76320e-01
9.80000e-01 4.82771e-01
9.84000e-01 4.94005e-01
9.88000e-01 5.02660e-01
9.92000e-01 5.04127e-01
9.96000e-01 5.04048e-01
1.00000e+00 5.02929e-01
1.00400e+00 4.97195e-01
1.00800e+00 4.84461e-01
1.01200e+00 4.76693e-01
1.01600e+00 4.76026e-01
1.02000e+00 4.76268e-01
1.02400e+00 4.77910e-01
1.02800e+00 4.82482e-01
1.03200e+00 4.87156e-01
1.03600e+00 4.88145e-01
1.04000e+00 4.88093e-01
1.04400e+00 4.87385e-01
1.04800e+00 4.84130e-01
1.05200e+00 4.77230e-01
1.05600e+00 4.72728e-01
1.06000e+00 4.72203e-01
1.06400e+00 4.72229e-01
1.06800e+00 4.72494e-01
1.07200e+00 4.73630e-01
1.07600e+00 4.76912e-01
1.08000e+00 4.82580e-01
1.08400e+00 4.86372e-01
1.08800e+00 4.86962e-01
1.09200e+00 4.86974e-01
1.09600e+00 4.86974e-01
1.10000e+00 4.86974e-01
1.10400e+00 4.86974e-01
1.10800e+00 4.86974e-01
1.11200e+00 4.86974e-01
1.11600e+00 4.86974e-01
1.12000e+00 4.86975e-01
1.12400e+00 4.86976e-01
1.12800e+00 4.86980e-01
1.13200e+00 4.86990e-01
1.13600e+00 4.87011e-01
1.14000e+00 4.87056e-01
1.14400e+00 4.87145e-01
1.14800e+00 4.87327e-01
1.15200e+00 4.87723e-01
1.15600e+00 4.88678e-01
1.16000e+00 4.91040e-01
1.16400e+00 4.95815e-01
1.16800e+00 5.00828e-01
1.17200e+00 5.02406e-01
1.17600e+00 5.02498e-01
1.18000e+00 5.02501e-01
1.18400e+00 5.02504e-01
1.18800e+00 5.02514e-01
1.19200e+00 5.02546e-01
1.19600e+00 5.02637e-01
1.20000e+00 5.02868e-01
1.20400e+00 5.03379e-01
1.20800e+00 5.04391e-01
1.21200e+00 5.06158e-01
1.21600e+00 5.08743e-01
1.22000e+00 5.11641e-01
1.22400e+00 5.13964e-01
1.22800e+00 5.15410e-01
1.23200e+00 5.16368e-01
1.23600e+00 5.17270e-01
1.24000e+00 5.18501e-01
1.24400e+00 5.20656e-01
1.24800e+00 5.25036e-01
1.25200e+00 5.34278e-01
1.25600e+00 5.49661e-01
1.26000e+00 5.61566e-01
1.26400e+00 5.63922e-01
1.26800e+00 5.63989e-01
1.27200e+00 5.63989e-01
1.27600e+00 5.63989e-01
1.28000e+00 5.63989e-01
1.28400e+00 5.63990e-01
1.28800e+00 5.63990e-01
1.29200e+00 5.63989e-01
1.29600e+00 5.63986e-01
1.30000e+00 5.63958e-01
1.30400e+00 5.63702e-01
1.30800e+00 5.61609e-01
1.31200e+00 5.49395e-01
1.31600e+00 5.19633e-01
1.32000e+00 5.01771e-01
1.32400e+00 5.00016e-01
1.32800e+00 5.00000e-01
1.33200e+00 5.00000e-01
1.33600e+00 5.00000e-01
1.34000e+00 5.00000e-01
1.34400e+00 5.00000e-01
1.34800e+00 5.00000e-01
1.35200e+00 5.00000e-01
1.35600e+00 5.00000e-01
1.36000e+00 5.00000e-01
1.36400e+00 5.00000e-01
1.36800e+00 5.00000e-01
1.37200e+00 5.00000e-01
1.37600e+00 5.00000e-01
1.38000e+00 5.00000e-01
1.38400e+00 5.00000e-01
1.38800e+00 5.00000e-01
1.39200e+00 5.00000e-01
1.39600e+00 5.00000e-01
1.40000e+00 5.00000e-01
1.40400e+00 5.00000e-01
1.40800e+00 5.00000e-01
1.41200e+00 5.00000e-01
1.41600e+00 5.00000e-01
1.42000e+00 5.00000e-01
1.42400e+00 5.00000e-01
1.42800e+00 5.00000e-01
1.43200e+00 5.00000e-01
1.43600e+00 5.00000e-01
1.44000e+00 5.00000e-01
1.44400e+00 5.00000e-01
1.44800e+00 5.00000e-01
1.45200e+00 5.00000e-01
1.45600e+00 5.00000e-01
1.46000e+00 5.00000e-01
1.46400e+00 5.00000e-01
1.46800e+00 5.00000e-01
1.47200e+00 5.00000e-01
1.47600e+00 5.00000e-01
1.48000e+00 5.00000e-01
1.48400e+00 5.00000e-01
1.48800e+00 5.00000e-01
1.49200e+00 5.00000e-01
1.49600e+00 5.00000e-01
1.50000e+00 5.00000e-01
1.50400e+00 5.00000e-01
1.50800e+00 5.00000e-01
1.51200e+00 5.00000e-01
1.51600e+00 5.00000e-01
1.52000e+00 5.00000e-01
1.52400e+00 5.00000e-01
1.52800e+00 5.00000e-01
1.53200e+00 5.00000e-01
1.53600e+00 5.00000e-01
1.54000e+00 5.00000e-01
1.54400e+00 5.00000e-01
1.54800e+00 5.00000e-01
1.55200e+00 5.00000e-01
1.55600e+00 5.00000e-01
1.56000e+00 5.00000e-01
1.56400e+00 5.00000e-01
1.56800e+00 5.00000e-01
1.57200e+00 5.00000e-01
1.57600e+00 5.00000e-01
1.58000e+00 5.00000e-01
1.58400e+00 5.00000e-01
1.58800e+00 5.00000e-01
1.59200e+00 5.00000e-01
1.59600e+00 5.00000e-01
1.60000e+00 5.00000e-01
1.60400e+00 5.00000e-01
1.60800e+00 5.00000e-01
1.61200e+00 5.00000e-01
1.61600e+00 5.00000e-01
1.62000e+00 5.00000e-01
1.62400e+00 5.00000e-01
1.62800e+00 5.00000e-01
1.63200e+00 5.00000e-01
1.63600e+00 5.00000e-01
1.64000e+00 5.00000e-01
1.64400e+00 5.00000e-01
1.64800e+00 5.00000e-01
1.65200e+00 5.00000e-01
1.65600e+00 5.00000e-01
1.66000e+00 5.00000e-01
1.66400e+00 5.00000e-01
1.66800e+00 5.00000e-01
1.67200e+00 5.00000e-01
1.67600e+00 5.00000e-01
1.68000e+00 5.00000e-01
1.68400e+00 5.00000e-01
1.68800e+00 5.00000e-01
1.69200e+00 5.00000e-01
1.69600e+00 5.00000e-01
1.70000e+00 5.00000e-01
1.70400e+00 5.00000e-01
1.70800e+00 5.00000e-01
1.71200e+00 5.00000e-01
1.71600e+00 5.00000e-01
1.72000e+00 5.00000e-01
1.72400e+00 5.00000e-01
1.72800e+00 5.00000e-01
1.73200e+00 5.00000e-01
1.73600e+00 5.00000e-01
1.74000e+00 5.00000e-01
1.74400e+00 5.00000e-01
1.74800e+00 5.00000e-01
1.75200e+00 5.00000e-01
1.75600e+00 5.00000e-01
1.76000e+00 5.00000e-01
1.76400e+00 5.00000e-01
1.76800e+00 5.00000e-01
1.77200e+00 5.00000e-01
1.77600e+00 5.00000e-01
1.78000e+00 5.00000e-01
1.78400e+00 5.00000e-01
1.78800e+00 5.00000e-01
1.79200e+00 5.00000e-01
1.79600e+00 5.00000e-01
1.80000e+00 5.00000e-01
1.80400e+00 5.00000e-01
1.80800e+00 5.00000e-01
1.81200e+00 5.00000e-01
1.81600e+00 5.00000e-01
1.82000e+00 5.00000e-01
1.82400e+00 5.00000e-01
1.82800e+00 5.00000e-01
1.83200e+00 5.00000e-01
1.83600e+00 5.00000e-01
1.84000e+00 5.00000e-01
1.84400e+00 5.00000e-01
1.84800e+00 5.00000e-01
1.85200e+00 5.00000e-01
1.85600e+00 5.00000e-01
1.86000e+00 5.00000e-01
1.86400e+00 5.00000e-01
1.86800e+00 5.00000e-01
1.87200e+00 5.00000e-01
1.87600e+00 5.00000e-01
1.88000e+00 5.00000e-01
1.88400e+00 5.00000e-01
1.88800e+00 5.00000e-01
1.89200e+00 5.00000e-01
1.89600e+00 5.00000e-01
1.90000e+00 5.00000e-01
1.90400e+00 5.00000e-01
1.90800e+00 5.00000e-01
1.91200e+00 5.00000e-01
1.91600e+00 5.00000e-01
1.92000e+00 5.00000e-01
1.92400e+00 5.00000e-01
1.92800e+00 5.00000e-01
1.93200e+00 5.00000e-01
1.93600e+00 5.00000e-01
1.94000e+00 5.00000e-01
1.94400e+00 5.00000e-01
1.94800e+00 5.00000e-01
1.95200e+00 5.00000e-01
1.95600e+00 5.00000e-01
1.96000e+00 5.00000e-01
1.96400e+00 5.00000e-01
1.96800e+00 5.00000e-01
1.97200e+00 5.00000e-01
1.97600e+00 5.00000e-01
1.98000e+00 5.00000e-01
1.98400e+00 5.00000e-01
1.98800e+00 5.00000e-01
1.99200e+00 5.00000e-01
1.99600e+00 5.00000e-01
