0.00000e+00 4.44305e-01
4.00000e-03 4.44305e-01
8.00000e-03 4.44306e-01
1.20000e-02 4.44325e-01
1.60000e-02 4.44494e-01
2.00000e-02 4.45397e-01
2.40000e-02 4.47962e-01
2.80000e-02 4.51050e-01
3.20000e-02 4.52634e-01
3.60000e-02 4.53605e-01
4.00000e-02 4.55392e-01
4.40000e-02 4.60362e-01
4.80000e-02 4.72542e-01
5.20000e-02 4.96225e-01
5.60000e-02 5.26720e-01
6.00000e-02 5.42468e-01
6.40000e-02 5.44136e-01
6.80000e-02 5.44081e-01
7.20000e-02 5.43170e-01
7.60000e-02 5.37319e-01
8.00000e-02 5.19838e-01
8.40000e-02 5.04642e-01
8.80000e-02 5.02321e-01
9.20000e-02 5.02382e-01
9.60000e-02 5.03238e-01
1.00000e-01 5.07338e-01
1.04000e-01 5.18496e-01
1.08000e-01 5.28294e-01
1.12000e-01 5.28902e-01
1.16000e-01 5.23418e-01
1.20000e-01 4.91365e-01
1.24000e-01 4.49196e-01
1.28000e-01 4.40333e-01
1.32000e-01 4.40579e-01
1.36000e-01 4.43273e-01
1.40000e-01 4.51429e-01
1.44000e-01 4.67455e-01
1.48000e-01 4.90159e-01
1.52000e-01 5.06987e-01
1.56000e-01 5.10672e-01
1.60000e-01 5.10792e-01
1.64000e-01 5.10772e-01
1.68000e-01 5.10588e-01
1.72000e-01 5.09617e-01
1.76000e-01 5.06384e-01
1.80000e-01 5.01683e-01
1.84000e-01 4.99943e-01
1.88000e-01 4.99877e-01
1.92000e-01 4.99996e-01
1.96000e-01 5.00853e-01
2.00000e-01 5.04761e-01
2.04000e-01 5.15615e-01
2.08000e-01 5.24382e-01
2.12000e-01 5.24476e-01
2.16000e-01 5.16035e-01
2.20000e-01 4.80966e-01
2.24000e-01 4.50429e-01
2.28000e-01 4.46811e-01
2.32000e-01 4.47420e-01
2.36000e-01 4.50946e-01
2.40000e-01 4.59273e-01
2.44000e-01 4.71381e-01
2.48000e-01 4.84050e-01
2.52000e-01 4.94632e-01
2.56000e-01 5.02764e-01
2.60000e-01 5.09946e-01
2.64000e-01 5.19100e-01
2.68000e-01 5.35789e-01
2.72000e-01 5.60643e-01
2.76000e-01 5.70565e-01
2.80000e-01 5.68622e-01
2.84000e-01 5.39489e-01
2.88000e-01 4.68293e-01
2.92000e-01 4.41669e-01
2.96000e-01 4.41092e-01
3.00000e-01 4.43069e-01
3.04000e-01 4.49300e-01
3.08000e-01 4.58897e-01
3.12000e-01 4.69506e-01
3.16000e-01 4.81293e-01
3.20000e-01 4.97114e-01
3.24000e-01 5.16078e-01
3.28000e-01 5.25192e-01
3.32000e-01 5.25578e-01
3.36000e-01 5.22685e-01
3.40000e-01 4.99291e-01
3.44000e-01 4.46947e-01
3.48000e-01 4.24753e-01
3.52000e-01 4.23894e-01
3.56000e-01 4.24886e-01
3.60000e-01 4.28702e-01
3.64000e-01 4.34610e-01
3.68000e-01 4.38940e-01
3.72000e-01 4.40833e-01
3.76000e-01 4.41880e-01
3.80000e-01 4.43020e-01
3.84000e-01 4.44776e-01
3.88000e-01 4.47504e-01
3.92000e-01 4.51266e-01
3.96000e-01 4.55830e-01
4.00000e-01 4.60965e-01
4.04000e-01 4.66849e-01
4.08000e-01 4.74402e-01
4.12000e-01 4.85457e-01
4.16000e-01 5.00867e-01
4.20000e-01 5.13612e-01
4.24000e-01 5.16986e-01
4.28000e-01 5.17146e-01
4.32000e-01 5.17146e-01
4.36000e-01 5.17146e-01
4.40000e-01 5.17144e-01
4.44000e-01 5.17131e-01
4.48000e-01 5.17070e-01
4.52000e-01 5.16830e-01
4.56000e-01 5.16156e-01
4.60000e-01 5.15182e-01
4.64000e-01 5.14626e-01
4.68000e-01 5.14409e-01
4.72000e-01 5.14097e-01
4.76000e-01 5.12620e-01
4.80000e-01 5.05110e-01
4.84000e-01 4.85533e-01
4.88000e-01 4.71660e-01
4.92000e-01 4.70394e-01
4.96000e-01 4.71122e-01
5.00000e-01 4.73897e-01
5.04000e-01 4.75299e-01
5.08000e-01 4.74898e-01
5.12000e-01 4.70914e-01
5.16000e-01 4.58498e-01
5.20000e-01 4.47010e-01
5.24000e-01 4.44929e-01
5.28000e-01 4.44923e-01
5.32000e-01 4.45139e-01
5.36000e-01 4.45808e-01
5.40000e-01 4.46651e-01
5.44000e-01 4.47126e-01
5.48000e-01 4.47347e-01
5.52000e-01 4.47563e-01
5.56000e-01 4.47958e-01
5.60000e-01 4.48766e-01
5.64000e-01 4.50235e-01
5.68000e-01 4.52480e-01
5.72000e-01 4.55352e-01
5.76000e-01 4.58476e-01
5.80000e-01 4.61490e-01
5.84000e-01 4.64243e-01
5.88000e-01 4.66789e-01
5.92000e-01 4.69263e-01
5.96000e-01 4.71783e-01
6.00000e-01 4.74397e-01
6.04000e-01 4.77085e-01
6.08000e-01 4.79789e-01
6.12000e-01 4.82489e-01
6.16000e-01 4.85272e-01
6.20000e-01 4.88418e-01
6.24000e-01 4.92550e-01
6.28000e-01 4.98986e-01
6.32000e-01 5.09981e-01
6.36000e-01 5.25332e-01
6.40000e-01 5.35439e-01
6.44000e-01 5.37171e-01
6.48000e-01 5.37225e-01
6.52000e-01 5.37230e-01
6.56000e-01 5.37233e-01
6.60000e-01 5.37234e-01
6.64000e-01 5.37232e-01
6.68000e-01 5.37209e-01
6.72000e-01 5.37028e-01
6.76000e-01 5.35797e-01
6.80000e-01 5.29207e-01
6.84000e-01 5.08533e-01
6.88000e-01 4.80660e-01
6.92000e-01 4.63098e-01
6.96000e-01 4.53241e-01
7.00000e-01 4.47546e-01
7.04000e-01 4.46059e-01
7.08000e-01 4.46003e-01
7.12000e-01 4.46062e-01
7.16000e-01 4.46415e-01
7.20000e-01 4.47521e-01
7.24000e-01 4.49969e-01
7.28000e-01 4.54207e-01
7.32000e-01 4.60317e-01
7.36000e-01 4.67969e-01
7.40000e-01 4.76190e-01
7.44000e-01 4.83077e-01
7.48000e-01 4.87082e-01
7.52000e-01 4.88816e-01
7.56000e-01 4.89666e-01
7.60000e-01 4.90345e-01
7.64000e-01 4.91176e-01
7.68000e-01 4.92455e-01
7.72000e-01 4.94700e-01
7.76000e-01 4.99081e-01
7.80000e-01 5.07948e-01
7.84000e-01 5.22141e-01
7.88000e-01 5.32473e-01
7.92000e-01 5.34194e-01
7.96000e-01 5.34159e-01
8.00000e-01 5.33357e-01
8.04000e-01 5.28094e-01
8.08000e-01 5.11665e-01
8.12000e-01 4.96233e-01
8.16000e-01 4.93635e-01
8.20000e-01 4.93712e-01
8.24000e-01 4.94699e-01
8.28000e-01 4.98635e-01
8.32000e-01 5.06859e-01
8.36000e-01 5.13465e-01
8.40000e-01 5.14717e-01
8.44000e-01 5.14750e-01
8.48000e-01 5.14750e-01
8.52000e-01 5.14750e-01
8.56000e-01 5.14751e-01
8.60000e-01 5.14754e-01
8.64000e-01 5.14774e-01
8.68000e-01 5.14894e-01
8.72000e-01 5.15385e-01
8.76000e-01 5.16068e-01
8.80000e-01 5.16162e-01
8.84000e-01 5.15853e-01
8.88000e-01 5.13013e-01
8.92000e-01 4.99883e-01
8.96000e-01 4.76850e-01
9.00000e-01 4.67416e-01
9.04000e-01 4.66967e-01
9.08000e-01 4.67248e-01
9.12000e-01 4.68896e-01
9.16000e-01 4.74056e-01
9.20000e-01 4.85391e-01
9.24000e-01 4.99540e-01
9.28000e-01 5.05384e-01
9.32000e-01 5.05741e-01
9.36000e-01 5.05539e-01
9.40000e-01 5.03691e-01
9.44000e-01 4.95131e-01
9.48000e-01 4.77976e-01
9.52000e-01 4.68697e-01
9.56000e-01 4.67904e-01
9.60000e-01 4.67966e-01
9.64000e-01 4.68444e-01
9.68000e-01 4.69795e-01
9.72000e-01 4.71340e-01
9.76000e-01 4.71912e-01
9.80000e-01 4.72013e-01
9.84000e-01 4.72072e-01
9.88000e-01 4.72198e-01
9.92000e-01 4.72560e-01
9.96000e-01 4.73565e-01
1.00000e+00 4.76187e-01
1.00400e+00 4.82423e-01
1.00800e+00 4.93432e-01
1.01200e+00 5.02170e-01
1.01600e+00 5.03740e-01
1.02000e+00 5.03679e-01
1.02400e+00 5.02707e-01
1.02800e+00 4.97575e-01
1.03200e+00 4.85474e-01
1.03600e+00 4.77341e-01
1.04000e+00 4.76513e-01
1.04400e+00 4.76713e-01
1.04800e+00 4.78160e-01
1.05200e+00 4.82366e-01
1.05600e+00 4.86852e-01
1.06000e+00 4.87847e-01
1.06400e+00 4.87796e-01
1.06800e+00 4.87090e-01
1.07200e+00 4.83857e-01
1.07600e+00 4.77103e-01
1.08000e+00 4.72799e-01
1.08400e+00 4.72315e-01
1.08800e+00 4.72343e-01
1.09200e+00 4.72613e-01
1.09600e+00 4.73763e-01
1.10000e+00 4.77069e-01
1.10400e+00 4.82710e-01
1.10800e+00 4.86405e-01
1.11200e+00 4.86963e-01
1.11600e+00 4.86974e-01
1.12000e+00 4.86974e-01
1.12400e+00 4.86974e-01
1.12800e+00 4.86974e-01
1.13200e+00 4.86974e-01
1.13600e+00 4.86974e-01
1.14000e+00 4.86974e-01
1.14400e+00 4.86975e-01
1.14800e+00 4.86976e-01
1.15200e+00 4.86979e-01
1.15600e+00 4.86987e-01
1.16000e+00 4.87004e-01
1.16400e+00 4.87041e-01
1.16800e+00 4.87115e-01
1.17200e+00 4.87268e-01
1.17600e+00 4.87607e-01
1.18000e+00 4.88441e-01
1.18400e+00 4.90560e-01
1.18800e+00 4.95085e-01
1.19200e+00 5.00388e-01
1.19600e+00 5.02361e-01
1.20000e+00 5.02501e-01
1.20400e+00 5.02504e-01
1.20800e+00 5.02506e-01
1.21200e+00 5.02511e-01
1.21600e+00 5.02530e-01
1.22000e+00 5.02588e-01
1.22400e+00 5.02739e-01
1.22800e+00 5.03092e-01
1.23200e+00 5.03833e-01
1.23600e+00 5.05227e-01
1.24000e+00 5.07514e-01
1.24400e+00 5.10521e-01
1.24800e+00 5.13352e-01
1.25200e+00 5.15192e-01
1.25600e+00 5.16221e-01
1.26000e+00 5.16970e-01
1.26400e+00 5.17819e-01
1.26800e+00 5.19157e-01
1.27200e+00 5.21707e-01
1.27600e+00 5.27111e-01
1.28000e+00 5.38259e-01
1.28400e+00 5.54130e-01
1.28800e+00 5.62919e-01
1.29200e+00 5.63974e-01
1.29600e+00 5.63989e-01
1.30000e+00 5.63989e-01
1.30400e+00 5.63989e-01
1.30800e+00 5.63989e-01
1.31200e+00 5.63989e-01
1.31600e+00 5.63989e-01
1.32000e+00 5.63989e-01
1.32400e+00 5.63980e-01
1.32800e+00 5.63905e-01
1.33200e+00 5.63246e-01
1.33600e+00 5.58369e-01
1.34000e+00 5.37477e-01
1.34400e+00 5.08561e-01
1.34800e+00 5.00310e-01
1.35200e+00 5.00001e-01
1.35600e+00 5.00000e-01
1.36000e+00 5.00000e-01
1.36400e+00 5.00000e-01
1.36800e+00 5.00000e-01
1.37200e+00 5.00000e-01
1.37600e+00 5.00000e-01
1.38000e+00 5.00000e-01
1.38400e+00 5.00000e-01
1.38800e+00 5.00000e-01
1.39200e+00 5.00000e-01
1.39600e+00 5.00000e-01
1.40000e+00 5.00000e-01
1.40400e+00 5.00000e-01
1.40800e+00 5.00000e-01
1.41200e+00 5.00000e-01
1.41600e+00 5.00000e-01
1.42000e+00 5.00000e-01
1.42400e+00 5.00000e-01
1.42800e+00 5.00000e-01
1.43200e+00 5.00000e-01
1.43600e+00 5.00000e-01
1.44000e+00 5.00000e-01
1.44400e+00 5.00000e-01
1.44800e+00 5.00000e-01
1.45200e+00 5.00000e-01
1.45600e+00 5.00000e-01
1.46000e+00 5.00000e-01
1.46400e+00 5.00000e-01
1.46800e+00 5.00000e-01
1.47200e+00 5.00000e-01
1.47600e+00 5.00000e-01
1.48000e+00 5.00000e-01
1.48400e+00 5.00000e-01
1.48800e+00 5.00000e-01
1.49200e+00 5.00000e-01
1.49600e+00 5.00000e-01
1.50000e+00 5.00000e-01
1.50400e+00 5.00000e-01
1.50800e+00 5.00000e-01
1.51200e+00 5.00000e-01
1.51600e+00 5.00000e-01
1.52000e+00 5.00000e-01
1.52400e+00 5.00000e-01
1.52800e+00 5.00000e-01
1.53200e+00 5.00000e-01
1.53600e+00 5.00000e-01
1.54000e+00 5.00000e-01
1.54400e+00 5.00000e-01
1.54800e+00 5.00000e-01
1.55200e+00 5.00000e-01
1.55600e+00 5.00000e-01
1.56000e+00 5.00000e-01
1.56400e+00 5.00000e-01
1.56800e+00 5.00000e-01
1.57200e+00 5.00000e-01
1.57600e+00 5.00000e-01
1.58000e+00 5.00000e-01
1.58400e+00 5.00000e-01
1.58800e+00 5.00000e-01
1.59200e+00 5.00000e-01
1.59600e+00 5.00000e-01
1.60000e+00 5.00000e-01
1.60400e+00 5.00000e-01
1.60800e+00 5.00000e-01
1.61200e+00 5.00000e-01
1.61600e+00 5.00000e-01
1.62000e+00 5.00000e-01
1.62400e+00 5.00000e-01
1.62800e+00 5.00000e-01
1.63200e+00 5.00000e-01
1.63600e+00 5.00000e-01
1.64000e+00 5.00000e-01
1.64400e+00 5.00000e-01
1.64800e+00 5.00000e-01
1.65200e+00 5.00000e-01
1.65600e+00 5.00000e-01
1.66000e+00 5.00000e-01
1.66400e+00 5.00000e-01
1.66800e+00 5.00000e-01
1.67200e+00 5.00000e-01
1.67600e+00 5.00000e-01
1.68000e+00 5.00000e-01
1.68400e+00 5.00000e-01
1.68800e+00 5.00000e-01
1.69200e+00 5.00000e-01
1.69600e+00 5.00000e-01
1.70000e+00 5.00000e-01
1.70400e+00 5.00000e-01
1.70800e+00 5.00000e-01
1.71200e+00 5.00000e-01
1.71600e+00 5.00000e-01
1.72000e+00 5.00000e-01
1.72400e+00 5.00000e-01
1.72800e+00 5.00000e-01
1.73200e+00 5.00000e-01
1.73600e+00 5.00000e-01
1.74000e+00 5.00000e-01
1.74400e+00 5.00000e-01
1.74800e+00 5.00000e-01
1.75200e+00 5.00000e-01
1.75600e+00 5.00000e-01
1.76000e+00 5.00000e-01
1.76400e+00 5.00000e-01
1.76800e+00 5.00000e-01
1.77200e+00 5.00000e-01
1.77600e+00 5.00000e-01
1.78000e+00 5.00000e-01
1.78400e+00 5.00000e-01
1.78800e+00 5.00000e-01
1.79200e+00 5.00000e-01
1.79600e+00 5.00000e-01
1.80000e+00 5.00000e-01
1.80400e+00 5.00000e-01
1.80800e+00 5.00000e-01
1.81200e+00 5.00000e-01
1.81600e+00 5.00000e-01
1.82000e+00 5.00000e-01
1.82400e+00 5.00000e-01
1.82800e+00 5.00000e-01
1.83200e+00 5.00000e-01
1.83600e+00 5.00000e-01
1.84000e+00 5.00000e-01
1.84400e+00 5.00000e-01
1.84800e+00 5.00000e-01
1.85200e+00 5.00000e-01
1.85600e+00 5.00000e-01
1.86000e+00 5.00000e-01
1.86400e+00 5.00000e-01
1.86800e+00 5.00000e-01
1.87200e+00 5.00000e-01
1.87600e+00 5.00000e-01
1.88000e+00 5.00000e-01
1.88400e+00 5.00000e-01
1.88800e+00 5.00000e-01
1.89200e+00 5.00000e-01
1.89600e+00 5.00000e-01
1.90000e+00 5.00000e-01
1.90400e+00 5.00000e-01
1.90800e+00 5.00000e-01
1.91200e+00 5.00000e-01
1.91600e+00 5.00000e-01
1.92000e+00 5.00000e-01
1.92400e+00 5.00000e-01
1.92800e+00 5.00000e-01
1.93200e+00 5.00000e-01
1.93600e+00 5.00000e-01
1.94000e+00 5.00000e-01
1.94400e+00 5.00000e-01
1.94800e+00 5.00000e-01
1.95200e+00 5.00000e-01
1.95600e+00 5.00000e-01
1.96000e+00 5.00000e-01
1.96400e+00 5.00000e-01
1.96800e+00 5.00000e-01
1.97200e+00 5.00000e-01
1.97600e+00 5.00000e-01
1.98000e+00 5.00000e-01
1.98400e+00 5.00000e-01
1.98800e+00 5.00000e-01
1.99200e+00 5.00000e-01
1.99600e+00 5.00000e-01
