0.00000e+00 4.04932e-01
4.00000e-03 4.04933e-01
8.00000e-03 4.04951e-01
1.20000e-02 4.05178e-01
1.60000e-02 4.06738e-01
2.00000e-02 4.13068e-01
2.40000e-02 4.27246e-01
2.80000e-02 4.40484e-01
3.20000e-02 4.44122e-01
3.60000e-02 4.44671e-01
4.00000e-02 4.45159e-01
4.40000e-02 4.46355e-01
4.80000e-02 4.48718e-01
5.20000e-02 4.51269e-01
5.60000e-02 4.52982e-01
6.00000e-02 4.54413e-01
6.40000e-02 4.56678e-01
6.80000e-02 4.61508e-01
7.20000e-02 4.71525e-01
7.60000e-02 4.90061e-01
8.00000e-02 5.17483e-01
8.40000e-02 5.39018e-01
8.80000e-02 5.43765e-01
9.20000e-02 5.43865e-01
9.60000e-02 5.43561e-01
1.00000e-01 5.40914e-01
1.04000e-01 5.29173e-01
1.08000e-01 5.10014e-01
1.12000e-01 5.03023e-01
1.16000e-01 5.02781e-01
1.20000e-01 5.03209e-01
1.24000e-01 5.06014e-01
1.28000e-01 5.15032e-01
1.32000e-01 5.24219e-01
1.36000e-01 5.24912e-01
1.40000e-01 5.19681e-01
1.44000e-01 4.89568e-01
1.48000e-01 4.50390e-01
1.52000e-01 4.42170e-01
1.56000e-01 4.42403e-01
1.60000e-01 4.44952e-01
1.64000e-01 4.52747e-01
1.68000e-01 4.68229e-01
1.72000e-01 4.90371e-01
1.76000e-01 5.06949e-01
1.80000e-01 5.10634e-01
1.84000e-01 5.10760e-01
1.88000e-01 5.10748e-01
1.92000e-01 5.10627e-01
1.96000e-01 5.09957e-01
2.00000e-01 5.07450e-01
2.04000e-01 5.02769e-01
2.08000e-01 5.00214e-01
2.12000e-01 5.00012e-01
2.16000e-01 5.00087e-01
2.20000e-01 5.00747e-01
2.24000e-01 5.03989e-01
2.28000e-01 5.13111e-01
2.32000e-01 5.20209e-01
2.36000e-01 5.20197e-01
2.40000e-01 5.12755e-01
2.44000e-01 4.81544e-01
2.48000e-01 4.52442e-01
2.52000e-01 4.48501e-01
2.56000e-01 4.48956e-01
2.60000e-01 4.51880e-01
2.64000e-01 4.59276e-01
2.68000e-01 4.70705e-01
2.72000e-01 4.83246e-01
2.76000e-01 4.93817e-01
2.80000e-01 5.01480e-01
2.84000e-01 5.07527e-01
2.88000e-01 5.14485e-01
2.92000e-01 5.27009e-01
2.96000e-01 5.49144e-01
3.00000e-01 5.62650e-01
3.04000e-01 5.62368e-01
3.08000e-01 5.44781e-01
3.12000e-01 4.82437e-01
3.16000e-01 4.45681e-01
3.20000e-01 4.43508e-01
3.24000e-01 4.44741e-01
3.28000e-01 4.49781e-01
3.32000e-01 4.58657e-01
3.36000e-01 4.69132e-01
3.40000e-01 4.81007e-01
3.44000e-01 4.96979e-01
3.48000e-01 5.15514e-01
3.52000e-01 5.23410e-01
3.56000e-01 5.23526e-01
3.60000e-01 5.19164e-01
3.64000e-01 4.90324e-01
3.68000e-01 4.40819e-01
3.72000e-01 4.25659e-01
3.76000e-01 4.25430e-01
3.80000e-01 4.26780e-01
3.84000e-01 4.31054e-01
3.88000e-01 4.36752e-01
3.92000e-01 4.40310e-01
3.96000e-01 4.41765e-01
4.00000e-01 4.42679e-01
4.04000e-01 4.43814e-01
4.08000e-01 4.45650e-01
4.12000e-01 4.48495e-01
4.16000e-01 4.52340e-01
4.20000e-01 4.56882e-01
4.24000e-01 4.61860e-01
4.28000e-01 4.67446e-01
4.32000e-01 4.74522e-01
4.36000e-01 4.84870e-01
4.40000e-01 4.99697e-01
4.44000e-01 5.12937e-01
4.48000e-01 5.16920e-01
4.52000e-01 5.17145e-01
4.56000e-01 5.17146e-01
4.60000e-01 5.17146e-01
4.64000e-01 5.17145e-01
4.68000e-01 5.17137e-01
4.72000e-01 5.17104e-01
4.76000e-01 5.16970e-01
4.80000e-01 5.16544e-01
4.84000e-01 5.15708e-01
4.88000e-01 5.14935e-01
4.92000e-01 5.14523e-01
4.96000e-01 5.14089e-01
5.00000e-01 5.12550e-01
5.04000e-01 5.05306e-01
5.08000e-01 4.86614e-01
5.12000e-01 4.73033e-01
5.16000e-01 4.71654e-01
5.20000e-01 4.72128e-01
5.24000e-01 4.73651e-01
5.28000e-01 4.74026e-01
5.32000e-01 4.73237e-01
5.36000e-01 4.67896e-01
5.40000e-01 4.54981e-01
5.44000e-01 4.46148e-01
5.48000e-01 4.45075e-01
5.52000e-01 4.45098e-01
5.56000e-01 4.45343e-01
5.60000e-01 4.46010e-01
5.64000e-01 4.46801e-01
5.68000e-01 4.47256e-01
5.72000e-01 4.47493e-01
5.76000e-01 4.47744e-01
5.80000e-01 4.48200e-01
5.84000e-01 4.49106e-01
5.88000e-01 4.50710e-01
5.92000e-01 4.53103e-01
5.96000e-01 4.56095e-01
6.00000e-01 4.59274e-01
6.04000e-01 4.62265e-01
6.08000e-01 4.64937e-01
6.12000e-01 4.67373e-01
6.16000e-01 4.69731e-01
6.20000e-01 4.72138e-01
6.24000e-01 4.74652e-01
6.28000e-01 4.77250e-01
6.32000e-01 4.79865e-01
6.36000e-01 4.82452e-01
6.40000e-01 4.85060e-01
6.44000e-01 4.87899e-01
6.48000e-01 4.91442e-01
6.52000e-01 4.96700e-01
6.56000e-01 5.05641e-01
6.60000e-01 5.19863e-01
6.64000e-01 5.33100e-01
6.68000e-01 5.37024e-01
6.72000e-01 5.37232e-01
6.76000e-01 5.37233e-01
6.80000e-01 5.37233e-01
6.84000e-01 5.37233e-01
6.88000e-01 5.37232e-01
6.92000e-01 5.37220e-01
6.96000e-01 5.37132e-01
7.00000e-01 5.36557e-01
7.04000e-01 5.33294e-01
7.08000e-01 5.19420e-01
7.12000e-01 4.86710e-01
7.16000e-01 4.55918e-01
7.20000e-01 4.46724e-01
7.24000e-01 4.46045e-01
7.28000e-01 4.46041e-01
7.32000e-01 4.46062e-01
7.36000e-01 4.46198e-01
7.40000e-01 4.46695e-01
7.44000e-01 4.48006e-01
7.48000e-01 4.50673e-01
7.52000e-01 4.55069e-01
7.56000e-01 4.61252e-01
7.60000e-01 4.68955e-01
7.64000e-01 4.77271e-01
7.68000e-01 4.84140e-01
7.72000e-01 4.87854e-01
7.76000e-01 4.89259e-01
7.80000e-01 4.89883e-01
7.84000e-01 4.90385e-01
7.88000e-01 4.91027e-01
7.92000e-01 4.92040e-01
7.96000e-01 4.93815e-01
8.00000e-01 4.97222e-01
8.04000e-01 5.04203e-01
8.08000e-01 5.16935e-01
8.12000e-01 5.29924e-01
8.16000e-01 5.33780e-01
8.20000e-01 5.33892e-01
8.24000e-01 5.33544e-01
8.28000e-01 5.30628e-01
8.32000e-01 5.18472e-01
8.36000e-01 5.00264e-01
8.40000e-01 4.94314e-01
8.44000e-01 4.94166e-01
8.48000e-01 4.94655e-01
8.52000e-01 4.97225e-01
8.56000e-01 5.04027e-01
8.60000e-01 5.12001e-01
8.64000e-01 5.14608e-01
8.68000e-01 5.14749e-01
8.72000e-01 5.14750e-01
8.76000e-01 5.14750e-01
8.80000e-01 5.14751e-01
8.84000e-01 5.14753e-01
8.88000e-01 5.14771e-01
8.92000e-01 5.14872e-01
8.96000e-01 5.15280e-01
9.00000e-01 5.15816e-01
9.04000e-01 5.15878e-01
9.08000e-01 5.15599e-01
9.12000e-01 5.13087e-01
9.16000e-01 5.01122e-01
9.20000e-01 4.78455e-01
9.24000e-01 4.68033e-01
9.28000e-01 4.67416e-01
9.32000e-01 4.67649e-01
9.36000e-01 4.69107e-01
9.40000e-01 4.73842e-01
9.44000e-01 4.84577e-01
9.48000e-01 4.98672e-01
9.52000e-01 5.04988e-01
9.56000e-01 5.05432e-01
9.60000e-01 5.05250e-01
9.64000e-01 5.03521e-01
9.68000e-01 4.95365e-01
9.72000e-01 4.78521e-01
9.76000e-01 4.68983e-01
9.80000e-01 4.68106e-01
9.84000e-01 4.68160e-01
9.88000e-01 4.68598e-01
9.92000e-01 4.69872e-01
9.96000e-01 4.71380e-01
1.00000e+00 4.71961e-01
1.00400e+00 4.72063e-01
1.00800e+00 4.72121e-01
1.01200e+00 4.72240e-01
1.01600e+00 4.72584e-01
1.02000e+00 4.73544e-01
1.02400e+00 4.76065e-01
1.02800e+00 4.82097e-01
1.03200e+00 4.92885e-01
1.03600e+00 5.01702e-01
1.04000e+00 5.03374e-01
1.04400e+00 5.03331e-01
1.04800e+00 5.02489e-01
1.05200e+00 4.97902e-01
1.05600e+00 4.86454e-01
1.06000e+00 4.77994e-01
1.06400e+00 4.76984e-01
1.06800e+00 4.77147e-01
1.07200e+00 4.78418e-01
1.07600e+00 4.82271e-01
1.08000e+00 4.86552e-01
1.08400e+00 4.87545e-01
1.08800e+00 4.87495e-01
1.09200e+00 4.86791e-01
1.09600e+00 4.83587e-01
1.10000e+00 4.76986e-01
1.10400e+00 4.72872e-01
1.10800e+00 4.72426e-01
1.11200e+00 4.72455e-01
1.11600e+00 4.72730e-01
1.12000e+00 4.73895e-01
1.12400e+00 4.77222e-01
1.12800e+00 4.82834e-01
1.13200e+00 4.86436e-01
1.13600e+00 4.86964e-01
1.14000e+00 4.86974e-01
1.14400e+00 4.86974e-01
1.14800e+00 4.86974e-01
1.15200e+00 4.86974e-01
1.15600e+00 4.86974e-01
1.16000e+00 4.86974e-01
1.16400e+00 4.86974e-01
1.16800e+00 4.86975e-01
1.17200e+00 4.86976e-01
1.17600e+00 4.86978e-01
1.18000e+00 4.86985e-01
1.18400e+00 4.86999e-01
1.18800e+00 4.87029e-01
1.19200e+00 4.87090e-01
1.19600e+00 4.87218e-01
1.20000e+00 4.87509e-01
1.20400e+00 4.88235e-01
1.20800e+00 4.90121e-01
1.21200e+00 4.94354e-01
1.21600e+00 4.99867e-01
1.22000e+00 5.02289e-01
1.22400e+00 5.02502e-01
1.22800e+00 5.02506e-01
1.23200e+00 5.02507e-01
1.23600e+00 5.02510e-01
1.24000e+00 5.02521e-01
1.24400e+00 5.02557e-01
1.24800e+00 5.02655e-01
1.25200e+00 5.02894e-01
1.25600e+00 5.03420e-01
1.26000e+00 5.04470e-01
1.26400e+00 5.06357e-01
1.26800e+00 5.09219e-01
1.27200e+00 5.12460e-01
1.27600e+00 5.14878e-01
1.28000e+00 5.16141e-01
1.28400e+00 5.16839e-01
1.28800e+00 5.17458e-01
1.29200e+00 5.18314e-01
1.29600e+00 5.19835e-01
1.30000e+00 5.22924e-01
1.30400e+00 5.29622e-01
1.30800e+00 5.42711e-01
1.31200e+00 5.57861e-01
1.31600e+00 5.63589e-01
1.32000e+00 5.63986e-01
1.32400e+00 5.63989e-01
1.32800e+00 5.63989e-01
1.33200e+00 5.63989e-01
1.33600e+00 5.63989e-01
1.34000e+00 5.63989e-01
1.34400e+00 5.63989e-01
1.34800e+00 5.63987e-01
1.35200e+00 5.63965e-01
1.35600e+00 5.63766e-01
1.36000e+00 5.62116e-01
1.36400e+00 5.51861e-01
1.36800e+00 5.23276e-01
1.37200e+00 5.02609e-01
1.37600e+00 5.00033e-01
1.38000e+00 5.00000e-01
1.38400e+00 5.00000e-01
1.38800e+00 5.00000e-01
1.39200e+00 5.00000e-01
1.39600e+00 5.00000e-01
1.40000e+00 5.00000e-01
1.40400e+00 5.00000e-01
1.40800e+00 5.00000e-01
1.41200e+00 5.00000e-01
1.41600e+00 5.00000e-01
1.42000e+00 5.00000e-01
1.42400e+00 5.00000e-01
1.42800e+00 5.00000e-01
1.43200e+00 5.00000e-01
1.43600e+00 5.00000e-01
1.44000e+00 5.00000e-01
1.44400e+00 5.00000e-01
1.44800e+00 5.00000e-01
1.45200e+00 5.00000e-01
1.45600e+00 5.00000e-01
1.46000e+00 5.00000e-01
1.46400e+00 5.00000e-01
1.46800e+00 5.00000e-01
1.47200e+00 5.00000e-01
1.47600e+00 5.00000e-01
1.48000e+00 5.00000e-01
1.48400e+00 5.00000e-01
1.48800e+00 5.00000e-01
1.49200e+00 5.00000e-01
1.49600e+00 5.00000e-01
1.50000e+00 5.00000e-01
1.50400e+00 5.00000e-01
1.50800e+00 5.00000e-01
1.51200e+00 5.00000e-01
1.51600e+00 5.00000e-01
1.52000e+00 5.00000e-01
1.52400e+00 5.00000e-01
1.52800e+00 5.00000e-01
1.53200e+00 5.00000e-01
1.53600e+00 5.00000e-01
1.54000e+00 5.00000e-01
1.54400e+00 5.00000e-01
1.54800e+00 5.00000e-01
1.55200e+00 5.00000e-01
1.55600e+00 5.00000e-01
1.56000e+00 5.00000e-01
1.56400e+00 5.00000e-01
1.56800e+00 5.00000e-01
1.57200e+00 5.00000e-01
1.57600e+00 5.00000e-01
1.58000e+00 5.00000e-01
1.58400e+00 5.00000e-01
1.58800e+00 5.00000e-01
1.59200e+00 5.00000e-01
1.59600e+00 5.00000e-01
1.60000e+00 5.00000e-01
1.60400e+00 5.00000e-01
1.60800e+00 5.00000e-01
1.61200e+00 5.00000e-01
1.61600e+00 5.00000e-01
1.62000e+00 5.00000e-01
1.62400e+00 5.00000e-01
1.62800e+00 5.00000e-01
1.63200e+00 5.00000e-01
1.63600e+00 5.00000e-01
1.64000e+00 5.00000e-01
1.64400e+00 5.00000e-01
1.64800e+00 5.00000e-01
1.65200e+00 5.00000e-01
1.65600e+00 5.00000e-01
1.66000e+00 5.00000e-01
1.66400e+00 5.00000e-01
1.66800e+00 5.00000e-01
1.67200e+00 5.00000e-01
1.67600e+00 5.00000e-01
1.68000e+00 5.00000e-01
1.68400e+00 5.00000e-01
1.68800e+00 5.00000e-01
1.69200e+00 5.00000e-01
1.69600e+00 5.00000e-01
1.70000e+00 5.00000e-01
1.70400e+00 5.00000e-01
1.70800e+00 5.00000e-01
1.71200e+00 5.00000e-01
1.71600e+00 5.00000e-01
1.72000e+00 5.00000e-01
1.72400e+00 5.00000e-01
1.72800e+00 5.00000e-01
1.73200e+00 5.00000e-01
1.73600e+00 5.00000e-01
1.74000e+00 5.00000e-01
1.74400e+00 5.00000e-01
1.74800e+00 5.00000e-01
1.75200e+00 5.00000e-01
1.75600e+00 5.00000e-01
1.76000e+00 5.00000e-01
1.76400e+00 5.00000e-01
1.76800e+00 5.00000e-01
1.77200e+00 5.00000e-01
1.77600e+00 5.00000e-01
1.78000e+00 5.00000e-01
1.78400e+00 5.00000e-01
1.78800e+00 5.00000e-01
1.79200e+00 5.00000e-01
1.79600e+00 5.00000e-01
1.80000e+00 5.00000e-01
1.80400e+00 5.00000e-01
1.80800e+00 5.00000e-01
1.81200e+00 5.00000e-01
1.81600e+00 5.00000e-01
1.82000e+00 5.00000e-01
1.82400e+00 5.00000e-01
1.82800e+00 5.00000e-01
1.83200e+00 5.00000e-01
1.83600e+00 5.00000e-01
1.84000e+00 5.00000e-01
1.84400e+00 5.00000e-01
1.84800e+00 5.00000e-01
1.85200e+00 5.00000e-01
1.85600e+00 5.00000e-01
1.86000e+00 5.00000e-01
1.86400e+00 5.00000e-01
1.86800e+00 5.00000e-01
1.87200e+00 5.00000e-01
1.87600e+00 5.00000e-01
1.88000e+00 5.00000e-01
1.88400e+00 5.00000e-01
1.88800e+00 5.00000e-01
1.89200e+00 5.00000e-01
1.89600e+00 5.00000e-01
1.90000e+00 5.00000e-01
1.90400e+00 5.00000e-01
1.90800e+00 5.00000e-01
1.91200e+00 5.00000e-01
1.91600e+00 5.00000e-01
1.92000e+00 5.00000e-01
1.92400e+00 5.00000e-01
1.92800e+00 5.00000e-01
1.93200e+00 5.00000e-01
1.93600e+00 5.00000e-01
1.94000e+00 5.00000e-01
1.94400e+00 5.00000e-01
1.94800e+00 5.00000e-01
1.95200e+00 5.00000e-01
1.95600e+00 5.00000e-01
1.96000e+00 5.00000e-01
1.96400e+00 5.00000e-01
1.96800e+00 5.00000e-01
1.97200e+00 5.00000e-01
1.97600e+00 5.00000e-01
1.98000e+00 5.00000e-01
1.98400e+00 5.00000e-01
1.98800e+00 5.00000e-01
1.99200e+00 5.00000e-01
1.99600e+00 5.00000e-01
