0.00000e+00 5.19503e-01
4.00000e-03 5.19503e-01
8.00000e-03 5.19503e-01
1.20000e-02 5.19491e-01
1.60000e-02 5.19319e-01
2.00000e-02 5.17624e-01
2.40000e-02 5.07730e-01
2.80000e-02 4.84878e-01
3.20000e-02 4.72005e-01
3.60000e-02 4.70952e-01
4.00000e-02 4.71079e-01
4.40000e-02 4.72105e-01
4.80000e-02 4.75655e-01
5.20000e-02 4.79916e-01
5.60000e-02 4.80543e-01
6.00000e-02 4.79334e-01
6.40000e-02 4.68916e-01
6.80000e-02 4.36940e-01
7.20000e-02 4.12713e-01
7.60000e-02 4.10168e-01
8.00000e-02 4.10869e-01
8.40000e-02 4.14774e-01
8.80000e-02 4.24234e-01
9.20000e-02 4.36616e-01
9.60000e-02 4.43775e-01
1.00000e-01 4.45387e-01
1.04000e-01 4.45782e-01
1.08000e-01 4.46166e-01
1.12000e-01 4.46915e-01
1.16000e-01 4.48349e-01
1.20000e-01 4.50423e-01
1.24000e-01 4.52622e-01
1.28000e-01 4.54626e-01
1.32000e-01 4.56690e-01
1.36000e-01 4.59404e-01
1.40000e-01 4.63552e-01
1.44000e-01 4.70097e-01
1.48000e-01 4.80403e-01
1.52000e-01 4.96720e-01
1.56000e-01 5.19780e-01
1.60000e-01 5.38541e-01
1.64000e-01 5.43145e-01
1.68000e-01 5.43288e-01
1.72000e-01 5.43156e-01
1.76000e-01 5.41838e-01
1.80000e-01 5.34594e-01
1.84000e-01 5.16935e-01
1.88000e-01 5.05866e-01
1.92000e-01 5.05031e-01
1.96000e-01 5.05736e-01
2.00000e-01 5.09679e-01
2.04000e-01 5.14046e-01
2.08000e-01 5.14108e-01
2.12000e-01 5.08884e-01
2.16000e-01 4.83559e-01
2.20000e-01 4.53047e-01
2.24000e-01 4.46886e-01
2.28000e-01 4.47078e-01
2.32000e-01 4.49156e-01
2.36000e-01 4.55762e-01
2.40000e-01 4.69489e-01
2.44000e-01 4.90091e-01
2.48000e-01 5.06539e-01
2.52000e-01 5.10544e-01
2.56000e-01 5.10706e-01
2.60000e-01 5.10703e-01
2.64000e-01 5.10669e-01
2.68000e-01 5.10454e-01
2.72000e-01 5.09450e-01
2.76000e-01 5.06278e-01
2.80000e-01 5.01969e-01
2.84000e-01 5.00582e-01
2.88000e-01 5.00568e-01
2.92000e-01 5.00913e-01
2.96000e-01 5.02987e-01
3.00000e-01 5.08406e-01
3.04000e-01 5.11439e-01
3.08000e-01 5.11044e-01
3.12000e-01 5.04734e-01
3.16000e-01 4.80310e-01
3.20000e-01 4.56234e-01
3.24000e-01 4.52366e-01
3.28000e-01 4.52579e-01
3.32000e-01 4.54353e-01
3.36000e-01 4.59551e-01
3.40000e-01 4.68894e-01
3.44000e-01 4.80844e-01
3.48000e-01 4.91970e-01
3.52000e-01 4.99547e-01
3.56000e-01 5.04116e-01
3.60000e-01 5.07980e-01
3.64000e-01 5.14095e-01
3.68000e-01 5.27112e-01
3.72000e-01 5.42052e-01
3.76000e-01 5.44599e-01
3.80000e-01 5.40818e-01
3.84000e-01 5.11369e-01
3.88000e-01 4.62988e-01
3.92000e-01 4.49980e-01
3.96000e-01 4.49945e-01
4.00000e-01 4.51742e-01
4.04000e-01 4.57092e-01
4.08000e-01 4.66347e-01
4.12000e-01 4.80084e-01
4.16000e-01 4.99305e-01
4.20000e-01 5.14634e-01
4.24000e-01 5.17202e-01
4.28000e-01 5.16162e-01
4.32000e-01 5.04366e-01
4.36000e-01 4.63888e-01
4.40000e-01 4.32884e-01
4.44000e-01 4.29531e-01
4.48000e-01 4.29955e-01
4.52000e-01 4.32392e-01
4.56000e-01 4.37268e-01
4.60000e-01 4.41435e-01
4.64000e-01 4.43169e-01
4.68000e-01 4.43935e-01
4.72000e-01 4.44702e-01
4.76000e-01 4.45961e-01
4.80000e-01 4.48116e-01
4.84000e-01 4.51338e-01
4.88000e-01 4.55400e-01
4.92000e-01 4.59830e-01
4.96000e-01 4.64324e-01
5.00000e-01 4.69056e-01
5.04000e-01 4.74803e-01
5.08000e-01 4.83130e-01
5.12000e-01 4.95915e-01
5.16000e-01 5.10160e-01
5.20000e-01 5.16511e-01
5.24000e-01 5.17138e-01
5.28000e-01 5.17146e-01
5.32000e-01 5.17146e-01
5.36000e-01 5.17145e-01
5.40000e-01 5.17144e-01
5.44000e-01 5.17139e-01
5.48000e-01 5.17119e-01
5.52000e-01 5.17047e-01
5.56000e-01 5.16838e-01
5.60000e-01 5.16423e-01
5.64000e-01 5.15865e-01
5.68000e-01 5.15114e-01
5.72000e-01 5.13319e-01
5.76000e-01 5.06880e-01
5.80000e-01 4.90557e-01
5.84000e-01 4.75985e-01
5.88000e-01 4.73034e-01
5.92000e-01 4.72804e-01
5.96000e-01 4.72589e-01
6.00000e-01 4.71664e-01
6.04000e-01 4.67595e-01
6.08000e-01 4.57103e-01
6.12000e-01 4.47421e-01
6.16000e-01 4.45461e-01
6.20000e-01 4.45430e-01
6.24000e-01 4.45514e-01
6.28000e-01 4.45869e-01
6.32000e-01 4.46560e-01
6.36000e-01 4.47256e-01
6.40000e-01 4.47692e-01
6.44000e-01 4.48000e-01
6.48000e-01 4.48381e-01
6.52000e-01 4.49054e-01
6.56000e-01 4.50287e-01
6.60000e-01 4.52309e-01
6.64000e-01 4.55130e-01
6.68000e-01 4.58431e-01
6.72000e-01 4.61689e-01
6.76000e-01 4.64522e-01
6.80000e-01 4.66886e-01
6.84000e-01 4.68960e-01
6.88000e-01 4.70961e-01
6.92000e-01 4.73047e-01
6.96000e-01 4.75290e-01
7.00000e-01 4.77669e-01
7.04000e-01 4.80094e-01
7.08000e-01 4.82461e-01
7.12000e-01 4.84731e-01
7.16000e-01 4.86982e-01
7.20000e-01 4.89431e-01
7.24000e-01 4.92526e-01
7.28000e-01 4.97193e-01
7.32000e-01 5.05306e-01
7.36000e-01 5.18770e-01
7.40000e-01 5.32383e-01
7.44000e-01 5.36947e-01
7.48000e-01 5.37231e-01
7.52000e-01 5.37233e-01
7.56000e-01 5.37233e-01
7.60000e-01 5.37233e-01
7.64000e-01 5.37232e-01
7.68000e-01 5.37218e-01
7.72000e-01 5.37093e-01
7.76000e-01 5.35913e-01
7.80000e-01 5.26746e-01
7.84000e-01 4.91010e-01
7.88000e-01 4.53451e-01
7.92000e-01 4.46261e-01
7.96000e-01 4.46115e-01
8.00000e-01 4.46137e-01
8.04000e-01 4.46273e-01
8.08000e-01 4.46703e-01
8.12000e-01 4.47719e-01
8.16000e-01 4.49689e-01
8.20000e-01 4.52938e-01
8.24000e-01 4.57648e-01
8.28000e-01 4.63965e-01
8.32000e-01 4.72054e-01
8.36000e-01 4.81069e-01
8.40000e-01 4.87595e-01
8.44000e-01 4.89781e-01
8.48000e-01 4.90169e-01
8.52000e-01 4.90306e-01
8.56000e-01 4.90454e-01
8.60000e-01 4.90716e-01
8.64000e-01 4.91208e-01
8.68000e-01 4.92110e-01
8.72000e-01 4.93782e-01
8.76000e-01 4.97074e-01
8.80000e-01 5.03906e-01
8.84000e-01 5.16423e-01
8.88000e-01 5.29161e-01
8.92000e-01 5.32926e-01
8.96000e-01 5.33038e-01
9.00000e-01 5.32728e-01
9.04000e-01 5.30133e-01
9.08000e-01 5.19154e-01
9.12000e-01 5.01911e-01
9.16000e-01 4.95819e-01
9.20000e-01 4.95628e-01
9.24000e-01 4.96036e-01
9.28000e-01 4.98291e-01
9.32000e-01 5.04473e-01
9.36000e-01 5.12011e-01
9.40000e-01 5.14599e-01
9.44000e-01 5.14750e-01
9.48000e-01 5.14751e-01
9.52000e-01 5.14751e-01
9.56000e-01 5.14753e-01
9.60000e-01 5.14764e-01
9.64000e-01 5.14827e-01
9.68000e-01 5.15060e-01
9.72000e-01 5.15306e-01
9.76000e-01 5.15317e-01
9.80000e-01 5.15109e-01
9.84000e-01 5.13347e-01
9.88000e-01 5.04337e-01
9.92000e-01 4.83334e-01
9.96000e-01 4.70027e-01
1.00000e+00 4.68696e-01
1.00400e+00 4.68821e-01
1.00800e+00 4.69817e-01
1.01200e+00 4.73436e-01
1.01600e+00 4.82425e-01
1.02000e+00 4.96012e-01
1.02400e+00 5.03667e-01
1.02800e+00 5.04458e-01
1.03200e+00 5.04327e-01
1.03600e+00 5.02932e-01
1.04000e+00 4.95959e-01
1.04400e+00 4.80159e-01
1.04800e+00 4.69846e-01
1.05200e+00 4.68671e-01
1.05600e+00 4.68702e-01
1.06000e+00 4.69031e-01
1.06400e+00 4.70083e-01
1.06800e+00 4.71478e-01
1.07200e+00 4.72095e-01
1.07600e+00 4.72207e-01
1.08000e+00 4.72261e-01
1.08400e+00 4.72364e-01
1.08800e+00 4.72661e-01
1.09200e+00 4.73506e-01
1.09600e+00 4.75755e-01
1.10000e+00 4.81228e-01
1.10400e+00 4.91384e-01
1.10800e+00 5.00398e-01
1.11200e+00 5.02400e-01
1.11600e+00 5.02399e-01
1.12000e+00 5.01856e-01
1.12400e+00 4.98620e-01
1.12800e+00 4.89166e-01
1.13200e+00 4.80002e-01
1.13600e+00 4.78315e-01
1.14000e+00 4.78386e-01
1.14400e+00 4.79220e-01
1.14800e+00 4.82099e-01
1.15200e+00 4.85690e-01
1.15600e+00 4.86625e-01
1.16000e+00 4.86577e-01
1.16400e+00 4.85886e-01
1.16800e+00 4.82798e-01
1.17200e+00 4.76686e-01
1.17600e+00 4.73102e-01
1.18000e+00 4.72750e-01
1.18400e+00 4.72783e-01
1.18800e+00 4.73073e-01
1.19200e+00 4.74277e-01
1.19600e+00 4.77658e-01
1.20000e+00 4.83176e-01
1.20400e+00 4.86517e-01
1.20800e+00 4.86966e-01
1.21200e+00 4.86974e-01
1.21600e+00 4.86974e-01
1.22000e+00 4.86974e-01
1.22400e+00 4.86974e-01
1.22800e+00 4.86974e-01
1.23200e+00 4.86974e-01
1.23600e+00 4.86974e-01
1.24000e+00 4.86974e-01
1.24400e+00 4.86975e-01
1.24800e+00 4.86976e-01
1.25200e+00 4.86980e-01
1.25600e+00 4.86987e-01
1.26000e+00 4.87004e-01
1.26400e+00 4.87039e-01
1.26800e+00 4.87115e-01
1.27200e+00 4.87296e-01
1.27600e+00 4.87766e-01
1.28000e+00 4.89052e-01
1.28400e+00 4.92293e-01
1.28800e+00 4.97870e-01
1.29200e+00 5.01820e-01
1.29600e+00 5.02492e-01
1.30000e+00 5.02509e-01
1.30400e+00 5.02509e-01
1.30800e+00 5.02510e-01
1.31200e+00 5.02512e-01
1.31600e+00 5.02521e-01
1.32000e+00 5.02546e-01
1.32400e+00 5.02614e-01
1.32800e+00 5.02781e-01
1.33200e+00 5.03157e-01
1.33600e+00 5.03948e-01
1.34000e+00 5.05522e-01
1.34400e+00 5.08348e-01
1.34800e+00 5.12277e-01
1.35200e+00 5.15538e-01
1.35600e+00 5.16899e-01
1.36000e+00 5.17318e-01
1.36400e+00 5.17569e-01
1.36800e+00 5.17897e-01
1.37200e+00 5.18506e-01
1.37600e+00 5.19750e-01
1.38000e+00 5.22415e-01
1.38400e+00 5.28331e-01
1.38800e+00 5.40413e-01
1.39200e+00 5.56095e-01
1.39600e+00 5.63320e-01
1.40000e+00 5.63983e-01
1.40400e+00 5.63989e-01
1.40800e+00 5.63989e-01
1.41200e+00 5.63989e-01
1.41600e+00 5.63989e-01
1.42000e+00 5.63989e-01
1.42400e+00 5.63989e-01
1.42800e+00 5.63984e-01
1.43200e+00 5.63938e-01
1.43600e+00 5.63540e-01
1.44000e+00 5.60407e-01
1.44400e+00 5.44337e-01
1.44800e+00 5.13889e-01
1.45200e+00 5.00836e-01
1.45600e+00 5.00004e-01
1.46000e+00 5.00000e-01
1.46400e+00 5.00000e-01
1.46800e+00 5.00000e-01
1.47200e+00 5.00000e-01
1.47600e+00 5.00000e-01
1.48000e+00 5.00000e-01
1.48400e+00 5.00000e-01
1.48800e+00 5.00000e-01
1.49200e+00 5.00000e-01
1.49600e+00 5.00000e-01
1.50000e+00 5.00000e-01
1.50400e+00 5.00000e-01
1.50800e+00 5.00000e-01
1.51200e+00 5.00000e-01
1.51600e+00 5.00000e-01
1.52000e+00 5.00000e-01
1.52400e+00 5.00000e-01
1.52800e+00 5.00000e-01
1.53200e+00 5.00000e-01
1.53600e+00 5.00000e-01
1.54000e+00 5.00000e-01
1.54400e+00 5.00000e-01
1.54800e+00 5.00000e-01
1.55200e+00 5.00000e-01
1.55600e+00 5.00000e-01
1.56000e+00 5.00000e-01
1.56400e+00 5.00000e-01
1.56800e+00 5.00000e-01
1.57200e+00 5.00000e-01
1.57600e+00 5.00000e-01
1.58000e+00 5.00000e-01
1.58400e+00 5.00000e-01
1.58800e+00 5.00000e-01
1.59200e+00 5.00000e-01
1.59600e+00 5.00000e-01
1.60000e+00 5.00000e-01
1.60400e+00 5.00000e-01
1.60800e+00 5.00000e-01
1.61200e+00 5.00000e-01
1.61600e+00 5.00000e-01
1.62000e+00 5.00000e-01
1.62400e+00 5.00000e-01
1.62800e+00 5.00000e-01
1.63200e+00 5.00000e-01
1.63600e+00 5.00000e-01
1.64000e+00 5.00000e-01
1.64400e+00 5.00000e-01
1.64800e+00 5.00000e-01
1.65200e+00 5.00000e-01
1.65600e+00 5.00000e-01
1.66000e+00 5.00000e-01
1.66400e+00 5.00000e-01
1.66800e+00 5.00000e-01
1.67200e+00 5.00000e-01
1.67600e+00 5.00000e-01
1.68000e+00 5.00000e-01
1.68400e+00 5.00000e-01
1.68800e+00 5.00000e-01
1.69200e+00 5.00000e-01
1.69600e+00 5.00000e-01
1.70000e+00 5.00000e-01
1.70400e+00 5.00000e-01
1.70800e+00 5.00000e-01
1.71200e+00 5.00000e-01
1.71600e+00 5.00000e-01
1.72000e+00 5.00000e-01
1.72400e+00 5.00000e-01
1.72800e+00 5.00000e-01
1.73200e+00 5.00000e-01
1.73600e+00 5.00000e-01
1.74000e+00 5.00000e-01
1.74400e+00 5.00000e-01
1.74800e+00 5.00000e-01
1.75200e+00 5.00000e-01
1.75600e+00 5.00000e-01
1.76000e+00 5.00000e-01
1.76400e+00 5.00000e-01
1.76800e+00 5.00000e-01
1.77200e+00 5.00000e-01
1.77600e+00 5.00000e-01
1.78000e+00 5.00000e-01
1.78400e+00 5.00000e-01
1.78800e+00 5.00000e-01
1.79200e+00 5.00000e-01
1.79600e+00 5.00000e-01
1.80000e+00 5.00000e-01
1.80400e+00 5.00000e-01
1.80800e+00 5.00000e-01
1.81200e+00 5.00000e-01
1.81600e+00 5.00000e-01
1.82000e+00 5.00000e-01
1.82400e+00 5.00000e-01
1.82800e+00 5.00000e-01
1.83200e+00 5.00000e-01
1.83600e+00 5.00000e-01
1.84000e+00 5.00000e-01
1.84400e+00 5.00000e-01
1.84800e+00 5.00000e-01
1.85200e+00 5.00000e-01
1.85600e+00 5.00000e-01
1.86000e+00 5.00000e-01
1.86400e+00 5.00000e-01
1.86800e+00 5.00000e-01
1.87200e+00 5.00000e-01
1.87600e+00 5.00000e-01
1.88000e+00 5.00000e-01
1.88400e+00 5.00000e-01
1.88800e+00 5.00000e-01
1.89200e+00 5.00000e-01
1.89600e+00 5.00000e-01
1.90000e+00 5.00000e-01
1.90400e+00 5.00000e-01
1.90800e+00 5.00000e-01
1.91200e+00 5.00000e-01
1.91600e+00 5.00000e-01
1.92000e+00 5.00000e-01
1.92400e+00 5.00000e-01
1.92800e+00 5.00000e-01
1.93200e+00 5.00000e-01
1.93600e+00 5.00000e-01
1.94000e+00 5.00000e-01
1.94400e+00 5.00000e-01
1.94800e+00 5.00000e-01
1.95200e+00 5.00000e-01
1.95600e+00 5.00000e-01
1.96000e+00 5.00000e-01
1.96400e+00 5.00000e-01
1.96800e+00 5.00000e-01
1.97200e+00 5.00000e-01
1.97600e+00 5.00000e-01
1.98000e+00 5.00000e-01
1.98400e+00 5.00000e-01
1.98800e+00 5.00000e-01
1.99200e+00 5.00000e-01
1.99600e+00 5.00000e-01
