0.00000e+00 4.13884e-01
4.00000e-03 4.13885e-01
8.00000e-03 4.13913e-01
1.20000e-02 4.14262e-01
1.60000e-02 4.16619e-01
2.00000e-02 4.26135e-01
2.40000e-02 4.50718e-01
2.80000e-02 4.89569e-01
3.20000e-02 5.15296e-01
3.60000e-02 5.19066e-01
4.00000e-02 5.19004e-01
4.40000e-02 5.17609e-01
4.80000e-02 5.09250e-01
5.20000e-02 4.87875e-01
5.60000e-02 4.73030e-01
6.00000e-02 4.71371e-01
6.40000e-02 4.71516e-01
6.80000e-02 4.72800e-01
7.20000e-02 4.76555e-01
7.60000e-02 4.79012e-01
8.00000e-02 4.78843e-01
8.40000e-02 4.74813e-01
8.80000e-02 4.54133e-01
9.20000e-02 4.21785e-01
9.60000e-02 4.11925e-01
1.00000e-01 4.11893e-01
1.04000e-01 4.13720e-01
1.08000e-01 4.19962e-01
1.12000e-01 4.31286e-01
1.16000e-01 4.41629e-01
1.20000e-01 4.45263e-01
1.24000e-01 4.45867e-01
1.28000e-01 4.46126e-01
1.32000e-01 4.46516e-01
1.36000e-01 4.47342e-01
1.40000e-01 4.48857e-01
1.44000e-01 4.50957e-01
1.48000e-01 4.53175e-01
1.52000e-01 4.55252e-01
1.56000e-01 4.57409e-01
1.60000e-01 4.60145e-01
1.64000e-01 4.64088e-01
1.68000e-01 4.69960e-01
1.72000e-01 4.78755e-01
1.76000e-01 4.92304e-01
1.80000e-01 5.12650e-01
1.84000e-01 5.34012e-01
1.88000e-01 5.42513e-01
1.92000e-01 5.43154e-01
1.96000e-01 5.43116e-01
2.00000e-01 5.42584e-01
2.04000e-01 5.38934e-01
2.08000e-01 5.25500e-01
2.12000e-01 5.09557e-01
2.16000e-01 5.06230e-01
2.20000e-01 5.06525e-01
2.24000e-01 5.08932e-01
2.28000e-01 5.11560e-01
2.32000e-01 5.11368e-01
2.36000e-01 5.05844e-01
2.40000e-01 4.81382e-01
2.44000e-01 4.53522e-01
2.48000e-01 4.48177e-01
2.52000e-01 4.48369e-01
2.56000e-01 4.50318e-01
2.60000e-01 4.56552e-01
2.64000e-01 4.69675e-01
2.68000e-01 4.89751e-01
2.72000e-01 5.06291e-01
2.76000e-01 5.10512e-01
2.80000e-01 5.10696e-01
2.84000e-01 5.10695e-01
2.88000e-01 5.10672e-01
2.92000e-01 5.10525e-01
2.96000e-01 5.09804e-01
3.00000e-01 5.07252e-01
3.04000e-01 5.02883e-01
3.08000e-01 5.00885e-01
3.12000e-01 5.00804e-01
3.16000e-01 5.01077e-01
3.20000e-01 5.02873e-01
3.24000e-01 5.07318e-01
3.28000e-01 5.09405e-01
3.32000e-01 5.08904e-01
3.36000e-01 5.02617e-01
3.40000e-01 4.79405e-01
3.44000e-01 4.56947e-01
3.48000e-01 4.53332e-01
3.52000e-01 4.53508e-01
3.56000e-01 4.55050e-01
3.60000e-01 4.59710e-01
3.64000e-01 4.68405e-01
3.68000e-01 4.80048e-01
3.72000e-01 4.91377e-01
3.76000e-01 4.99173e-01
3.80000e-01 5.03597e-01
3.84000e-01 5.06986e-01
3.88000e-01 5.12048e-01
3.92000e-01 5.22982e-01
3.96000e-01 5.36908e-01
4.00000e-01 5.40027e-01
4.04000e-01 5.37605e-01
4.08000e-01 5.15509e-01
4.12000e-01 4.69292e-01
4.16000e-01 4.51947e-01
4.20000e-01 4.51476e-01
4.24000e-01 4.52604e-01
4.28000e-01 4.56850e-01
4.32000e-01 4.65493e-01
4.36000e-01 4.80011e-01
4.40000e-01 5.00313e-01
4.44000e-01 5.13675e-01
4.48000e-01 5.15071e-01
4.52000e-01 5.13401e-01
4.56000e-01 4.98125e-01
4.60000e-01 4.56599e-01
4.64000e-01 4.32540e-01
4.68000e-01 4.30828e-01
4.72000e-01 4.31403e-01
4.76000e-01 4.34154e-01
4.80000e-01 4.38955e-01
4.84000e-01 4.42502e-01
4.88000e-01 4.43857e-01
4.92000e-01 4.44525e-01
4.96000e-01 4.45296e-01
5.00000e-01 4.46629e-01
5.04000e-01 4.48911e-01
5.08000e-01 4.52260e-01
5.12000e-01 4.56381e-01
5.16000e-01 4.60759e-01
5.20000e-01 4.65087e-01
5.24000e-01 4.69549e-01
5.28000e-01 4.74887e-01
5.32000e-01 4.82582e-01
5.36000e-01 4.94607e-01
5.40000e-01 5.08957e-01
5.44000e-01 5.16259e-01
5.48000e-01 5.17132e-01
5.52000e-01 5.17145e-01
5.56000e-01 5.17145e-01
5.60000e-01 5.17145e-01
5.64000e-01 5.17145e-01
5.68000e-01 5.17142e-01
5.72000e-01 5.17132e-01
5.76000e-01 5.17094e-01
5.80000e-01 5.16981e-01
5.84000e-01 5.16736e-01
5.88000e-01 5.16341e-01
5.92000e-01 5.15697e-01
5.96000e-01 5.14027e-01
6.00000e-01 5.08013e-01
6.04000e-01 4.92264e-01
6.08000e-01 4.76798e-01
6.12000e-01 4.73008e-01
6.16000e-01 4.72575e-01
6.20000e-01 4.72162e-01
6.24000e-01 4.70609e-01
6.28000e-01 4.64796e-01
6.32000e-01 4.53362e-01
6.36000e-01 4.46327e-01
6.40000e-01 4.45510e-01
6.44000e-01 4.45516e-01
6.48000e-01 4.45633e-01
6.52000e-01 4.46034e-01
6.56000e-01 4.46740e-01
6.60000e-01 4.47418e-01
6.64000e-01 4.47857e-01
6.68000e-01 4.48194e-01
6.72000e-01 4.48627e-01
6.76000e-01 4.49383e-01
6.80000e-01 4.50734e-01
6.84000e-01 4.52898e-01
6.88000e-01 4.55854e-01
6.92000e-01 4.59239e-01
6.96000e-01 4.62494e-01
7.00000e-01 4.65245e-01
7.04000e-01 4.67486e-01
7.08000e-01 4.69432e-01
7.12000e-01 4.71314e-01
7.16000e-01 4.73297e-01
7.20000e-01 4.75459e-01
7.24000e-01 4.77780e-01
7.28000e-01 4.80163e-01
7.32000e-01 4.82487e-01
7.36000e-01 4.84691e-01
7.40000e-01 4.86820e-01
7.44000e-01 4.89049e-01
7.48000e-01 4.91725e-01
7.52000e-01 4.95548e-01
7.56000e-01 5.01992e-01
7.60000e-01 5.13363e-01
7.64000e-01 5.28199e-01
7.68000e-01 5.36223e-01
7.72000e-01 5.37218e-01
7.76000e-01 5.37233e-01
7.80000e-01 5.37233e-01
7.84000e-01 5.37233e-01
7.88000e-01 5.37232e-01
7.92000e-01 5.37221e-01
7.96000e-01 5.37109e-01
8.00000e-01 5.36032e-01
8.04000e-01 5.27487e-01
8.08000e-01 4.92804e-01
8.12000e-01 4.54237e-01
8.16000e-01 4.46341e-01
8.20000e-01 4.46168e-01
8.24000e-01 4.46198e-01
8.28000e-01 4.46378e-01
8.32000e-01 4.46918e-01
8.36000e-01 4.48119e-01
8.40000e-01 4.50303e-01
8.44000e-01 4.53709e-01
8.48000e-01 4.58481e-01
8.52000e-01 4.64882e-01
8.56000e-01 4.73301e-01
8.60000e-01 4.82663e-01
8.64000e-01 4.88653e-01
8.68000e-01 4.90120e-01
8.72000e-01 4.90296e-01
8.76000e-01 4.90363e-01
8.80000e-01 4.90455e-01
8.84000e-01 4.90642e-01
8.88000e-01 4.91024e-01
8.92000e-01 4.91746e-01
8.96000e-01 4.93085e-01
9.00000e-01 4.95669e-01
9.04000e-01 5.01001e-01
9.08000e-01 5.11567e-01
9.12000e-01 5.25537e-01
9.16000e-01 5.32231e-01
9.20000e-01 5.32782e-01
9.24000e-01 5.32661e-01
9.28000e-01 5.31337e-01
9.32000e-01 5.24246e-01
9.36000e-01 5.07588e-01
9.40000e-01 4.97064e-01
9.44000e-01 4.96070e-01
9.48000e-01 4.96241e-01
9.52000e-01 4.97565e-01
9.56000e-01 5.02124e-01
9.60000e-01 5.09862e-01
9.64000e-01 5.14241e-01
9.68000e-01 5.14744e-01
9.72000e-01 5.14751e-01
9.76000e-01 5.14752e-01
9.80000e-01 5.14753e-01
9.84000e-01 5.14763e-01
9.88000e-01 5.14817e-01
9.92000e-01 5.15010e-01
9.96000e-01 5.15195e-01
1.00000e+00 5.15200e-01
1.00400e+00 5.15010e-01
1.00800e+00 5.13445e-01
1.01200e+00 5.05275e-01
1.01600e+00 4.84986e-01
1.02000e+00 4.70764e-01
1.02400e+00 4.69103e-01
1.02800e+00 4.69200e-01
1.03200e+00 4.70073e-01
1.03600e+00 4.73372e-01
1.04000e+00 4.81809e-01
1.04400e+00 4.95127e-01
1.04800e+00 5.03185e-01
1.05200e+00 5.04118e-01
1.05600e+00 5.04003e-01
1.06000e+00 5.02710e-01
1.06400e+00 4.96114e-01
1.06800e+00 4.80697e-01
1.07200e+00 4.70138e-01
1.07600e+00 4.68846e-01
1.08000e+00 4.68869e-01
1.08400e+00 4.69166e-01
1.08800e+00 4.70149e-01
1.09200e+00 4.71505e-01
1.09600e+00 4.72135e-01
1.10000e+00 4.72253e-01
1.10400e+00 4.72306e-01
1.10800e+00 4.72404e-01
1.11200e+00 4.72688e-01
1.11600e+00 4.73499e-01
1.12000e+00 4.75667e-01
1.12400e+00 4.80970e-01
1.12800e+00 4.90924e-01
1.13200e+00 4.99995e-01
1.13600e+00 5.02112e-01
1.14000e+00 5.02123e-01
1.14400e+00 5.01656e-01
1.14800e+00 4.98786e-01
1.15200e+00 4.89987e-01
1.15600e+00 4.80690e-01
1.16000e+00 4.78733e-01
1.16400e+00 4.78777e-01
1.16800e+00 4.79492e-01
1.17200e+00 4.82077e-01
1.17600e+00 4.85419e-01
1.18000e+00 4.86318e-01
1.18400e+00 4.86270e-01
1.18800e+00 4.85585e-01
1.19200e+00 4.82543e-01
1.19600e+00 4.76598e-01
1.20000e+00 4.73181e-01
1.20400e+00 4.72855e-01
1.20800e+00 4.72890e-01
1.21200e+00 4.73185e-01
1.21600e+00 4.74400e-01
1.22000e+00 4.77796e-01
1.22400e+00 4.83281e-01
1.22800e+00 4.86540e-01
1.23200e+00 4.86967e-01
1.23600e+00 4.86974e-01
1.24000e+00 4.86974e-01
1.24400e+00 4.86974e-01
1.24800e+00 4.86974e-01
1.25200e+00 4.86974e-01
1.25600e+00 4.86974e-01
1.26000e+00 4.86974e-01
1.26400e+00 4.86974e-01
1.26800e+00 4.86975e-01
1.27200e+00 4.86976e-01
1.27600e+00 4.86979e-01
1.28000e+00 4.86985e-01
1.28400e+00 4.86998e-01
1.28800e+00 4.87027e-01
1.29200e+00 4.87091e-01
1.29600e+00 4.87246e-01
1.30000e+00 4.87651e-01
1.30400e+00 4.88771e-01
1.30800e+00 4.91683e-01
1.31200e+00 4.97099e-01
1.31600e+00 5.01543e-01
1.32000e+00 5.02479e-01
1.32400e+00 5.02509e-01
1.32800e+00 5.02510e-01
1.33200e+00 5.02510e-01
1.33600e+00 5.02512e-01
1.34000e+00 5.02517e-01
1.34400e+00 5.02533e-01
1.34800e+00 5.02577e-01
1.35200e+00 5.02688e-01
1.35600e+00 5.02945e-01
1.36000e+00 5.03503e-01
1.36400e+00 5.04666e-01
1.36800e+00 5.06958e-01
1.37200e+00 5.10768e-01
1.37600e+00 5.14846e-01
1.38000e+00 5.16897e-01
1.38400e+00 5.17402e-01
1.38800e+00 5.17580e-01
1.39200e+00 5.17765e-01
1.39600e+00 5.18104e-01
1.40000e+00 5.18813e-01
1.40400e+00 5.20325e-01
1.40800e+00 5.23643e-01
1.41200e+00 5.31017e-01
1.41600e+00 5.44966e-01
1.42000e+00 5.59325e-01
1.42400e+00 5.63757e-01
1.42800e+00 5.63988e-01
1.43200e+00 5.63989e-01
1.43600e+00 5.63989e-01
1.44000e+00 5.63989e-01
1.44400e+00 5.63989e-01
1.44800e+00 5.63989e-01
1.45200e+00 5.63988e-01
1.45600e+00 5.63974e-01
1.46000e+00 5.63856e-01
1.46400e+00 5.62840e-01
1.46800e+00 5.55839e-01
1.47200e+00 5.30914e-01
1.47600e+00 5.05171e-01
1.48000e+00 5.00116e-01
1.48400e+00 5.00000e-01
1.48800e+00 5.00000e-01
1.49200e+00 5.00000e-01
1.49600e+00 5.00000e-01
1.50000e+00 5.00000e-01
1.50400e+00 5.00000e-01
1.50800e+00 5.00000e-01
1.51200e+00 5.00000e-01
1.51600e+00 5.00000e-01
1.52000e+00 5.00000e-01
1.52400e+00 5.00000e-01
1.52800e+00 5.00000e-01
1.53200e+00 5.00000e-01
1.53600e+00 5.00000e-01
1.54000e+00 5.00000e-01
1.54400e+00 5.00000e-01
1.54800e+00 5.00000e-01
1.55200e+00 5.00000e-01
1.55600e+00 5.00000e-01
1.56000e+00 5.00000e-01
1.56400e+00 5.00000e-01
1.56800e+00 5.00000e-01
1.57200e+00 5.00000e-01
1.57600e+00 5.00000e-01
1.58000e+00 5.00000e-01
1.58400e+00 5.00000e-01
1.58800e+00 5.00000e-01
1.59200e+00 5.00000e-01
1.59600e+00 5.00000e-01
1.60000e+00 5.00000e-01
1.60400e+00 5.00000e-01
1.60800e+00 5.00000e-01
1.61200e+00 5.00000e-01
1.61600e+00 5.00000e-01
1.62000e+00 5.00000e-01
1.62400e+00 5.00000e-01
1.62800e+00 5.00000e-01
1.63200e+00 5.00000e-01
1.63600e+00 5.00000e-01
1.64000e+00 5.00000e-01
1.64400e+00 5.00000e-01
1.64800e+00 5.00000e-01
1.65200e+00 5.00000e-01
1.65600e+00 5.00000e-01
1.66000e+00 5.00000e-01
1.66400e+00 5.00000e-01
1.66800e+00 5.00000e-01
1.67200e+00 5.00000e-01
1.67600e+00 5.00000e-01
1.68000e+00 5.00000e-01
1.68400e+00 5.00000e-01
1.68800e+00 5.00000e-01
1.69200e+00 5.00000e-01
1.69600e+00 5.00000e-01
1.70000e+00 5.00000e-01
1.70400e+00 5.00000e-01
1.70800e+00 5.00000e-01
1.71200e+00 5.00000e-01
1.71600e+00 5.00000e-01
1.72000e+00 5.00000e-01
1.72400e+00 5.00000e-01
1.72800e+00 5.00000e-01
1.73200e+00 5.00000e-01
1.73600e+00 5.00000e-01
1.74000e+00 5.00000e-01
1.74400e+00 5.00000e-01
1.74800e+00 5.00000e-01
1.75200e+00 5.00000e-01
1.75600e+00 5.00000e-01
1.76000e+00 5.00000e-01
1.76400e+00 5.00000e-01
1.76800e+00 5.00000e-01
1.77200e+00 5.00000e-01
1.77600e+00 5.00000e-01
1.78000e+00 5.00000e-01
1.78400e+00 5.00000e-01
1.78800e+00 5.00000e-01
1.79200e+00 5.00000e-01
1.79600e+00 5.00000e-01
1.80000e+00 5.00000e-01
1.80400e+00 5.00000e-01
1.80800e+00 5.00000e-01
1.81200e+00 5.00000e-01
1.81600e+00 5.00000e-01
1.82000e+00 5.00000e-01
1.82400e+00 5.00000e-01
1.82800e+00 5.00000e-01
1.83200e+00 5.00000e-01
1.83600e+00 5.00000e-01
1.84000e+00 5.00000e-01
1.84400e+00 5.00000e-01
1.84800e+00 5.00000e-01
1.85200e+00 5.00000e-01
1.85600e+00 5.00000e-01
1.86000e+00 5.00000e-01
1.86400e+00 5.00000e-01
1.86800e+00 5.00000e-01
1.87200e+00 5.00000e-01
1.87600e+00 5.00000e-01
1.88000e+00 5.00000e-01
1.88400e+00 5.00000e-01
1.88800e+00 5.00000e-01
1.89200e+00 5.00000e-01
1.89600e+00 5.00000e-01
1.90000e+00 5.00000e-01
1.90400e+00 5.00000e-01
1.90800e+00 5.00000e-01
1.91200e+00 5.00000e-01
1.91600e+00 5.00000e-01
1.92000e+00 5.00000e-01
1.92400e+00 5.00000e-01
1.92800e+00 5.00000e-01
1.93200e+00 5.00000e-01
1.93600e+00 5.00000e-01
1.94000e+00 5.00000e-01
1.94400e+00 5.00000e-01
1.94800e+00 5.00000e-01
1.95200e+00 5.00000e-01
1.95600e+00 5.00000e-01
1.96000e+00 5.00000e-01
1.96400e+00 5.00000e-01
1.96800e+00 5.00000e-01
1.97200e+00 5.00000e-01
1.97600e+00 5.00000e-01
1.98000e+00 5.00000e-01
1.98400e+00 5.00000e-01
1.98800e+00 5.00000e-01
1.99200e+00 5.00000e-01
1.99600e+00 5.00000e-01
