0.00000e+00 4.09190e-01
4.00000e-03 4.09190e-01
8.00000e-03 4.09192e-01
1.20000e-02 4.09222e-01
1.60000e-02 4.09435e-01
2.00000e-02 4.10270e-01
2.40000e-02 4.11861e-01
2.80000e-02 4.13361e-01
3.20000e-02 4.14659e-01
3.60000e-02 4.16850e-01
4.00000e-02 4.22228e-01
4.40000e-02 4.34394e-01
4.80000e-02 4.57107e-01
5.20000e-02 4.89499e-01
5.60000e-02 5.13612e-01
6.00000e-02 5.18461e-01
6.40000e-02 5.18485e-01
6.80000e-02 5.17469e-01
7.20000e-02 5.10653e-01
7.60000e-02 4.90754e-01
8.00000e-02 4.74252e-01
8.40000e-02 4.71958e-01
8.80000e-02 4.72138e-01
9.20000e-02 4.73698e-01
9.60000e-02 4.76782e-01
1.00000e-01 4.77476e-01
1.04000e-01 4.76292e-01
1.08000e-01 4.66228e-01
1.12000e-01 4.36733e-01
1.16000e-01 4.15370e-01
1.20000e-01 4.13231e-01
1.24000e-01 4.13858e-01
1.28000e-01 4.17360e-01
1.32000e-01 4.26026e-01
1.36000e-01 4.37709e-01
1.40000e-01 4.44532e-01
1.44000e-01 4.45924e-01
1.48000e-01 4.46175e-01
1.52000e-01 4.46387e-01
1.56000e-01 4.46816e-01
1.60000e-01 4.47737e-01
1.64000e-01 4.49351e-01
1.68000e-01 4.51505e-01
1.72000e-01 4.53760e-01
1.76000e-01 4.55898e-01
1.80000e-01 4.58115e-01
1.84000e-01 4.60843e-01
1.88000e-01 4.64598e-01
1.92000e-01 4.69929e-01
1.96000e-01 4.77554e-01
2.00000e-01 4.88882e-01
2.04000e-01 5.06239e-01
2.08000e-01 5.28076e-01
2.12000e-01 5.41106e-01
2.16000e-01 5.43014e-01
2.20000e-01 5.43027e-01
2.24000e-01 5.42829e-01
2.28000e-01 5.41155e-01
2.32000e-01 5.32822e-01
2.36000e-01 5.15823e-01
2.40000e-01 5.07878e-01
2.44000e-01 5.07631e-01
2.48000e-01 5.08600e-01
2.52000e-01 5.09630e-01
2.56000e-01 5.09173e-01
2.60000e-01 5.03146e-01
2.64000e-01 4.79148e-01
2.68000e-01 4.53831e-01
2.72000e-01 4.49333e-01
2.76000e-01 4.49530e-01
2.80000e-01 4.51372e-01
2.84000e-01 4.57263e-01
2.88000e-01 4.69791e-01
2.92000e-01 4.89327e-01
2.96000e-01 5.05990e-01
3.00000e-01 5.10476e-01
3.04000e-01 5.10688e-01
3.08000e-01 5.10688e-01
3.12000e-01 5.10673e-01
3.16000e-01 5.10571e-01
3.20000e-01 5.10057e-01
3.24000e-01 5.08057e-01
3.28000e-01 5.03884e-01
3.32000e-01 5.01283e-01
3.36000e-01 5.01079e-01
3.40000e-01 5.01291e-01
3.44000e-01 5.02815e-01
3.48000e-01 5.06354e-01
3.52000e-01 5.07697e-01
3.56000e-01 5.07096e-01
3.60000e-01 5.00714e-01
3.64000e-01 4.78388e-01
3.68000e-01 4.57474e-01
3.72000e-01 4.54173e-01
3.76000e-01 4.54325e-01
3.80000e-01 4.55684e-01
3.84000e-01 4.59887e-01
3.88000e-01 4.67979e-01
3.92000e-01 4.79269e-01
3.96000e-01 4.90760e-01
4.00000e-01 4.98838e-01
4.04000e-01 5.03224e-01
4.08000e-01 5.06280e-01
4.12000e-01 5.10566e-01
4.16000e-01 5.19847e-01
4.20000e-01 5.32603e-01
4.24000e-01 5.36067e-01
4.28000e-01 5.34466e-01
4.32000e-01 5.17785e-01
4.36000e-01 4.75155e-01
4.40000e-01 4.53938e-01
4.44000e-01 4.52822e-01
4.48000e-01 4.53544e-01
4.52000e-01 4.56921e-01
4.56000e-01 4.65003e-01
4.60000e-01 4.80147e-01
4.64000e-01 5.00971e-01
4.68000e-01 5.12257e-01
4.72000e-01 5.12921e-01
4.76000e-01 5.10369e-01
4.80000e-01 4.91345e-01
4.84000e-01 4.50561e-01
4.88000e-01 4.32822e-01
4.92000e-01 4.32057e-01
4.96000e-01 4.32806e-01
5.00000e-01 4.35827e-01
5.04000e-01 4.40430e-01
5.08000e-01 4.43392e-01
5.12000e-01 4.44466e-01
5.16000e-01 4.45073e-01
5.20000e-01 4.45865e-01
5.24000e-01 4.47285e-01
5.28000e-01 4.49699e-01
5.32000e-01 4.53173e-01
5.36000e-01 4.57347e-01
5.40000e-01 4.61665e-01
5.44000e-01 4.65826e-01
5.48000e-01 4.70024e-01
5.52000e-01 4.74972e-01
5.56000e-01 4.82059e-01
5.60000e-01 4.93301e-01
5.64000e-01 5.07613e-01
5.68000e-01 5.15916e-01
5.72000e-01 5.17121e-01
5.76000e-01 5.17145e-01
5.80000e-01 5.17145e-01
5.84000e-01 5.17145e-01
5.88000e-01 5.17145e-01
5.92000e-01 5.17144e-01
5.96000e-01 5.17138e-01
6.00000e-01 5.17119e-01
6.04000e-01 5.17060e-01
6.08000e-01 5.16925e-01
6.12000e-01 5.16679e-01
6.16000e-01 5.16195e-01
6.20000e-01 5.14772e-01
6.24000e-01 5.09369e-01
6.28000e-01 4.94336e-01
6.32000e-01 4.77833e-01
6.36000e-01 4.72935e-01
6.40000e-01 4.72194e-01
6.44000e-01 4.71483e-01
6.48000e-01 4.69053e-01
6.52000e-01 4.61371e-01
6.56000e-01 4.50235e-01
6.60000e-01 4.45844e-01
6.64000e-01 4.45575e-01
6.68000e-01 4.45596e-01
6.72000e-01 4.45750e-01
6.76000e-01 4.46201e-01
6.80000e-01 4.46923e-01
6.84000e-01 4.47589e-01
6.88000e-01 4.48033e-01
6.92000e-01 4.48401e-01
6.96000e-01 4.48889e-01
7.00000e-01 4.49733e-01
7.04000e-01 4.51206e-01
7.08000e-01 4.53512e-01
7.12000e-01 4.56600e-01
7.16000e-01 4.60058e-01
7.20000e-01 4.63295e-01
7.24000e-01 4.65950e-01
7.28000e-01 4.68060e-01
7.32000e-01 4.69874e-01
7.36000e-01 4.71638e-01
7.40000e-01 4.73522e-01
7.44000e-01 4.75607e-01
7.48000e-01 4.77875e-01
7.52000e-01 4.80225e-01
7.56000e-01 4.82520e-01
7.60000e-01 4.84674e-01
7.64000e-01 4.86708e-01
7.68000e-01 4.88762e-01
7.72000e-01 4.91111e-01
7.76000e-01 4.94290e-01
7.80000e-01 4.99415e-01
7.84000e-01 5.08613e-01
7.88000e-01 5.22922e-01
7.92000e-01 5.34488e-01
7.96000e-01 5.37137e-01
8.00000e-01 5.37233e-01
8.04000e-01 5.37233e-01
8.08000e-01 5.37233e-01
8.12000e-01 5.37232e-01
8.16000e-01 5.37222e-01
8.20000e-01 5.37120e-01
8.24000e-01 5.36132e-01
8.28000e-01 5.28168e-01
8.32000e-01 4.94599e-01
8.36000e-01 4.55101e-01
8.40000e-01 4.46442e-01
8.44000e-01 4.46237e-01
8.48000e-01 4.46276e-01
8.52000e-01 4.46502e-01
8.56000e-01 4.47159e-01
8.60000e-01 4.48546e-01
8.64000e-01 4.50930e-01
8.68000e-01 4.54468e-01
8.72000e-01 4.59302e-01
8.76000e-01 4.65874e-01
8.80000e-01 4.74786e-01
8.84000e-01 4.84374e-01
8.88000e-01 4.89451e-01
8.92000e-01 4.90292e-01
8.96000e-01 4.90361e-01
9.00000e-01 4.90393e-01
9.04000e-01 4.90450e-01
9.08000e-01 4.90584e-01
9.12000e-01 4.90877e-01
9.16000e-01 4.91453e-01
9.20000e-01 4.92528e-01
9.24000e-01 4.94572e-01
9.28000e-01 4.98724e-01
9.32000e-01 5.07285e-01
9.36000e-01 5.21011e-01
9.40000e-01 5.30886e-01
9.44000e-01 5.32511e-01
9.48000e-01 5.32488e-01
9.52000e-01 5.31857e-01
9.56000e-01 5.27702e-01
9.60000e-01 5.14021e-01
9.64000e-01 4.99513e-01
9.68000e-01 4.96549e-01
9.72000e-01 4.96572e-01
9.76000e-01 4.97281e-01
9.80000e-01 5.00359e-01
9.84000e-01 5.07292e-01
9.88000e-01 5.13405e-01
9.92000e-01 5.14711e-01
9.96000e-01 5.14752e-01
1.00000e+00 5.14753e-01
1.00400e+00 5.14754e-01
1.00800e+00 5.14762e-01
1.01200e+00 5.14809e-01
1.01600e+00 5.14967e-01
1.02000e+00 5.15106e-01
1.02400e+00 5.15106e-01
1.02800e+00 5.14934e-01
1.03200e+00 5.13545e-01
1.03600e+00 5.06157e-01
1.04000e+00 4.86651e-01
1.04400e+00 4.71549e-01
1.04800e+00 4.69502e-01
1.05200e+00 4.69574e-01
1.05600e+00 4.70337e-01
1.06000e+00 4.73338e-01
1.06400e+00 4.81245e-01
1.06800e+00 4.94253e-01
1.07200e+00 5.02683e-01
1.07600e+00 5.03772e-01
1.08000e+00 5.03672e-01
1.08400e+00 5.02474e-01
1.08800e+00 4.96244e-01
1.09200e+00 4.81227e-01
1.09600e+00 4.70433e-01
1.10000e+00 4.69014e-01
1.10400e+00 4.69030e-01
1.10800e+00 4.69297e-01
1.11200e+00 4.70212e-01
1.11600e+00 4.71529e-01
1.12000e+00 4.72174e-01
1.12400e+00 4.72298e-01
1.12800e+00 4.72350e-01
1.13200e+00 4.72445e-01
1.13600e+00 4.72717e-01
1.14000e+00 4.73495e-01
1.14400e+00 4.75586e-01
1.14800e+00 4.80725e-01
1.15200e+00 4.90480e-01
1.15600e+00 4.99605e-01
1.16000e+00 5.01840e-01
1.16400e+00 5.01863e-01
1.16800e+00 5.01463e-01
1.17200e+00 4.98921e-01
1.17600e+00 4.90763e-01
1.18000e+00 4.81388e-01
1.18400e+00 4.79140e-01
1.18800e+00 4.79156e-01
1.19200e+00 4.79764e-01
1.19600e+00 4.82070e-01
1.20000e+00 4.85158e-01
1.20400e+00 4.86014e-01
1.20800e+00 4.85966e-01
1.21200e+00 4.85286e-01
1.21600e+00 4.82292e-01
1.22000e+00 4.76516e-01
1.22400e+00 4.73259e-01
1.22800e+00 4.72959e-01
1.23200e+00 4.72995e-01
1.23600e+00 4.73294e-01
1.24000e+00 4.74521e-01
1.24400e+00 4.77931e-01
1.24800e+00 4.83381e-01
1.25200e+00 4.86562e-01
1.25600e+00 4.86967e-01
1.26000e+00 4.86974e-01
1.26400e+00 4.86974e-01
1.26800e+00 4.86974e-01
1.27200e+00 4.86974e-01
1.27600e+00 4.86974e-01
1.28000e+00 4.86974e-01
1.28400e+00 4.86974e-01
1.28800e+00 4.86974e-01
1.29200e+00 4.86975e-01
1.29600e+00 4.86975e-01
1.30000e+00 4.86978e-01
1.30400e+00 4.86983e-01
1.30800e+00 4.86994e-01
1.31200e+00 4.87018e-01
1.31600e+00 4.87072e-01
1.32000e+00 4.87203e-01
1.32400e+00 4.87551e-01
1.32800e+00 4.88525e-01
1.33200e+00 4.91120e-01
1.33600e+00 4.96300e-01
1.34000e+00 5.01189e-01
1.34400e+00 5.02457e-01
1.34800e+00 5.02510e-01
1.35200e+00 5.02510e-01
1.35600e+00 5.02511e-01
1.36000e+00 5.02511e-01
1.36400e+00 5.02514e-01
1.36800e+00 5.02524e-01
1.37200e+00 5.02553e-01
1.37600e+00 5.02626e-01
1.38000e+00 5.02799e-01
1.38400e+00 5.03186e-01
1.38800e+00 5.04021e-01
1.39200e+00 5.05780e-01
1.39600e+00 5.09153e-01
1.40000e+00 5.13746e-01
1.40400e+00 5.16750e-01
1.40800e+00 5.17486e-01
1.41200e+00 5.17628e-01
1.41600e+00 5.17728e-01
1.42000e+00 5.17903e-01
1.42400e+00 5.18293e-01
1.42800e+00 5.19149e-01
1.43200e+00 5.21015e-01
1.43600e+00 5.25173e-01
1.44000e+00 5.34275e-01
1.44400e+00 5.49632e-01
1.44800e+00 5.61563e-01
1.45200e+00 5.63923e-01
1.45600e+00 5.63989e-01
1.46000e+00 5.63989e-01
1.46400e+00 5.63989e-01
1.46800e+00 5.63989e-01
1.47200e+00 5.63989e-01
1.47600e+00 5.63989e-01
1.48000e+00 5.63985e-01
1.48400e+00 5.63950e-01
1.48800e+00 5.63641e-01
1.49200e+00 5.61151e-01
1.49600e+00 5.47358e-01
1.50000e+00 5.17080e-01
1.50400e+00 5.01302e-01
1.50800e+00 5.00009e-01
1.51200e+00 5.00000e-01
1.51600e+00 5.00000e-01
1.52000e+00 5.00000e-01
1.52400e+00 5.00000e-01
1.52800e+00 5.00000e-01
1.53200e+00 5.00000e-01
1.53600e+00 5.00000e-01
1.54000e+00 5.00000e-01
1.54400e+00 5.00000e-01
1.54800e+00 5.00000e-01
1.55200e+00 5.00000e-01
1.55600e+00 5.00000e-01
1.56000e+00 5.00000e-01
1.56400e+00 5.00000e-01
1.56800e+00 5.00000e-01
1.57200e+00 5.00000e-01
1.57600e+00 5.00000e-01
1.58000e+00 5.00000e-01
1.58400e+00 5.00000e-01
1.58800e+00 5.00000e-01
1.59200e+00 5.00000e-01
1.59600e+00 5.00000e-01
1.60000e+00 5.00000e-01
1.60400e+00 5.00000e-01
1.60800e+00 5.00000e-01
1.61200e+00 5.00000e-01
1.61600e+00 5.00000e-01
1.62000e+00 5.00000e-01
1.62400e+00 5.00000e-01
1.62800e+00 5.00000e-01
1.63200e+00 5.00000e-01
1.63600e+00 5.00000e-01
1.64000e+00 5.00000e-01
1.64400e+00 5.00000e-01
1.64800e+00 5.00000e-01
1.65200e+00 5.00000e-01
1.65600e+00 5.00000e-01
1.66000e+00 5.00000e-01
1.66400e+00 5.00000e-01
1.66800e+00 5.00000e-01
1.67200e+00 5.00000e-01
1.67600e+00 5.00000e-01
1.68000e+00 5.00000e-01
1.68400e+00 5.00000e-01
1.68800e+00 5.00000e-01
1.69200e+00 5.00000e-01
1.69600e+00 5.00000e-01
1.70000e+00 5.00000e-01
1.70400e+00 5.00000e-01
1.70800e+00 5.00000e-01
1.71200e+00 5.00000e-01
1.71600e+00 5.00000e-01
1.72000e+00 5.00000e-01
1.72400e+00 5.00000e-01
1.72800e+00 5.00000e-01
1.73200e+00 5.00000e-01
1.73600e+00 5.00000e-01
1.74000e+00 5.00000e-01
1.74400e+00 5.00000e-01
1.74800e+00 5.00000e-01
1.75200e+00 5.00000e-01
1.75600e+00 5.00000e-01
1.76000e+00 5.00000e-01
1.76400e+00 5.00000e-01
1.76800e+00 5.00000e-01
1.77200e+00 5.00000e-01
1.77600e+00 5.00000e-01
1.78000e+00 5.00000e-01
1.78400e+00 5.00000e-01
1.78800e+00 5.00000e-01
1.79200e+00 5.00000e-01
1.79600e+00 5.00000e-01
1.80000e+00 5.00000e-01
1.80400e+00 5.00000e-01
1.80800e+00 5.00000e-01
1.81200e+00 5.00000e-01
1.81600e+00 5.00000e-01
1.82000e+00 5.00000e-01
1.82400e+00 5.00000e-01
1.82800e+00 5.00000e-01
1.83200e+00 5.00000e-01
1.83600e+00 5.00000e-01
1.84000e+00 5.00000e-01
1.84400e+00 5.00000e-01
1.84800e+00 5.00000e-01
1.85200e+00 5.00000e-01
1.85600e+00 5.00000e-01
1.86000e+00 5.00000e-01
1.86400e+00 5.00000e-01
1.86800e+00 5.00000e-01
1.87200e+00 5.00000e-01
1.87600e+00 5.00000e-01
1.88000e+00 5.00000e-01
1.88400e+00 5.00000e-01
1.88800e+00 5.00000e-01
1.89200e+00 5.00000e-01
1.89600e+00 5.00000e-01
1.90000e+00 5.00000e-01
1.90400e+00 5.00000e-01
1.90800e+00 5.00000e-01
1.91200e+00 5.00000e-01
1.91600e+00 5.00000e-01
1.92000e+00 5.00000e-01
1.92400e+00 5.00000e-01
1.92800e+00 5.00000e-01
1.93200e+00 5.00000e-01
1.93600e+00 5.00000e-01
1.94000e+00 5.00000e-01
1.94400e+00 5.00000e-01
1.94800e+00 5.00000e-01
1.95200e+00 5.00000e-01
1.95600e+00 5.00000e-01
1.96000e+00 5.00000e-01
1.96400e+00 5.00000e-01
1.96800e+00 5.00000e-01
1.97200e+00 5.00000e-01
1.97600e+00 5.00000e-01
1.98000e+00 5.00000e-01
1.98400e+00 5.00000e-01
1.98800e+00 5.00000e-01
1.99200e+00 5.00000e-01
1.99600e+00 5.00000e-01
