0.00000e+00 5.79464e-01
4.00000e-03 5.79464e-01
8.00000e-03 5.79464e-01
1.20000e-02 5.79456e-01
1.60000e-02 5.79232e-01
2.00000e-02 5.74636e-01
2.40000e-02 5.29835e-01
2.80000e-02 4.38241e-01
3.20000e-02 4.10477e-01
3.60000e-02 4.09717e-01
4.00000e-02 4.10040e-01
4.40000e-02 4.11147e-01
4.80000e-02 4.12716e-01
5.20000e-02 4.14368e-01
5.60000e-02 4.16534e-01
6.00000e-02 4.20382e-01
6.40000e-02 4.27723e-01
6.80000e-02 4.40743e-01
7.20000e-02 4.61826e-01
7.60000e-02 4.90602e-01
8.00000e-02 5.12900e-01
8.40000e-02 5.17925e-01
8.80000e-02 5.17992e-01
9.20000e-02 5.17227e-01
9.60000e-02 5.11660e-01
1.00000e-01 4.93482e-01
1.04000e-01 4.75767e-01
1.08000e-01 4.72764e-01
1.12000e-01 4.72963e-01
1.16000e-01 4.74477e-01
1.20000e-01 4.75948e-01
1.24000e-01 4.75746e-01
1.28000e-01 4.71840e-01
1.32000e-01 4.52697e-01
1.36000e-01 4.23558e-01
1.40000e-01 4.14762e-01
1.44000e-01 4.14726e-01
1.48000e-01 4.16326e-01
1.52000e-01 4.21963e-01
1.56000e-01 4.32568e-01
1.60000e-01 4.42479e-01
1.64000e-01 4.45812e-01
1.68000e-01 4.46243e-01
1.72000e-01 4.46385e-01
1.76000e-01 4.46597e-01
1.80000e-01 4.47090e-01
1.84000e-01 4.48124e-01
1.88000e-01 4.49851e-01
1.92000e-01 4.52075e-01
1.96000e-01 4.54375e-01
2.00000e-01 4.56558e-01
2.04000e-01 4.58809e-01
2.08000e-01 4.61509e-01
2.12000e-01 4.65091e-01
2.16000e-01 4.69979e-01
2.20000e-01 4.76689e-01
2.24000e-01 4.86261e-01
2.28000e-01 5.00810e-01
2.32000e-01 5.21354e-01
2.36000e-01 5.38410e-01
2.40000e-01 5.42773e-01
2.44000e-01 5.42932e-01
2.48000e-01 5.42866e-01
2.52000e-01 5.42154e-01
2.56000e-01 5.37761e-01
2.60000e-01 5.23887e-01
2.64000e-01 5.10712e-01
2.68000e-01 5.08566e-01
2.72000e-01 5.08585e-01
2.76000e-01 5.08564e-01
2.80000e-01 5.07714e-01
2.84000e-01 5.00762e-01
2.88000e-01 4.76771e-01
2.92000e-01 4.53978e-01
2.96000e-01 4.50364e-01
3.00000e-01 4.50570e-01
3.04000e-01 4.52323e-01
3.08000e-01 4.57903e-01
3.12000e-01 4.69857e-01
3.16000e-01 4.88840e-01
3.20000e-01 5.05639e-01
3.24000e-01 5.10435e-01
3.28000e-01 5.10682e-01
3.32000e-01 5.10682e-01
3.36000e-01 5.10672e-01
3.40000e-01 5.10602e-01
3.44000e-01 5.10235e-01
3.48000e-01 5.08699e-01
3.52000e-01 5.04908e-01
3.56000e-01 5.01789e-01
3.60000e-01 5.01389e-01
3.64000e-01 5.01549e-01
3.68000e-01 5.02798e-01
3.72000e-01 5.05490e-01
3.76000e-01 5.06271e-01
3.80000e-01 5.05565e-01
3.84000e-01 4.98983e-01
3.88000e-01 4.77299e-01
3.92000e-01 4.57861e-01
3.96000e-01 4.54909e-01
4.00000e-01 4.55044e-01
4.04000e-01 4.56258e-01
4.08000e-01 4.60074e-01
4.12000e-01 4.67612e-01
4.16000e-01 4.78517e-01
4.20000e-01 4.90114e-01
4.24000e-01 4.98510e-01
4.28000e-01 5.02945e-01
4.32000e-01 5.05775e-01
4.36000e-01 5.09484e-01
4.40000e-01 5.17455e-01
4.44000e-01 5.29021e-01
4.48000e-01 5.32652e-01
4.52000e-01 5.31561e-01
4.56000e-01 5.18794e-01
4.60000e-01 4.80327e-01
4.64000e-01 4.55988e-01
4.68000e-01 4.54028e-01
4.72000e-01 4.54519e-01
4.76000e-01 4.57294e-01
4.80000e-01 4.64931e-01
4.84000e-01 4.80487e-01
4.88000e-01 5.01189e-01
4.92000e-01 5.10482e-01
4.96000e-01 5.10693e-01
5.00000e-01 5.06952e-01
5.04000e-01 4.84218e-01
5.08000e-01 4.45893e-01
5.12000e-01 4.33474e-01
5.16000e-01 4.33214e-01
5.20000e-01 4.34163e-01
5.24000e-01 4.37393e-01
5.28000e-01 4.41705e-01
5.32000e-01 4.44145e-01
5.36000e-01 4.45016e-01
5.40000e-01 4.45589e-01
5.44000e-01 4.46418e-01
5.48000e-01 4.47935e-01
5.52000e-01 4.50485e-01
5.56000e-01 4.54082e-01
5.60000e-01 4.58301e-01
5.64000e-01 4.62552e-01
5.68000e-01 4.66543e-01
5.72000e-01 4.70485e-01
5.76000e-01 4.75061e-01
5.80000e-01 4.81567e-01
5.84000e-01 4.92012e-01
5.88000e-01 5.06136e-01
5.92000e-01 5.15459e-01
5.96000e-01 5.17102e-01
6.00000e-01 5.17145e-01
6.04000e-01 5.17145e-01
6.08000e-01 5.17145e-01
6.12000e-01 5.17145e-01
6.16000e-01 5.17145e-01
6.20000e-01 5.17142e-01
6.24000e-01 5.17132e-01
6.28000e-01 5.17102e-01
6.32000e-01 5.17032e-01
6.36000e-01 5.16889e-01
6.40000e-01 5.16555e-01
6.44000e-01 5.15425e-01
6.48000e-01 5.10803e-01
6.52000e-01 4.96865e-01
6.56000e-01 4.79334e-01
6.60000e-01 4.72871e-01
6.64000e-01 4.71609e-01
6.68000e-01 4.70418e-01
6.72000e-01 4.66811e-01
6.76000e-01 4.57528e-01
6.80000e-01 4.48011e-01
6.84000e-01 4.45700e-01
6.88000e-01 4.45636e-01
6.92000e-01 4.45672e-01
6.96000e-01 4.45870e-01
7.00000e-01 4.46373e-01
7.04000e-01 4.47113e-01
7.08000e-01 4.47768e-01
7.12000e-01 4.48221e-01
7.16000e-01 4.48621e-01
7.20000e-01 4.49169e-01
7.24000e-01 4.50105e-01
7.28000e-01 4.51703e-01
7.32000e-01 4.54152e-01
7.36000e-01 4.57366e-01
7.40000e-01 4.60887e-01
7.44000e-01 4.64091e-01
7.48000e-01 4.66636e-01
7.52000e-01 4.68607e-01
7.56000e-01 4.70287e-01
7.60000e-01 4.71934e-01
7.64000e-01 4.73721e-01
7.68000e-01 4.75733e-01
7.72000e-01 4.77954e-01
7.76000e-01 4.80279e-01
7.80000e-01 4.82555e-01
7.84000e-01 4.84675e-01
7.88000e-01 4.86635e-01
7.92000e-01 4.88549e-01
7.96000e-01 4.90643e-01
8.00000e-01 4.93327e-01
8.04000e-01 4.97440e-01
8.08000e-01 5.04717e-01
8.12000e-01 5.17298e-01
8.16000e-01 5.31299e-01
8.20000e-01 5.36802e-01
8.24000e-01 5.37229e-01
8.28000e-01 5.37233e-01
8.32000e-01 5.37233e-01
8.36000e-01 5.37232e-01
8.40000e-01 5.37223e-01
8.44000e-01 5.37129e-01
8.48000e-01 5.36221e-01
8.52000e-01 5.28806e-01
8.56000e-01 4.96385e-01
8.60000e-01 4.56037e-01
8.64000e-01 4.46568e-01
8.68000e-01 4.46324e-01
8.72000e-01 4.46373e-01
8.76000e-01 4.46647e-01
8.80000e-01 4.47424e-01
8.84000e-01 4.48995e-01
8.88000e-01 4.51562e-01
8.92000e-01 4.55209e-01
8.96000e-01 4.60135e-01
9.00000e-01 4.67013e-01
9.04000e-01 4.76536e-01
9.08000e-01 4.86009e-01
9.12000e-01 4.89941e-01
9.16000e-01 4.90365e-01
9.20000e-01 4.90391e-01
9.24000e-01 4.90408e-01
9.28000e-01 4.90444e-01
9.32000e-01 4.90540e-01
9.36000e-01 4.90762e-01
9.40000e-01 4.91218e-01
9.44000e-01 4.92082e-01
9.48000e-01 4.93710e-01
9.52000e-01 4.96952e-01
9.56000e-01 5.03725e-01
9.60000e-01 5.16107e-01
9.64000e-01 5.28546e-01
9.68000e-01 5.32157e-01
9.72000e-01 5.32265e-01
9.76000e-01 5.31996e-01
9.80000e-01 5.29743e-01
9.84000e-01 5.19986e-01
9.88000e-01 5.03639e-01
9.92000e-01 4.97231e-01
9.96000e-01 4.96973e-01
1.00000e+00 4.97296e-01
1.00400e+00 4.99216e-01
1.00800e+00 5.04736e-01
1.01200e+00 5.11899e-01
1.01600e+00 5.14576e-01
1.02000e+00 5.14751e-01
1.02400e+00 5.14754e-01
1.02800e+00 5.14755e-01
1.03200e+00 5.14762e-01
1.03600e+00 5.14802e-01
1.04000e+00 5.14931e-01
1.04400e+00 5.15034e-01
1.04800e+00 5.15031e-01
1.05200e+00 5.14876e-01
1.05600e+00 5.13646e-01
1.06000e+00 5.06985e-01
1.06400e+00 4.88328e-01
1.06800e+00 4.72389e-01
1.07200e+00 4.69897e-01
1.07600e+00 4.69942e-01
1.08000e+00 4.70606e-01
1.08400e+00 4.73334e-01
1.08800e+00 4.80730e-01
1.09200e+00 4.93396e-01
1.09600e+00 5.02162e-01
1.10000e+00 5.03420e-01
1.10400e+00 5.03334e-01
1.10800e+00 5.02227e-01
1.11200e+00 4.96351e-01
1.11600e+00 4.81746e-01
1.12000e+00 4.70730e-01
1.12400e+00 4.69176e-01
1.12800e+00 4.69185e-01
1.13200e+00 4.69424e-01
1.13600e+00 4.70274e-01
1.14000e+00 4.71549e-01
1.14400e+00 4.72210e-01
1.14800e+00 4.72342e-01
1.15200e+00 4.72394e-01
1.15600e+00 4.72486e-01
1.16000e+00 4.72746e-01
1.16400e+00 4.73494e-01
1.16800e+00 4.75511e-01
1.17200e+00 4.80492e-01
1.17600e+00 4.90053e-01
1.18000e+00 4.99227e-01
1.18400e+00 5.01583e-01
1.18800e+00 5.01619e-01
1.19200e+00 5.01276e-01
1.19600e+00 4.99029e-01
1.20000e+00 4.91495e-01
1.20400e+00 4.82095e-01
1.20800e+00 4.79536e-01
1.21200e+00 4.79524e-01
1.21600e+00 4.80034e-01
1.22000e+00 4.82078e-01
1.22400e+00 4.84909e-01
1.22800e+00 4.85714e-01
1.23200e+00 4.85665e-01
1.23600e+00 4.84991e-01
1.24000e+00 4.82044e-01
1.24400e+00 4.76438e-01
1.24800e+00 4.73338e-01
1.25200e+00 4.73062e-01
1.25600e+00 4.73099e-01
1.26000e+00 4.73403e-01
1.26400e+00 4.74640e-01
1.26800e+00 4.78062e-01
1.27200e+00 4.83477e-01
1.27600e+00 4.86582e-01
1.28000e+00 4.86968e-01
1.28400e+00 4.86974e-01
1.28800e+00 4.86974e-01
1.29200e+00 4.86974e-01
1.29600e+00 4.86974e-01
1.30000e+00 4.86974e-01
1.30400e+00 4.86974e-01
1.30800e+00 4.86974e-01
1.31200e+00 4.86974e-01
1.31600e+00 4.86974e-01
1.32000e+00 4.86975e-01
1.32400e+00 4.86977e-01
1.32800e+00 4.86981e-01
1.33200e+00 4.86990e-01
1.33600e+00 4.87010e-01
1.34000e+00 4.87055e-01
1.34400e+00 4.87167e-01
1.34800e+00 4.87466e-01
1.35200e+00 4.88310e-01
1.35600e+00 4.90608e-01
1.36000e+00 4.95493e-01
1.36400e+00 5.00751e-01
1.36800e+00 5.02418e-01
1.37200e+00 5.02510e-01
1.37600e+00 5.02511e-01
1.38000e+00 5.02511e-01
1.38400e+00 5.02511e-01
1.38800e+00 5.02513e-01
1.39200e+00 5.02519e-01
1.39600e+00 5.02537e-01
1.40000e+00 5.02585e-01
1.40400e+00 5.02701e-01
1.40800e+00 5.02966e-01
1.41200e+00 5.03552e-01
1.41600e+00 5.04850e-01
1.42000e+00 5.07626e-01
1.42400e+00 5.12278e-01
1.42800e+00 5.16331e-01
1.43200e+00 5.17536e-01
1.43600e+00 5.17680e-01
1.44000e+00 5.17734e-01
1.44400e+00 5.17818e-01
1.44800e+00 5.18018e-01
1.45200e+00 5.18490e-01
1.45600e+00 5.19543e-01
1.46000e+00 5.21866e-01
1.46400e+00 5.27087e-01
1.46800e+00 5.38120e-01
1.47200e+00 5.54014e-01
1.47600e+00 5.62898e-01
1.48000e+00 5.63974e-01
1.48400e+00 5.63989e-01
1.48800e+00 5.63989e-01
1.49200e+00 5.63989e-01
1.49600e+00 5.63989e-01
1.50000e+00 5.63989e-01
1.50400e+00 5.63988e-01
1.50800e+00 5.63978e-01
1.51200e+00 5.63886e-01
1.51600e+00 5.63093e-01
1.52000e+00 5.57387e-01
1.52400e+00 5.34725e-01
1.52800e+00 5.06976e-01
1.53200e+00 5.00207e-01
1.53600e+00 5.00000e-01
1.54000e+00 5.00000e-01
1.54400e+00 5.00000e-01
1.54800e+00 5.00000e-01
1.55200e+00 5.00000e-01
1.55600e+00 5.00000e-01
1.56000e+00 5.00000e-01
1.56400e+00 5.00000e-01
1.56800e+00 5.00000e-01
1.57200e+00 5.00000e-01
1.57600e+00 5.00000e-01
1.58000e+00 5.00000e-01
1.58400e+00 5.00000e-01
1.58800e+00 5.00000e-01
1.59200e+00 5.00000e-01
1.59600e+00 5.00000e-01
1.60000e+00 5.00000e-01
1.60400e+00 5.00000e-01
1.60800e+00 5.00000e-01
1.61200e+00 5.00000e-01
1.61600e+00 5.00000e-01
1.62000e+00 5.00000e-01
1.62400e+00 5.00000e-01
1.62800e+00 5.00000e-01
1.63200e+00 5.00000e-01
1.63600e+00 5.00000e-01
1.64000e+00 5.00000e-01
1.64400e+00 5.00000e-01
1.64800e+00 5.00000e-01
1.65200e+00 5.00000e-01
1.65600e+00 5.00000e-01
1.66000e+00 5.00000e-01
1.66400e+00 5.00000e-01
1.66800e+00 5.00000e-01
1.67200e+00 5.00000e-01
1.67600e+00 5.00000e-01
1.68000e+00 5.00000e-01
1.68400e+00 5.00000e-01
1.68800e+00 5.00000e-01
1.69200e+00 5.00000e-01
1.69600e+00 5.00000e-01
1.70000e+00 5.00000e-01
1.70400e+00 5.00000e-01
1.70800e+00 5.00000e-01
1.71200e+00 5.00000e-01
1.71600e+00 5.00000e-01
1.72000e+00 5.00000e-01
1.72400e+00 5.00000e-01
1.72800e+00 5.00000e-01
1.73200e+00 5.00000e-01
1.73600e+00 5.00000e-01
1.74000e+00 5.00000e-01
1.74400e+00 5.00000e-01
1.74800e+00 5.00000e-01
1.75200e+00 5.00000e-01
1.75600e+00 5.00000e-01
1.76000e+00 5.00000e-01
1.76400e+00 5.00000e-01
1.76800e+00 5.00000e-01
1.77200e+00 5.00000e-01
1.77600e+00 5.00000e-01
1.78000e+00 5.00000e-01
1.78400e+00 5.00000e-01
1.78800e+00 5.00000e-01
1.79200e+00 5.00000e-01
1.79600e+00 5.00000e-01
1.80000e+00 5.00000e-01
1.80400e+00 5.00000e-01
1.80800e+00 5.00000e-01
1.81200e+00 5.00000e-01
1.81600e+00 5.00000e-01
1.82000e+00 5.00000e-01
1.82400e+00 5.00000e-01
1.82800e+00 5.00000e-01
1.83200e+00 5.00000e-01
1.83600e+00 5.00000e-01
1.84000e+00 5.00000e-01
1.84400e+00 5.00000e-01
1.84800e+00 5.00000e-01
1.85200e+00 5.00000e-01
1.85600e+00 5.00000e-01
1.86000e+00 5.00000e-01
1.86400e+00 5.00000e-01
1.86800e+00 5.00000e-01
1.87200e+00 5.00000e-01
1.87600e+00 5.00000e-01
1.88000e+00 5.00000e-01
1.88400e+00 5.00000e-01
1.88800e+00 5.00000e-01
1.89200e+00 5.00000e-01
1.89600e+00 5.00000e-01
1.90000e+00 5.00000e-01
1.90400e+00 5.00000e-01
1.90800e+00 5.00000e-01
1.91200e+00 5.00000e-01
1.91600e+00 5.00000e-01
1.92000e+00 5.00000e-01
1.92400e+00 5.00000e-01
1.92800e+00 5.00000e-01
1.93200e+00 5.00000e-01
1.93600e+00 5.00000e-01
1.94000e+00 5.00000e-01
1.94400e+00 5.00000e-01
1.94800e+00 5.00000e-01
1.95200e+00 5.00000e-01
1.95600e+00 5.00000e-01
1.96000e+00 5.00000e-01
1.96400e+00 5.00000e-01
1.96800e+00 5.00000e-01
1.97200e+00 5.00000e-01
1.97600e+00 5.00000e-01
1.98000e+00 5.00000e-01
1.98400e+00 5.00000e-01
1.98800e+00 5.00000e-01
1.99200e+00 5.00000e-01
1.99600e+00 5.00000e-01
