0.00000e+00 5.75531e-01
4.00000e-03 5.75531e-01
8.00000e-03 5.75531e-01
1.20000e-02 5.75532e-01
1.60000e-02 5.75533e-01
2.00000e-02 5.75549e-01
2.40000e-02 5.75689e-01
2.80000e-02 5.76461e-01
3.20000e-02 5.78289e-01
3.60000e-02 5.79144e-01
4.00000e-02 5.78970e-01
4.40000e-02 5.74093e-01
4.80000e-02 5.28215e-01
5.20000e-02 4.37750e-01
5.60000e-02 4.11064e-01
6.00000e-02 4.10366e-01
6.40000e-02 4.10716e-01
6.80000e-02 4.11902e-01
7.20000e-02 4.13726e-01
7.60000e-02 4.15996e-01
8.00000e-02 4.19204e-01
8.40000e-02 4.24383e-01
8.80000e-02 4.32808e-01
9.20000e-02 4.45902e-01
9.60000e-02 4.65576e-01
1.00000e-01 4.91840e-01
1.04000e-01 5.12549e-01
1.08000e-01 5.17469e-01
1.12000e-01 5.17559e-01
1.16000e-01 5.16963e-01
1.20000e-01 5.12380e-01
1.24000e-01 4.95989e-01
1.28000e-01 4.77545e-01
1.32000e-01 4.73719e-01
1.36000e-01 4.73838e-01
1.40000e-01 4.74579e-01
1.44000e-01 4.74704e-01
1.48000e-01 4.73428e-01
1.52000e-01 4.63876e-01
1.56000e-01 4.37101e-01
1.60000e-01 4.17854e-01
1.64000e-01 4.15893e-01
1.68000e-01 4.16428e-01
1.72000e-01 4.19533e-01
1.76000e-01 4.27526e-01
1.80000e-01 4.38664e-01
1.84000e-01 4.45126e-01
1.88000e-01 4.46281e-01
1.92000e-01 4.46427e-01
1.96000e-01 4.46539e-01
2.00000e-01 4.46780e-01
2.04000e-01 4.47358e-01
2.08000e-01 4.48520e-01
2.12000e-01 4.50371e-01
2.16000e-01 4.52672e-01
2.20000e-01 4.55013e-01
2.24000e-01 4.57227e-01
2.28000e-01 4.59490e-01
2.32000e-01 4.62147e-01
2.36000e-01 4.65569e-01
2.40000e-01 4.70090e-01
2.44000e-01 4.76075e-01
2.48000e-01 4.84269e-01
2.52000e-01 4.96400e-01
2.56000e-01 5.14606e-01
2.60000e-01 5.34117e-01
2.64000e-01 5.42184e-01
2.68000e-01 5.42843e-01
2.72000e-01 5.42827e-01
2.76000e-01 5.42550e-01
2.80000e-01 5.40550e-01
2.84000e-01 5.31839e-01
2.88000e-01 5.16388e-01
2.92000e-01 5.09342e-01
2.96000e-01 5.08572e-01
3.00000e-01 5.08241e-01
3.04000e-01 5.06821e-01
3.08000e-01 4.98553e-01
3.12000e-01 4.74129e-01
3.16000e-01 4.53978e-01
3.20000e-01 4.51267e-01
3.24000e-01 4.51488e-01
3.28000e-01 4.53180e-01
3.32000e-01 4.58485e-01
3.36000e-01 4.69890e-01
3.40000e-01 4.88311e-01
3.44000e-01 5.05245e-01
3.48000e-01 5.10388e-01
3.52000e-01 5.10677e-01
3.56000e-01 5.10678e-01
3.60000e-01 5.10671e-01
3.64000e-01 5.10623e-01
3.68000e-01 5.10360e-01
3.72000e-01 5.09196e-01
3.76000e-01 5.05888e-01
3.80000e-01 5.02402e-01
3.84000e-01 5.01734e-01
3.88000e-01 5.01843e-01
3.92000e-01 5.02812e-01
3.96000e-01 5.04716e-01
4.00000e-01 5.05097e-01
4.04000e-01 5.04266e-01
4.08000e-01 4.97389e-01
4.12000e-01 4.76163e-01
4.16000e-01 4.58143e-01
4.20000e-01 4.55555e-01
4.24000e-01 4.55679e-01
4.28000e-01 4.56778e-01
4.32000e-01 4.60266e-01
4.36000e-01 4.67298e-01
4.40000e-01 4.77797e-01
4.44000e-01 4.89438e-01
4.48000e-01 4.98169e-01
4.52000e-01 5.02723e-01
4.56000e-01 5.05410e-01
4.60000e-01 5.08690e-01
4.64000e-01 5.15622e-01
4.68000e-01 5.26063e-01
4.72000e-01 5.29702e-01
4.76000e-01 5.28940e-01
4.80000e-01 5.18983e-01
4.84000e-01 4.84690e-01
4.88000e-01 4.58114e-01
4.92000e-01 4.55169e-01
4.96000e-01 4.55522e-01
5.00000e-01 4.57901e-01
5.04000e-01 4.65225e-01
5.08000e-01 4.81012e-01
5.12000e-01 5.01031e-01
5.16000e-01 5.08432e-01
5.20000e-01 5.08324e-01
5.24000e-01 5.03069e-01
5.28000e-01 4.77012e-01
5.32000e-01 4.42548e-01
5.36000e-01 4.34312e-01
5.40000e-01 4.34301e-01
5.44000e-01 4.35470e-01
5.48000e-01 4.38839e-01
5.52000e-01 4.42799e-01
5.56000e-01 4.44794e-01
5.60000e-01 4.45523e-01
5.64000e-01 4.46081e-01
5.68000e-01 4.46959e-01
5.72000e-01 4.48582e-01
5.76000e-01 4.51272e-01
5.80000e-01 4.54988e-01
5.84000e-01 4.59244e-01
5.88000e-01 4.63421e-01
5.92000e-01 4.67241e-01
5.96000e-01 4.70933e-01
6.00000e-01 4.75155e-01
6.04000e-01 4.81109e-01
6.08000e-01 4.90757e-01
6.12000e-01 5.04541e-01
6.16000e-01 5.14861e-01
6.20000e-01 5.17069e-01
6.24000e-01 5.17145e-01
6.28000e-01 5.17145e-01
6.32000e-01 5.17145e-01
6.36000e-01 5.17145e-01
6.40000e-01 5.17145e-01
6.44000e-01 5.17144e-01
6.48000e-01 5.17139e-01
6.52000e-01 5.17124e-01
6.56000e-01 5.17088e-01
6.60000e-01 5.17008e-01
6.64000e-01 5.16787e-01
6.68000e-01 5.15934e-01
6.72000e-01 5.12183e-01
6.76000e-01 4.99819e-01
6.80000e-01 4.81580e-01
6.84000e-01 4.72935e-01
6.88000e-01 4.70740e-01
6.92000e-01 4.68767e-01
6.96000e-01 4.63707e-01
7.00000e-01 4.53660e-01
7.04000e-01 4.46689e-01
7.08000e-01 4.45696e-01
7.12000e-01 4.45690e-01
7.16000e-01 4.45749e-01
7.20000e-01 4.45996e-01
7.24000e-01 4.46553e-01
7.28000e-01 4.47309e-01
7.32000e-01 4.47957e-01
7.36000e-01 4.48421e-01
7.40000e-01 4.48856e-01
7.44000e-01 4.49466e-01
7.48000e-01 4.50498e-01
7.52000e-01 4.52224e-01
7.56000e-01 4.54816e-01
7.60000e-01 4.58152e-01
7.64000e-01 4.61725e-01
7.68000e-01 4.64880e-01
7.72000e-01 4.67299e-01
7.76000e-01 4.69124e-01
7.80000e-01 4.70670e-01
7.84000e-01 4.72201e-01
7.88000e-01 4.73895e-01
7.92000e-01 4.75837e-01
7.96000e-01 4.78016e-01
8.00000e-01 4.80323e-01
8.04000e-01 4.82592e-01
8.08000e-01 4.84691e-01
8.12000e-01 4.86595e-01
8.16000e-01 4.88396e-01
8.20000e-01 4.90287e-01
8.24000e-01 4.92591e-01
8.28000e-01 4.95935e-01
8.32000e-01 5.01653e-01
8.36000e-01 5.12037e-01
8.40000e-01 5.26662e-01
8.44000e-01 5.35806e-01
8.48000e-01 5.37204e-01
8.52000e-01 5.37233e-01
8.56000e-01 5.37233e-01
8.60000e-01 5.37232e-01
8.64000e-01 5.37224e-01
8.68000e-01 5.37138e-01
8.72000e-01 5.36304e-01
8.76000e-01 5.29407e-01
8.80000e-01 4.98159e-01
8.84000e-01 4.57046e-01
8.88000e-01 4.46720e-01
8.92000e-01 4.46431e-01
8.96000e-01 4.46489e-01
9.00000e-01 4.46813e-01
9.04000e-01 4.47711e-01
9.08000e-01 4.49459e-01
9.12000e-01 4.52187e-01
9.16000e-01 4.55940e-01
9.20000e-01 4.61022e-01
9.24000e-01 4.68349e-01
9.28000e-01 4.78473e-01
9.32000e-01 4.87388e-01
9.36000e-01 4.90198e-01
9.40000e-01 4.90395e-01
9.44000e-01 4.90406e-01
9.48000e-01 4.90415e-01
9.52000e-01 4.90439e-01
9.56000e-01 4.90508e-01
9.60000e-01 4.90675e-01
9.64000e-01 4.91033e-01
9.68000e-01 4.91726e-01
9.72000e-01 4.93027e-01
9.76000e-01 4.95573e-01
9.80000e-01 5.00870e-01
9.84000e-01 5.11367e-01
9.88000e-01 5.25083e-01
9.92000e-01 5.31518e-01
9.96000e-01 5.32037e-01
1.00000e+00 5.31934e-01
1.00400e+00 5.30794e-01
1.00800e+00 5.24604e-01
1.01200e+00 5.09249e-01
1.01600e+00 4.98566e-01
1.02000e+00 4.97381e-01
1.02400e+00 4.97510e-01
1.02800e+00 4.98605e-01
1.03200e+00 5.02578e-01
1.03600e+00 5.09748e-01
1.04000e+00 5.14171e-01
1.04400e+00 5.14744e-01
1.04800e+00 5.14755e-01
1.05200e+00 5.14757e-01
1.05600e+00 5.14763e-01
1.06000e+00 5.14796e-01
1.06400e+00 5.14901e-01
1.06800e+00 5.14977e-01
1.07200e+00 5.14972e-01
1.07600e+00 5.14833e-01
1.08000e+00 5.13745e-01
1.08400e+00 5.07762e-01
1.08800e+00 4.90009e-01
1.09200e+00 4.73297e-01
1.09600e+00 4.70288e-01
1.10000e+00 4.70306e-01
1.10400e+00 4.70882e-01
1.10800e+00 4.73356e-01
1.11200e+00 4.80265e-01
1.11600e+00 4.92558e-01
1.12000e+00 5.01625e-01
1.12400e+00 5.03062e-01
1.12800e+00 5.02990e-01
1.13200e+00 5.01968e-01
1.13600e+00 4.96432e-01
1.14000e+00 4.82252e-01
1.14400e+00 4.71029e-01
1.14800e+00 4.69331e-01
1.15200e+00 4.69334e-01
1.15600e+00 4.69547e-01
1.16000e+00 4.70334e-01
1.16400e+00 4.71568e-01
1.16800e+00 4.72245e-01
1.17200e+00 4.72385e-01
1.17600e+00 4.72438e-01
1.18000e+00 4.72526e-01
1.18400e+00 4.72776e-01
1.18800e+00 4.73495e-01
1.19200e+00 4.75441e-01
1.19600e+00 4.80270e-01
1.20000e+00 4.89639e-01
1.20400e+00 4.98860e-01
1.20800e+00 5.01340e-01
1.21200e+00 5.01389e-01
1.21600e+00 5.01097e-01
1.22000e+00 4.99114e-01
1.22400e+00 4.92181e-01
1.22800e+00 4.82811e-01
1.23200e+00 4.79923e-01
1.23600e+00 4.79879e-01
1.24000e+00 4.80300e-01
1.24400e+00 4.82098e-01
1.24800e+00 4.84671e-01
1.25200e+00 4.85419e-01
1.25600e+00 4.85369e-01
1.26000e+00 4.84699e-01
1.26400e+00 4.81801e-01
1.26800e+00 4.76364e-01
1.27200e+00 4.73417e-01
1.27600e+00 4.73163e-01
1.28000e+00 4.73201e-01
1.28400e+00 4.73509e-01
1.28800e+00 4.74757e-01
1.29200e+00 4.78189e-01
1.29600e+00 4.83569e-01
1.30000e+00 4.86600e-01
1.30400e+00 4.86968e-01
1.30800e+00 4.86974e-01
1.31200e+00 4.86974e-01
1.31600e+00 4.86974e-01
1.32000e+00 4.86974e-01
1.32400e+00 4.86974e-01
1.32800e+00 4.86974e-01
1.33200e+00 4.86974e-01
1.33600e+00 4.86974e-01
1.34000e+00 4.86974e-01
1.34400e+00 4.86975e-01
1.34800e+00 4.86976e-01
1.35200e+00 4.86980e-01
1.35600e+00 4.86987e-01
1.36000e+00 4.87004e-01
1.36400e+00 4.87042e-01
1.36800e+00 4.87137e-01
1.37200e+00 4.87393e-01
1.37600e+00 4.88122e-01
1.38000e+00 4.90145e-01
1.38400e+00 4.94693e-01
1.38800e+00 5.00228e-01
1.39200e+00 5.02357e-01
1.39600e+00 5.02510e-01
1.40000e+00 5.02511e-01
1.40400e+00 5.02511e-01
1.40800e+00 5.02511e-01
1.41200e+00 5.02512e-01
1.41600e+00 5.02516e-01
1.42000e+00 5.02528e-01
1.42400e+00 5.02559e-01
1.42800e+00 5.02636e-01
1.43200e+00 5.02815e-01
1.43600e+00 5.03220e-01
1.44000e+00 5.04153e-01
1.44400e+00 5.06314e-01
1.44800e+00 5.10598e-01
1.45200e+00 5.15518e-01
1.45600e+00 5.17504e-01
1.46000e+00 5.17721e-01
1.46400e+00 5.17754e-01
1.46800e+00 5.17792e-01
1.47200e+00 5.17887e-01
1.47600e+00 5.18134e-01
1.48000e+00 5.18718e-01
1.48400e+00 5.20023e-01
1.48800e+00 5.22930e-01
1.49200e+00 5.29471e-01
1.49600e+00 5.42469e-01
1.50000e+00 5.57717e-01
1.50400e+00 5.63572e-01
1.50800e+00 5.63986e-01
1.51200e+00 5.63989e-01
1.51600e+00 5.63989e-01
1.52000e+00 5.63989e-01
1.52400e+00 5.63989e-01
1.52800e+00 5.63989e-01
1.53200e+00 5.63986e-01
1.53600e+00 5.63959e-01
1.54000e+00 5.63719e-01
1.54400e+00 5.61750e-01
1.54800e+00 5.50063e-01
1.55200e+00 5.20557e-01
1.55600e+00 5.01964e-01
1.56000e+00 5.00019e-01
1.56400e+00 5.00000e-01
1.56800e+00 5.00000e-01
1.57200e+00 5.00000e-01
1.57600e+00 5.00000e-01
1.58000e+00 5.00000e-01
1.58400e+00 5.00000e-01
1.58800e+00 5.00000e-01
1.59200e+00 5.00000e-01
1.59600e+00 5.00000e-01
1.60000e+00 5.00000e-01
1.60400e+00 5.00000e-01
1.60800e+00 5.00000e-01
1.61200e+00 5.00000e-01
1.61600e+00 5.00000e-01
1.62000e+00 5.00000e-01
1.62400e+00 5.00000e-01
1.62800e+00 5.00000e-01
1.63200e+00 5.00000e-01
1.63600e+00 5.00000e-01
1.64000e+00 5.00000e-01
1.64400e+00 5.00000e-01
1.64800e+00 5.00000e-01
1.65200e+00 5.00000e-01
1.65600e+00 5.00000e-01
1.66000e+00 5.00000e-01
1.66400e+00 5.00000e-01
1.66800e+00 5.00000e-01
1.67200e+00 5.00000e-01
1.67600e+00 5.00000e-01
1.68000e+00 5.00000e-01
1.68400e+00 5.00000e-01
1.68800e+00 5.00000e-01
1.69200e+00 5.00000e-01
1.69600e+00 5.00000e-01
1.70000e+00 5.00000e-01
1.70400e+00 5.00000e-01
1.70800e+00 5.00000e-01
1.71200e+00 5.00000e-01
1.71600e+00 5.00000e-01
1.72000e+00 5.00000e-01
1.72400e+00 5.00000e-01
1.72800e+00 5.00000e-01
1.73200e+00 5.00000e-01
1.73600e+00 5.00000e-01
1.74000e+00 5.00000e-01
1.74400e+00 5.00000e-01
1.74800e+00 5.00000e-01
1.75200e+00 5.00000e-01
1.75600e+00 5.00000e-01
1.76000e+00 5.00000e-01
1.76400e+00 5.00000e-01
1.76800e+00 5.00000e-01
1.77200e+00 5.00000e-01
1.77600e+00 5.00000e-01
1.78000e+00 5.00000e-01
1.78400e+00 5.00000e-01
1.78800e+00 5.00000e-01
1.79200e+00 5.00000e-01
1.79600e+00 5.00000e-01
1.80000e+00 5.00000e-01
1.80400e+00 5.00000e-01
1.80800e+00 5.00000e-01
1.81200e+00 5.00000e-01
1.81600e+00 5.00000e-01
1.82000e+00 5.00000e-01
1.82400e+00 5.00000e-01
1.82800e+00 5.00000e-01
1.83200e+00 5.00000e-01
1.83600e+00 5.00000e-01
1.84000e+00 5.00000e-01
1.84400e+00 5.00000e-01
1.84800e+00 5.00000e-01
1.85200e+00 5.00000e-01
1.85600e+00 5.00000e-01
1.86000e+00 5.00000e-01
1.86400e+00 5.00000e-01
1.86800e+00 5.00000e-01
1.87200e+00 5.00000e-01
1.87600e+00 5.00000e-01
1.88000e+00 5.00000e-01
1.88400e+00 5.00000e-01
1.88800e+00 5.00000e-01
1.89200e+00 5.00000e-01
1.89600e+00 5.00000e-01
1.90000e+00 5.00000e-01
1.90400e+00 5.00000e-01
1.90800e+00 5.00000e-01
1.91200e+00 5.00000e-01
1.91600e+00 5.00000e-01
1.92000e+00 5.00000e-01
1.92400e+00 5.00000e-01
1.92800e+00 5.00000e-01
1.93200e+00 5.00000e-01
1.93600e+00 5.00000e-01
1.94000e+00 5.00000e-01
1.94400e+00 5.00000e-01
1.94800e+00 5.00000e-01
1.95200e+00 5.00000e-01
1.95600e+00 5.00000e-01
1.96000e+00 5.00000e-01
1.96400e+00 5.00000e-01
1.96800e+00 5.00000e-01
1.97200e+00 5.00000e-01
1.97600e+00 5.00000e-01
1.98000e+00 5.00000e-01
1.98400e+00 5.00000e-01
1.98800e+00 5.00000e-01
1.99200e+00 5.00000e-01
1.99600e+00 5.00000e-01
