0.00000e+00 5.24811e-01
4.00000e-03 5.24811e-01
8.00000e-03 5.24812e-01
1.20000e-02 5.24818e-01
1.60000e-02 5.24897e-01
2.00000e-02 5.25567e-01
2.40000e-02 5.29272e-01
2.80000e-02 5.42007e-01
3.20000e-02 5.63453e-01
3.60000e-02 5.74480e-01
4.00000e-02 5.75519e-01
4.40000e-02 5.75548e-01
4.80000e-02 5.75578e-01
5.20000e-02 5.75755e-01
5.60000e-02 5.76705e-01
6.00000e-02 5.78011e-01
6.40000e-02 5.77986e-01
6.80000e-02 5.73211e-01
7.20000e-02 5.27179e-01
7.60000e-02 4.37626e-01
8.00000e-02 4.11686e-01
8.40000e-02 4.11039e-01
8.80000e-02 4.11429e-01
9.20000e-02 4.12797e-01
9.60000e-02 4.15099e-01
1.00000e-01 4.18181e-01
1.04000e-01 4.22407e-01
1.08000e-01 4.28536e-01
1.12000e-01 4.37435e-01
1.16000e-01 4.50187e-01
1.20000e-01 4.68594e-01
1.24000e-01 4.92940e-01
1.28000e-01 5.12336e-01
1.32000e-01 5.17082e-01
1.36000e-01 5.17184e-01
1.40000e-01 5.16713e-01
1.44000e-01 5.12940e-01
1.48000e-01 4.98437e-01
1.52000e-01 4.79611e-01
1.56000e-01 4.74446e-01
1.60000e-01 4.74256e-01
1.64000e-01 4.74194e-01
1.68000e-01 4.73652e-01
1.72000e-01 4.69423e-01
1.76000e-01 4.51430e-01
1.80000e-01 4.25139e-01
1.84000e-01 4.17236e-01
1.88000e-01 4.17191e-01
1.92000e-01 4.18587e-01
1.96000e-01 4.23697e-01
2.00000e-01 4.33675e-01
2.04000e-01 4.43145e-01
2.08000e-01 4.46171e-01
2.12000e-01 4.46473e-01
2.16000e-01 4.46550e-01
2.20000e-01 4.46664e-01
2.24000e-01 4.46955e-01
2.28000e-01 4.47635e-01
2.32000e-01 4.48938e-01
2.36000e-01 4.50917e-01
2.40000e-01 4.53297e-01
2.44000e-01 4.55673e-01
2.48000e-01 4.57901e-01
2.52000e-01 4.60157e-01
2.56000e-01 4.62759e-01
2.60000e-01 4.66033e-01
2.64000e-01 4.70246e-01
2.68000e-01 4.75651e-01
2.72000e-01 4.82765e-01
2.76000e-01 4.92914e-01
2.80000e-01 5.08434e-01
2.84000e-01 5.28393e-01
2.88000e-01 5.40792e-01
2.92000e-01 5.42739e-01
2.96000e-01 5.42765e-01
3.00000e-01 5.42674e-01
3.04000e-01 5.41873e-01
3.08000e-01 5.37505e-01
3.12000e-01 5.24805e-01
3.16000e-01 5.12187e-01
3.20000e-01 5.08766e-01
3.24000e-01 5.07825e-01
3.28000e-01 5.05792e-01
3.32000e-01 4.96229e-01
3.36000e-01 4.71506e-01
3.40000e-01 4.53986e-01
3.44000e-01 4.52056e-01
3.48000e-01 4.52294e-01
3.52000e-01 4.53944e-01
3.56000e-01 4.59014e-01
3.60000e-01 4.69904e-01
3.64000e-01 4.87761e-01
3.68000e-01 5.04812e-01
3.72000e-01 5.10332e-01
3.76000e-01 5.10673e-01
3.80000e-01 5.10674e-01
3.84000e-01 5.10670e-01
3.88000e-01 5.10636e-01
3.92000e-01 5.10448e-01
3.96000e-01 5.09574e-01
4.00000e-01 5.06785e-01
4.04000e-01 5.03112e-01
4.08000e-01 5.02101e-01
4.12000e-01 5.02158e-01
4.16000e-01 5.02845e-01
4.20000e-01 5.04038e-01
4.24000e-01 5.04160e-01
4.28000e-01 5.03164e-01
4.32000e-01 4.95901e-01
4.36000e-01 4.74992e-01
4.40000e-01 4.58348e-01
4.44000e-01 4.56123e-01
4.48000e-01 4.56241e-01
4.52000e-01 4.57247e-01
4.56000e-01 4.60457e-01
4.60000e-01 4.67032e-01
4.64000e-01 4.77115e-01
4.68000e-01 4.88735e-01
4.72000e-01 4.97797e-01
4.76000e-01 5.02529e-01
4.80000e-01 5.05143e-01
4.84000e-01 5.08107e-01
4.88000e-01 5.14220e-01
4.92000e-01 5.23628e-01
4.96000e-01 5.27151e-01
5.00000e-01 5.26603e-01
5.04000e-01 5.18674e-01
5.08000e-01 4.88262e-01
5.12000e-01 4.60287e-01
5.16000e-01 4.56292e-01
5.20000e-01 4.56552e-01
5.24000e-01 4.58679e-01
5.28000e-01 4.65811e-01
5.32000e-01 4.81713e-01
5.36000e-01 5.00549e-01
5.40000e-01 5.06188e-01
5.44000e-01 5.05756e-01
5.48000e-01 4.98703e-01
5.52000e-01 4.70014e-01
5.56000e-01 4.40364e-01
5.60000e-01 4.35209e-01
5.64000e-01 4.35341e-01
5.68000e-01 4.36714e-01
5.72000e-01 4.40160e-01
5.76000e-01 4.43736e-01
5.80000e-01 4.45366e-01
5.84000e-01 4.45997e-01
5.88000e-01 4.46556e-01
5.92000e-01 4.47492e-01
5.96000e-01 4.49229e-01
6.00000e-01 4.52060e-01
6.04000e-01 4.55892e-01
6.08000e-01 4.60177e-01
6.12000e-01 4.64273e-01
6.16000e-01 4.67920e-01
6.20000e-01 4.71369e-01
6.24000e-01 4.75254e-01
6.28000e-01 4.80688e-01
6.32000e-01 4.89549e-01
6.36000e-01 5.02850e-01
6.40000e-01 5.14095e-01
6.44000e-01 5.17014e-01
6.48000e-01 5.17145e-01
6.52000e-01 5.17145e-01
6.56000e-01 5.17145e-01
6.60000e-01 5.17145e-01
6.64000e-01 5.17145e-01
6.68000e-01 5.17144e-01
6.72000e-01 5.17142e-01
6.76000e-01 5.17135e-01
6.80000e-01 5.17117e-01
6.84000e-01 5.17072e-01
6.88000e-01 5.16927e-01
6.92000e-01 5.16308e-01
6.96000e-01 5.13420e-01
7.00000e-01 5.03058e-01
7.04000e-01 4.84844e-01
7.08000e-01 4.73374e-01
7.12000e-01 4.69495e-01
7.16000e-01 4.66232e-01
7.20000e-01 4.59625e-01
7.24000e-01 4.50217e-01
7.28000e-01 4.46052e-01
7.32000e-01 4.45731e-01
7.36000e-01 4.45741e-01
7.40000e-01 4.45828e-01
7.44000e-01 4.46130e-01
7.48000e-01 4.46742e-01
7.52000e-01 4.47514e-01
7.56000e-01 4.48156e-01
7.60000e-01 4.48632e-01
7.64000e-01 4.49104e-01
7.68000e-01 4.49780e-01
7.72000e-01 4.50911e-01
7.76000e-01 4.52767e-01
7.80000e-01 4.55502e-01
7.84000e-01 4.58957e-01
7.88000e-01 4.62571e-01
7.92000e-01 4.65659e-01
7.96000e-01 4.67938e-01
8.00000e-01 4.69611e-01
8.04000e-01 4.71022e-01
8.08000e-01 4.72441e-01
8.12000e-01 4.74044e-01
8.16000e-01 4.75920e-01
8.20000e-01 4.78061e-01
8.24000e-01 4.80357e-01
8.28000e-01 4.82628e-01
8.32000e-01 4.84719e-01
8.36000e-01 4.86582e-01
8.40000e-01 4.88293e-01
8.44000e-01 4.90020e-01
8.48000e-01 4.92026e-01
8.52000e-01 4.94787e-01
8.56000e-01 4.99299e-01
8.60000e-01 5.07555e-01
8.64000e-01 5.21141e-01
8.68000e-01 5.33595e-01
8.72000e-01 5.37067e-01
8.76000e-01 5.37232e-01
8.80000e-01 5.37232e-01
8.84000e-01 5.37232e-01
8.88000e-01 5.37224e-01
8.92000e-01 5.37146e-01
8.96000e-01 5.36380e-01
9.00000e-01 5.29972e-01
9.04000e-01 4.99921e-01
9.08000e-01 4.58132e-01
9.12000e-01 4.46901e-01
9.16000e-01 4.46558e-01
9.20000e-01 4.46625e-01
9.24000e-01 4.47000e-01
9.28000e-01 4.48016e-01
9.32000e-01 4.49929e-01
9.36000e-01 4.52802e-01
9.40000e-01 4.56676e-01
9.44000e-01 4.62000e-01
9.48000e-01 4.69889e-01
9.52000e-01 4.80470e-01
9.56000e-01 4.88445e-01
9.60000e-01 4.90322e-01
9.64000e-01 4.90409e-01
9.68000e-01 4.90414e-01
9.72000e-01 4.90419e-01
9.76000e-01 4.90436e-01
9.80000e-01 4.90485e-01
9.84000e-01 4.90611e-01
9.88000e-01 4.90889e-01
9.92000e-01 4.91442e-01
9.96000e-01 4.92485e-01
1.00000e+00 4.94496e-01
1.00400e+00 4.98624e-01
1.00800e+00 5.07161e-01
1.01200e+00 5.20722e-01
1.01600e+00 5.30269e-01
1.02000e+00 5.31798e-01
1.02400e+00 5.31780e-01
1.02800e+00 5.31241e-01
1.03200e+00 5.27665e-01
1.03600e+00 5.15391e-01
1.04000e+00 5.01171e-01
1.04400e+00 4.97843e-01
1.04800e+00 4.97830e-01
1.05200e+00 4.98394e-01
1.05600e+00 5.01010e-01
1.06000e+00 5.07260e-01
1.06400e+00 5.13259e-01
1.06800e+00 5.14702e-01
1.07200e+00 5.14756e-01
1.07600e+00 5.14759e-01
1.08000e+00 5.14765e-01
1.08400e+00 5.14793e-01
1.08800e+00 5.14877e-01
1.09200e+00 5.14931e-01
1.09600e+00 5.14925e-01
1.10000e+00 5.14801e-01
1.10400e+00 5.13842e-01
1.10800e+00 5.08487e-01
1.11200e+00 4.91691e-01
1.11600e+00 4.74280e-01
1.12000e+00 4.70679e-01
1.12400e+00 4.70667e-01
1.12800e+00 4.71161e-01
1.13200e+00 4.73403e-01
1.13600e+00 4.79845e-01
1.14000e+00 4.91744e-01
1.14400e+00 5.01072e-01
1.14800e+00 5.02698e-01
1.15200e+00 5.02641e-01
1.15600e+00 5.01699e-01
1.16000e+00 4.96489e-01
1.16400e+00 4.82741e-01
1.16800e+00 4.71332e-01
1.17200e+00 4.69481e-01
1.17600e+00 4.69476e-01
1.18000e+00 4.69666e-01
1.18400e+00 4.70393e-01
1.18800e+00 4.71584e-01
1.19200e+00 4.72278e-01
1.19600e+00 4.72428e-01
1.20000e+00 4.72482e-01
1.20400e+00 4.72567e-01
1.20800e+00 4.72806e-01
1.21200e+00 4.73498e-01
1.21600e+00 4.75377e-01
1.22000e+00 4.80059e-01
1.22400e+00 4.89239e-01
1.22800e+00 4.98501e-01
1.23200e+00 5.01110e-01
1.23600e+00 5.01173e-01
1.24000e+00 5.00925e-01
1.24400e+00 4.99178e-01
1.24800e+00 4.92821e-01
1.25200e+00 4.83535e-01
1.25600e+00 4.80303e-01
1.26000e+00 4.80220e-01
1.26400e+00 4.80563e-01
1.26800e+00 4.82130e-01
1.27200e+00 4.84445e-01
1.27600e+00 4.85130e-01
1.28000e+00 4.85079e-01
1.28400e+00 4.84412e-01
1.28800e+00 4.81562e-01
1.29200e+00 4.76292e-01
1.29600e+00 4.73495e-01
1.30000e+00 4.73263e-01
1.30400e+00 4.73302e-01
1.30800e+00 4.73614e-01
1.31200e+00 4.74871e-01
1.31600e+00 4.78314e-01
1.32000e+00 4.83657e-01
1.32400e+00 4.86618e-01
1.32800e+00 4.86969e-01
1.33200e+00 4.86974e-01
1.33600e+00 4.86974e-01
1.34000e+00 4.86974e-01
1.34400e+00 4.86974e-01
1.34800e+00 4.86974e-01
1.35200e+00 4.86974e-01
1.35600e+00 4.86974e-01
1.36000e+00 4.86974e-01
1.36400e+00 4.86974e-01
1.36800e+00 4.86975e-01
1.37200e+00 4.86976e-01
1.37600e+00 4.86979e-01
1.38000e+00 4.86985e-01
1.38400e+00 4.86999e-01
1.38800e+00 4.87031e-01
1.39200e+00 4.87111e-01
1.39600e+00 4.87331e-01
1.40000e+00 4.87959e-01
1.40400e+00 4.89732e-01
1.40800e+00 4.93915e-01
1.41200e+00 4.99622e-01
1.41600e+00 5.02264e-01
1.42000e+00 5.02508e-01
1.42400e+00 5.02511e-01
1.42800e+00 5.02511e-01
1.43200e+00 5.02511e-01
1.43600e+00 5.02512e-01
1.44000e+00 5.02514e-01
1.44400e+00 5.02522e-01
1.44800e+00 5.02542e-01
1.45200e+00 5.02593e-01
1.45600e+00 5.02713e-01
1.46000e+00 5.02990e-01
1.46400e+00 5.03648e-01
1.46800e+00 5.05264e-01
1.47200e+00 5.08906e-01
1.47600e+00 5.14257e-01
1.48000e+00 5.17312e-01
1.48400e+00 5.17744e-01
1.48800e+00 5.17772e-01
1.49200e+00 5.17790e-01
1.49600e+00 5.17832e-01
1.50000e+00 5.17954e-01
1.50400e+00 5.18266e-01
1.50800e+00 5.18994e-01
1.51200e+00 5.20618e-01
1.51600e+00 5.24270e-01
1.52000e+00 5.32403e-01
1.52400e+00 5.47108e-01
1.52800e+00 5.60481e-01
1.53200e+00 5.63856e-01
1.53600e+00 5.63989e-01
1.54000e+00 5.63989e-01
1.54400e+00 5.63989e-01
1.54800e+00 5.63989e-01
1.55200e+00 5.63989e-01
1.55600e+00 5.63988e-01
1.56000e+00 5.63980e-01
1.56400e+00 5.63910e-01
1.56800e+00 5.63291e-01
1.57200e+00 5.58679e-01
1.57600e+00 5.38415e-01
1.58000e+00 5.09164e-01
1.58400e+00 5.00355e-01
1.58800e+00 5.00001e-01
1.59200e+00 5.00000e-01
1.59600e+00 5.00000e-01
1.60000e+00 5.00000e-01
1.60400e+00 5.00000e-01
1.60800e+00 5.00000e-01
1.61200e+00 5.00000e-01
1.61600e+00 5.00000e-01
1.62000e+00 5.00000e-01
1.62400e+00 5.00000e-01
1.62800e+00 5.00000e-01
1.63200e+00 5.00000e-01
1.63600e+00 5.00000e-01
1.64000e+00 5.00000e-01
1.64400e+00 5.00000e-01
1.64800e+00 5.00000e-01
1.65200e+00 5.00000e-01
1.65600e+00 5.00000e-01
1.66000e+00 5.00000e-01
1.66400e+00 5.00000e-01
1.66800e+00 5.00000e-01
1.67200e+00 5.00000e-01
1.67600e+00 5.00000e-01
1.68000e+00 5.00000e-01
1.68400e+00 5.00000e-01
1.68800e+00 5.00000e-01
1.69200e+00 5.00000e-01
1.69600e+00 5.00000e-01
1.70000e+00 5.00000e-01
1.70400e+00 5.00000e-01
1.70800e+00 5.00000e-01
1.71200e+00 5.00000e-01
1.71600e+00 5.00000e-01
1.72000e+00 5.00000e-01
1.72400e+00 5.00000e-01
1.72800e+00 5.00000e-01
1.73200e+00 5.00000e-01
1.73600e+00 5.00000e-01
1.74000e+00 5.00000e-01
1.74400e+00 5.00000e-01
1.74800e+00 5.00000e-01
1.75200e+00 5.00000e-01
1.75600e+00 5.00000e-01
1.76000e+00 5.00000e-01
1.76400e+00 5.00000e-01
1.76800e+00 5.00000e-01
1.77200e+00 5.00000e-01
1.77600e+00 5.00000e-01
1.78000e+00 5.00000e-01
1.78400e+00 5.00000e-01
1.78800e+00 5.00000e-01
1.79200e+00 5.00000e-01
1.79600e+00 5.00000e-01
1.80000e+00 5.00000e-01
1.80400e+00 5.00000e-01
1.80800e+00 5.00000e-01
1.81200e+00 5.00000e-01
1.81600e+00 5.00000e-01
1.82000e+00 5.00000e-01
1.82400e+00 5.00000e-01
1.82800e+00 5.00000e-01
1.83200e+00 5.00000e-01
1.83600e+00 5.00000e-01
1.84000e+00 5.00000e-01
1.84400e+00 5.00000e-01
1.84800e+00 5.00000e-01
1.85200e+00 5.00000e-01
1.85600e+00 5.00000e-01
1.86000e+00 5.00000e-01
1.86400e+00 5.00000e-01
1.86800e+00 5.00000e-01
1.87200e+00 5.00000e-01
1.87600e+00 5.00000e-01
1.88000e+00 5.00000e-01
1.88400e+00 5.00000e-01
1.88800e+00 5.00000e-01
1.89200e+00 5.00000e-01
1.89600e+00 5.00000e-01
1.90000e+00 5.00000e-01
1.90400e+00 5.00000e-01
1.90800e+00 5.00000e-01
1.91200e+00 5.00000e-01
1.91600e+00 5.00000e-01
1.92000e+00 5.00000e-01
1.92400e+00 5.00000e-01
1.92800e+00 5.00000e-01
1.93200e+00 5.00000e-01
1.93600e+00 5.00000e-01
1.94000e+00 5.00000e-01
1.94400e+00 5.00000e-01
1.94800e+00 5.00000e-01
1.95200e+00 5.00000e-01
1.95600e+00 5.00000e-01
1.96000e+00 5.00000e-01
1.96400e+00 5.00000e-01
1.96800e+00 5.00000e-01
1.97200e+00 5.00000e-01
1.97600e+00 5.00000e-01
1.98000e+00 5.00000e-01
1.98400e+00 5.00000e-01
1.98800e+00 5.00000e-01
1.99200e+00 5.00000e-01
1.99600e+00 5.00000e-01
