0.00000e+00 4.74908e-01
4.00000e-03 4.74908e-01
8.00000e-03 4.74910e-01
1.20000e-02 4.74944e-01
1.60000e-02 4.75288e-01
2.00000e-02 4.77445e-01
2.40000e-02 4.85925e-01
2.80000e-02 5.04618e-01
3.20000e-02 5.20928e-01
3.60000e-02 5.24651e-01
4.00000e-02 5.25060e-01
4.40000e-02 5.25446e-01
4.80000e-02 5.26793e-01
5.20000e-02 5.31693e-01
5.60000e-02 5.44876e-01
6.00000e-02 5.64600e-01
6.40000e-02 5.74520e-01
6.80000e-02 5.75528e-01
7.20000e-02 5.75577e-01
7.60000e-02 5.75648e-01
8.00000e-02 5.76080e-01
8.40000e-02 5.76815e-01
8.80000e-02 5.76730e-01
9.20000e-02 5.71888e-01
9.60000e-02 5.26078e-01
1.00000e-01 4.37785e-01
1.04000e-01 4.12384e-01
1.08000e-01 4.11782e-01
1.12000e-01 4.12258e-01
1.16000e-01 4.13948e-01
1.20000e-01 4.16889e-01
1.24000e-01 4.20833e-01
1.28000e-01 4.25916e-01
1.32000e-01 4.32623e-01
1.36000e-01 4.41583e-01
1.40000e-01 4.53776e-01
1.44000e-01 4.71023e-01
1.48000e-01 4.93824e-01
1.52000e-01 5.12163e-01
1.56000e-01 5.16748e-01
1.60000e-01 5.16862e-01
1.64000e-01 5.16493e-01
1.68000e-01 5.13476e-01
1.72000e-01 5.01113e-01
1.76000e-01 4.82133e-01
1.80000e-01 4.74911e-01
1.84000e-01 4.74161e-01
1.88000e-01 4.73723e-01
1.92000e-01 4.71793e-01
1.96000e-01 4.61867e-01
2.00000e-01 4.36913e-01
2.04000e-01 4.19880e-01
2.08000e-01 4.18200e-01
2.12000e-01 4.18669e-01
2.16000e-01 4.21451e-01
2.20000e-01 4.28852e-01
2.24000e-01 4.39437e-01
2.28000e-01 4.45519e-01
2.32000e-01 4.46493e-01
2.36000e-01 4.46580e-01
2.40000e-01 4.46640e-01
2.44000e-01 4.46776e-01
2.48000e-01 4.47133e-01
2.52000e-01 4.47932e-01
2.56000e-01 4.49384e-01
2.60000e-01 4.51494e-01
2.64000e-01 4.53948e-01
2.68000e-01 4.56348e-01
2.72000e-01 4.58575e-01
2.76000e-01 4.60807e-01
2.80000e-01 4.63346e-01
2.84000e-01 4.66482e-01
2.88000e-01 4.70433e-01
2.92000e-01 4.75370e-01
2.96000e-01 4.81637e-01
3.00000e-01 4.90206e-01
3.04000e-01 5.03164e-01
3.08000e-01 5.21853e-01
3.12000e-01 5.38060e-01
3.16000e-01 5.42514e-01
3.20000e-01 5.42707e-01
3.24000e-01 5.42682e-01
3.28000e-01 5.42395e-01
3.32000e-01 5.40552e-01
3.36000e-01 5.33022e-01
3.40000e-01 5.19042e-01
3.44000e-01 5.10409e-01
3.48000e-01 5.07557e-01
3.52000e-01 5.04286e-01
3.56000e-01 4.93182e-01
3.60000e-01 4.68774e-01
3.64000e-01 4.54052e-01
3.68000e-01 4.52749e-01
3.72000e-01 4.53002e-01
3.76000e-01 4.54625e-01
3.80000e-01 4.59491e-01
3.84000e-01 4.69906e-01
3.88000e-01 4.87205e-01
3.92000e-01 5.04348e-01
3.96000e-01 5.10268e-01
4.00000e-01 5.10669e-01
4.04000e-01 5.10672e-01
4.08000e-01 5.10669e-01
4.12000e-01 5.10645e-01
4.16000e-01 5.10509e-01
4.20000e-01 5.09860e-01
4.24000e-01 5.07577e-01
4.28000e-01 5.03897e-01
4.32000e-01 5.02481e-01
4.36000e-01 5.02475e-01
4.40000e-01 5.02882e-01
4.44000e-01 5.03472e-01
4.48000e-01 5.03451e-01
4.52000e-01 5.02233e-01
4.56000e-01 4.94493e-01
4.60000e-01 4.73790e-01
4.64000e-01 4.58498e-01
4.68000e-01 4.56624e-01
4.72000e-01 4.56738e-01
4.76000e-01 4.57671e-01
4.80000e-01 4.60645e-01
4.84000e-01 4.66808e-01
4.88000e-01 4.76473e-01
4.92000e-01 4.88010e-01
4.96000e-01 4.97382e-01
5.00000e-01 5.02343e-01
5.04000e-01 5.04941e-01
5.08000e-01 5.07682e-01
5.12000e-01 5.13151e-01
5.16000e-01 5.21630e-01
5.20000e-01 5.24949e-01
5.24000e-01 5.24541e-01
5.28000e-01 5.18085e-01
5.32000e-01 4.91121e-01
5.36000e-01 4.62469e-01
5.40000e-01 4.57431e-01
5.44000e-01 4.57621e-01
5.48000e-01 4.59584e-01
5.52000e-01 4.66631e-01
5.56000e-01 4.82555e-01
5.60000e-01 4.99770e-01
5.64000e-01 5.03786e-01
5.68000e-01 5.02984e-01
5.72000e-01 4.93855e-01
5.76000e-01 4.63502e-01
5.80000e-01 4.39122e-01
5.84000e-01 4.36098e-01
5.88000e-01 4.36330e-01
5.92000e-01 4.37895e-01
5.96000e-01 4.41359e-01
6.00000e-01 4.44542e-01
6.04000e-01 4.45882e-01
6.08000e-01 4.46447e-01
6.12000e-01 4.47018e-01
6.16000e-01 4.48022e-01
6.20000e-01 4.49878e-01
6.24000e-01 4.52852e-01
6.28000e-01 4.56795e-01
6.32000e-01 4.61102e-01
6.36000e-01 4.65109e-01
6.40000e-01 4.68582e-01
6.44000e-01 4.71795e-01
6.48000e-01 4.75360e-01
6.52000e-01 4.80303e-01
6.56000e-01 4.88399e-01
6.60000e-01 5.01092e-01
6.64000e-01 5.13138e-01
6.68000e-01 5.16923e-01
6.72000e-01 5.17144e-01
6.76000e-01 5.17145e-01
6.80000e-01 5.17145e-01
6.84000e-01 5.17145e-01
6.88000e-01 5.17145e-01
6.92000e-01 5.17145e-01
6.96000e-01 5.17144e-01
7.00000e-01 5.17140e-01
7.04000e-01 5.17131e-01
7.08000e-01 5.17106e-01
7.12000e-01 5.17012e-01
7.16000e-01 5.16576e-01
7.20000e-01 5.14473e-01
7.24000e-01 5.06365e-01
7.28000e-01 4.89297e-01
7.32000e-01 4.74612e-01
7.36000e-01 4.67758e-01
7.40000e-01 4.62381e-01
7.44000e-01 4.54622e-01
7.48000e-01 4.47599e-01
7.52000e-01 4.45829e-01
7.56000e-01 4.45770e-01
7.60000e-01 4.45791e-01
7.64000e-01 4.45914e-01
7.68000e-01 4.46276e-01
7.72000e-01 4.46943e-01
7.76000e-01 4.47728e-01
7.80000e-01 4.48365e-01
7.84000e-01 4.48855e-01
7.88000e-01 4.49367e-01
7.92000e-01 4.50110e-01
7.96000e-01 4.51344e-01
8.00000e-01 4.53332e-01
8.04000e-01 4.56210e-01
8.08000e-01 4.59781e-01
8.12000e-01 4.63425e-01
8.16000e-01 4.66427e-01
8.20000e-01 4.68551e-01
8.24000e-01 4.70067e-01
8.28000e-01 4.71344e-01
8.32000e-01 4.72653e-01
8.36000e-01 4.74169e-01
8.40000e-01 4.75982e-01
8.44000e-01 4.78089e-01
8.48000e-01 4.80380e-01
8.52000e-01 4.82663e-01
8.56000e-01 4.84757e-01
8.60000e-01 4.86592e-01
8.64000e-01 4.88230e-01
8.68000e-01 4.89823e-01
8.72000e-01 4.91595e-01
8.76000e-01 4.93911e-01
8.80000e-01 4.97508e-01
8.84000e-01 5.03960e-01
8.88000e-01 5.15548e-01
8.92000e-01 5.29834e-01
8.96000e-01 5.36553e-01
9.00000e-01 5.37224e-01
9.04000e-01 5.37232e-01
9.08000e-01 5.37231e-01
9.12000e-01 5.37225e-01
9.16000e-01 5.37153e-01
9.20000e-01 5.36450e-01
9.24000e-01 5.30506e-01
9.28000e-01 5.01672e-01
9.32000e-01 4.59301e-01
9.36000e-01 4.47113e-01
9.40000e-01 4.46707e-01
9.44000e-01 4.46782e-01
9.48000e-01 4.47205e-01
9.52000e-01 4.48333e-01
9.56000e-01 4.50397e-01
9.60000e-01 4.53408e-01
9.64000e-01 4.57435e-01
9.68000e-01 4.63090e-01
9.72000e-01 4.71611e-01
9.76000e-01 4.82411e-01
9.80000e-01 4.89200e-01
9.84000e-01 4.90379e-01
9.88000e-01 4.90415e-01
9.92000e-01 4.90418e-01
9.96000e-01 4.90421e-01
1.00000e+00 4.90433e-01
1.00400e+00 4.90469e-01
1.00800e+00 4.90563e-01
1.01200e+00 4.90779e-01
1.01600e+00 4.91217e-01
1.02000e+00 4.92054e-01
1.02400e+00 4.93651e-01
1.02800e+00 4.96873e-01
1.03200e+00 5.03644e-01
1.03600e+00 5.15952e-01
1.04000e+00 5.28069e-01
1.04400e+00 5.31484e-01
1.04800e+00 5.31585e-01
1.05200e+00 5.31357e-01
1.05600e+00 5.29439e-01
1.06000e+00 5.20892e-01
1.06400e+00 5.05423e-01
1.06800e+00 4.98564e-01
1.07200e+00 4.98202e-01
1.07600e+00 4.98449e-01
1.08000e+00 5.00034e-01
1.08400e+00 5.04872e-01
1.08800e+00 5.11676e-01
1.09200e+00 5.14534e-01
1.09600e+00 5.14757e-01
1.10000e+00 5.14763e-01
1.10400e+00 5.14768e-01
1.10800e+00 5.14792e-01
1.11200e+00 5.14857e-01
1.11600e+00 5.14895e-01
1.12000e+00 5.14889e-01
1.12400e+00 5.14778e-01
1.12800e+00 5.13935e-01
1.13200e+00 5.09162e-01
1.13600e+00 4.93365e-01
1.14000e+00 4.75346e-01
1.14400e+00 4.71074e-01
1.14800e+00 4.71025e-01
1.15200e+00 4.71445e-01
1.15600e+00 4.73472e-01
1.16000e+00 4.79472e-01
1.16400e+00 4.90956e-01
1.16800e+00 5.00507e-01
1.17200e+00 5.02330e-01
1.17600e+00 5.02287e-01
1.18000e+00 5.01420e-01
1.18400e+00 4.96521e-01
1.18800e+00 4.83212e-01
1.19200e+00 4.71635e-01
1.19600e+00 4.69626e-01
1.20000e+00 4.69613e-01
1.20400e+00 4.69780e-01
1.20800e+00 4.70451e-01
1.21200e+00 4.71598e-01
1.21600e+00 4.72309e-01
1.22000e+00 4.72470e-01
1.22400e+00 4.72525e-01
1.22800e+00 4.72608e-01
1.23200e+00 4.72838e-01
1.23600e+00 4.73503e-01
1.24000e+00 4.75317e-01
1.24400e+00 4.79857e-01
1.24800e+00 4.88851e-01
1.25200e+00 4.98152e-01
1.25600e+00 5.00892e-01
1.26000e+00 5.00971e-01
1.26400e+00 5.00759e-01
1.26800e+00 4.99223e-01
1.27200e+00 4.93417e-01
1.27600e+00 4.84266e-01
1.28000e+00 4.80678e-01
1.28400e+00 4.80544e-01
1.28800e+00 4.80821e-01
1.29200e+00 4.82172e-01
1.29600e+00 4.84232e-01
1.30000e+00 4.84849e-01
1.30400e+00 4.84795e-01
1.30800e+00 4.84131e-01
1.31200e+00 4.81327e-01
1.31600e+00 4.76223e-01
1.32000e+00 4.73573e-01
1.32400e+00 4.73361e-01
1.32800e+00 4.73401e-01
1.33200e+00 4.73718e-01
1.33600e+00 4.74984e-01
1.34000e+00 4.78435e-01
1.34400e+00 4.83741e-01
1.34800e+00 4.86634e-01
1.35200e+00 4.86969e-01
1.35600e+00 4.86974e-01
1.36000e+00 4.86974e-01
1.36400e+00 4.86974e-01
1.36800e+00 4.86974e-01
1.37200e+00 4.86974e-01
1.37600e+00 4.86974e-01
1.38000e+00 4.86974e-01
1.38400e+00 4.86974e-01
1.38800e+00 4.86974e-01
1.39200e+00 4.86975e-01
1.39600e+00 4.86976e-01
1.40000e+00 4.86978e-01
1.40400e+00 4.86983e-01
1.40800e+00 4.86994e-01
1.41200e+00 4.87021e-01
1.41600e+00 4.87090e-01
1.42000e+00 4.87277e-01
1.42400e+00 4.87818e-01
1.42800e+00 4.89364e-01
1.43200e+00 4.93173e-01
1.43600e+00 4.98940e-01
1.44000e+00 5.02128e-01
1.44400e+00 5.02506e-01
1.44800e+00 5.02511e-01
1.45200e+00 5.02511e-01
1.45600e+00 5.02511e-01
1.46000e+00 5.02512e-01
1.46400e+00 5.02513e-01
1.46800e+00 5.02518e-01
1.47200e+00 5.02531e-01
1.47600e+00 5.02564e-01
1.48000e+00 5.02644e-01
1.48400e+00 5.02833e-01
1.48800e+00 5.03291e-01
1.49200e+00 5.04464e-01
1.49600e+00 5.07368e-01
1.50000e+00 5.12619e-01
1.50400e+00 5.16843e-01
1.50800e+00 5.17742e-01
1.51200e+00 5.17786e-01
1.51600e+00 5.17796e-01
1.52000e+00 5.17814e-01
1.52400e+00 5.17870e-01
1.52800e+00 5.18029e-01
1.53200e+00 5.18426e-01
1.53600e+00 5.19334e-01
1.54000e+00 5.21363e-01
1.54400e+00 5.25956e-01
1.54800e+00 5.35926e-01
1.55200e+00 5.51686e-01
1.55600e+00 5.62275e-01
1.56000e+00 5.63954e-01
1.56400e+00 5.63989e-01
1.56800e+00 5.63989e-01
1.57200e+00 5.63989e-01
1.57600e+00 5.63989e-01
1.58000e+00 5.63989e-01
1.58400e+00 5.63987e-01
1.58800e+00 5.63966e-01
1.59200e+00 5.63780e-01
1.59600e+00 5.62229e-01
1.60000e+00 5.52445e-01
1.60400e+00 5.24245e-01
1.60800e+00 5.02869e-01
1.61200e+00 5.00039e-01
1.61600e+00 5.00000e-01
1.62000e+00 5.00000e-01
1.62400e+00 5.00000e-01
1.62800e+00 5.00000e-01
1.63200e+00 5.00000e-01
1.63600e+00 5.00000e-01
1.64000e+00 5.00000e-01
1.64400e+00 5.00000e-01
1.64800e+00 5.00000e-01
1.65200e+00 5.00000e-01
1.65600e+00 5.00000e-01
1.66000e+00 5.00000e-01
1.66400e+00 5.00000e-01
1.66800e+00 5.00000e-01
1.67200e+00 5.00000e-01
1.67600e+00 5.00000e-01
1.68000e+00 5.00000e-01
1.68400e+00 5.00000e-01
1.68800e+00 5.00000e-01
1.69200e+00 5.00000e-01
1.69600e+00 5.00000e-01
1.70000e+00 5.00000e-01
1.70400e+00 5.00000e-01
1.70800e+00 5.00000e-01
1.71200e+00 5.00000e-01
1.71600e+00 5.00000e-01
1.72000e+00 5.00000e-01
1.72400e+00 5.00000e-01
1.72800e+00 5.00000e-01
1.73200e+00 5.00000e-01
1.73600e+00 5.00000e-01
1.74000e+00 5.00000e-01
1.74400e+00 5.00000e-01
1.74800e+00 5.00000e-01
1.75200e+00 5.00000e-01
1.75600e+00 5.00000e-01
1.76000e+00 5.00000e-01
1.76400e+00 5.00000e-01
1.76800e+00 5.00000e-01
1.77200e+00 5.00000e-01
1.77600e+00 5.00000e-01
1.78000e+00 5.00000e-01
1.78400e+00 5.00000e-01
1.78800e+00 5.00000e-01
1.79200e+00 5.00000e-01
1.79600e+00 5.00000e-01
1.80000e+00 5.00000e-01
1.80400e+00 5.00000e-01
1.80800e+00 5.00000e-01
1.81200e+00 5.00000e-01
1.81600e+00 5.00000e-01
1.82000e+00 5.00000e-01
1.82400e+00 5.00000e-01
1.82800e+00 5.00000e-01
1.83200e+00 5.00000e-01
1.83600e+00 5.00000e-01
1.84000e+00 5.00000e-01
1.84400e+00 5.00000e-01
1.84800e+00 5.00000e-01
1.85200e+00 5.00000e-01
1.85600e+00 5.00000e-01
1.86000e+00 5.00000e-01
1.86400e+00 5.00000e-01
1.86800e+00 5.00000e-01
1.87200e+00 5.00000e-01
1.87600e+00 5.00000e-01
1.88000e+00 5.00000e-01
1.88400e+00 5.00000e-01
1.88800e+00 5.00000e-01
1.89200e+00 5.00000e-01
1.89600e+00 5.00000e-01
1.90000e+00 5.00000e-01
1.90400e+00 5.00000e-01
1.90800e+00 5.00000e-01
1.91200e+00 5.00000e-01
1.91600e+00 5.00000e-01
1.92000e+00 5.00000e-01
1.92400e+00 5.00000e-01
1.92800e+00 5.00000e-01
1.93200e+00 5.00000e-01
1.93600e+00 5.00000e-01
1.94000e+00 5.00000e-01
1.94400e+00 5.00000e-01
1.94800e+00 5.00000e-01
1.95200e+00 5.00000e-01
1.95600e+00 5.00000e-01
1.96000e+00 5.00000e-01
1.96400e+00 5.00000e-01
1.96800e+00 5.00000e-01
1.97200e+00 5.00000e-01
1.97600e+00 5.00000e-01
1.98000e+00 5.00000e-01
1.98400e+00 5.00000e-01
1.98800e+00 5.00000e-01
1.99200e+00 5.00000e-01
1.99600e+00 5.00000e-01
