0.00000e+00 5.42764e-01
4.00000e-03 5.42764e-01
8.00000e-03 5.42763e-01
1.20000e-02 5.42758e-01
1.60000e-02 5.42661e-01
2.00000e-02 5.41548e-01
2.40000e-02 5.33545e-01
2.80000e-02 5.09056e-01
3.20000e-02 4.89344e-01
3.60000e-02 4.86126e-01
4.00000e-02 4.85656e-01
4.40000e-02 4.84855e-01
4.80000e-02 4.82169e-01
5.20000e-02 4.77598e-01
5.60000e-02 4.75637e-01
6.00000e-02 4.75582e-01
6.40000e-02 4.75913e-01
6.80000e-02 4.77608e-01
7.20000e-02 4.82789e-01
7.60000e-02 4.94393e-01
8.00000e-02 5.11477e-01
8.40000e-02 5.22863e-01
8.80000e-02 5.25276e-01
9.20000e-02 5.25624e-01
9.60000e-02 5.25909e-01
1.00000e-01 5.26644e-01
1.04000e-01 5.28957e-01
1.08000e-01 5.35516e-01
1.12000e-01 5.49883e-01
1.16000e-01 5.67337e-01
1.20000e-01 5.75010e-01
1.24000e-01 5.75959e-01
1.28000e-01 5.75985e-01
1.32000e-01 5.75974e-01
1.36000e-01 5.75664e-01
1.40000e-01 5.70172e-01
1.44000e-01 5.23426e-01
1.48000e-01 4.37742e-01
1.52000e-01 4.14141e-01
1.56000e-01 4.13697e-01
1.60000e-01 4.14500e-01
1.64000e-01 4.17159e-01
1.68000e-01 4.21589e-01
1.72000e-01 4.27039e-01
1.76000e-01 4.33147e-01
1.80000e-01 4.40115e-01
1.84000e-01 4.48488e-01
1.88000e-01 4.59310e-01
1.92000e-01 4.74498e-01
1.96000e-01 4.94881e-01
2.00000e-01 5.11760e-01
2.04000e-01 5.16218e-01
2.08000e-01 5.16363e-01
2.12000e-01 5.16166e-01
2.16000e-01 5.14457e-01
2.20000e-01 5.06519e-01
2.24000e-01 4.89465e-01
2.28000e-01 4.77184e-01
2.32000e-01 4.73177e-01
2.36000e-01 4.69597e-01
2.40000e-01 4.59015e-01
2.44000e-01 4.35989e-01
2.48000e-01 4.21486e-01
2.52000e-01 4.20174e-01
2.56000e-01 4.20604e-01
2.60000e-01 4.23149e-01
2.64000e-01 4.30034e-01
2.68000e-01 4.40044e-01
2.72000e-01 4.45762e-01
2.76000e-01 4.46616e-01
2.80000e-01 4.46672e-01
2.84000e-01 4.46706e-01
2.88000e-01 4.46784e-01
2.92000e-01 4.47005e-01
2.96000e-01 4.47541e-01
3.00000e-01 4.48614e-01
3.04000e-01 4.50382e-01
3.08000e-01 4.52748e-01
3.12000e-01 4.55322e-01
3.16000e-01 4.57729e-01
3.20000e-01 4.59905e-01
3.24000e-01 4.62050e-01
3.28000e-01 4.64442e-01
3.32000e-01 4.67327e-01
3.36000e-01 4.70860e-01
3.40000e-01 4.75107e-01
3.44000e-01 4.80178e-01
3.48000e-01 4.86539e-01
3.52000e-01 4.95474e-01
3.56000e-01 5.09316e-01
3.60000e-01 5.27867e-01
3.64000e-01 5.40343e-01
3.68000e-01 5.42573e-01
3.72000e-01 5.42622e-01
3.76000e-01 5.42598e-01
3.80000e-01 5.42375e-01
3.84000e-01 5.41117e-01
3.88000e-01 5.36374e-01
3.92000e-01 5.26374e-01
3.96000e-01 5.14670e-01
4.00000e-01 5.01716e-01
4.04000e-01 4.81628e-01
4.08000e-01 4.60411e-01
4.12000e-01 4.54026e-01
4.16000e-01 4.53828e-01
4.20000e-01 4.54149e-01
4.24000e-01 4.55784e-01
4.28000e-01 4.60325e-01
4.32000e-01 4.69893e-01
4.36000e-01 4.86112e-01
4.40000e-01 5.03355e-01
4.44000e-01 5.10112e-01
4.48000e-01 5.10663e-01
4.52000e-01 5.10667e-01
4.56000e-01 5.10666e-01
4.60000e-01 5.10654e-01
4.64000e-01 5.10585e-01
4.68000e-01 5.10239e-01
4.72000e-01 5.08852e-01
4.76000e-01 5.05670e-01
4.80000e-01 5.03255e-01
4.84000e-01 5.02912e-01
4.88000e-01 5.02905e-01
4.92000e-01 5.02885e-01
4.96000e-01 5.02649e-01
5.00000e-01 5.00828e-01
5.04000e-01 4.91763e-01
5.08000e-01 4.71287e-01
5.12000e-01 4.58688e-01
5.16000e-01 4.57461e-01
5.20000e-01 4.57573e-01
5.24000e-01 4.58400e-01
5.28000e-01 4.61003e-01
5.32000e-01 4.66463e-01
5.36000e-01 4.75312e-01
5.40000e-01 4.86517e-01
5.44000e-01 4.96393e-01
5.48000e-01 5.01920e-01
5.52000e-01 5.04644e-01
5.56000e-01 5.07159e-01
5.60000e-01 5.11763e-01
5.64000e-01 5.18678e-01
5.68000e-01 5.21414e-01
5.72000e-01 5.21152e-01
5.76000e-01 5.16589e-01
5.80000e-01 4.95164e-01
5.84000e-01 4.66711e-01
5.88000e-01 4.59835e-01
5.92000e-01 4.59907e-01
5.96000e-01 4.61706e-01
6.00000e-01 4.68822e-01
6.04000e-01 4.84387e-01
6.08000e-01 4.97239e-01
6.12000e-01 4.98718e-01
6.16000e-01 4.96839e-01
6.20000e-01 4.82902e-01
6.24000e-01 4.52796e-01
6.28000e-01 4.38536e-01
6.32000e-01 4.37746e-01
6.36000e-01 4.38157e-01
6.40000e-01 4.40073e-01
6.44000e-01 4.43409e-01
6.48000e-01 4.45858e-01
6.52000e-01 4.46798e-01
6.56000e-01 4.47294e-01
6.60000e-01 4.47919e-01
6.64000e-01 4.49081e-01
6.68000e-01 4.51188e-01
6.72000e-01 4.54448e-01
6.76000e-01 4.58601e-01
6.80000e-01 4.62930e-01
6.84000e-01 4.66738e-01
6.88000e-01 4.69856e-01
6.92000e-01 4.72614e-01
6.96000e-01 4.75590e-01
7.00000e-01 4.79648e-01
7.04000e-01 4.86309e-01
7.08000e-01 4.97498e-01
7.12000e-01 5.10594e-01
7.16000e-01 5.16550e-01
7.20000e-01 5.17138e-01
7.24000e-01 5.17145e-01
7.28000e-01 5.17145e-01
7.32000e-01 5.17145e-01
7.36000e-01 5.17145e-01
7.40000e-01 5.17145e-01
7.44000e-01 5.17145e-01
7.48000e-01 5.17144e-01
7.52000e-01 5.17142e-01
7.56000e-01 5.17133e-01
7.60000e-01 5.17094e-01
7.64000e-01 5.16903e-01
7.68000e-01 5.15983e-01
7.72000e-01 5.12140e-01
7.76000e-01 5.00643e-01
7.80000e-01 4.80398e-01
7.84000e-01 4.60634e-01
7.88000e-01 4.49367e-01
7.92000e-01 4.46117e-01
7.96000e-01 4.45818e-01
8.00000e-01 4.45816e-01
8.04000e-01 4.45828e-01
8.08000e-01 4.45896e-01
8.12000e-01 4.46118e-01
8.16000e-01 4.46618e-01
8.20000e-01 4.47387e-01
8.24000e-01 4.48185e-01
8.28000e-01 4.48814e-01
8.32000e-01 4.49336e-01
8.36000e-01 4.49931e-01
8.40000e-01 4.50819e-01
8.44000e-01 4.52265e-01
8.48000e-01 4.54523e-01
8.52000e-01 4.57693e-01
8.56000e-01 4.61490e-01
8.60000e-01 4.65154e-01
8.64000e-01 4.67918e-01
8.68000e-01 4.69686e-01
8.72000e-01 4.70878e-01
8.76000e-01 4.71896e-01
8.80000e-01 4.72997e-01
8.84000e-01 4.74348e-01
8.88000e-01 4.76044e-01
8.92000e-01 4.78093e-01
8.96000e-01 4.80389e-01
9.00000e-01 4.82719e-01
9.04000e-01 4.84854e-01
9.08000e-01 4.86669e-01
9.12000e-01 4.88202e-01
9.16000e-01 4.89591e-01
9.20000e-01 4.91017e-01
9.24000e-01 4.92721e-01
9.28000e-01 4.95111e-01
9.32000e-01 4.99057e-01
9.36000e-01 5.06379e-01
9.40000e-01 5.19081e-01
9.44000e-01 5.32354e-01
9.48000e-01 5.36935e-01
9.52000e-01 5.37227e-01
9.56000e-01 5.37228e-01
9.60000e-01 5.37223e-01
9.64000e-01 5.37164e-01
9.68000e-01 5.36575e-01
9.72000e-01 5.31489e-01
9.76000e-01 5.05145e-01
9.80000e-01 4.61904e-01
9.84000e-01 4.47641e-01
9.88000e-01 4.47070e-01
9.92000e-01 4.47158e-01
9.96000e-01 4.47661e-01
1.00000e+00 4.48982e-01
1.00400e+00 4.51311e-01
1.00800e+00 4.54613e-01
1.01200e+00 4.59084e-01
1.01600e+00 4.65650e-01
1.02000e+00 4.75469e-01
1.02400e+00 4.85787e-01
1.02800e+00 4.90029e-01
1.03200e+00 4.90415e-01
1.03600e+00 4.90421e-01
1.04000e+00 4.90421e-01
1.04400e+00 4.90423e-01
1.04800e+00 4.90429e-01
1.05200e+00 4.90449e-01
1.05600e+00 4.90502e-01
1.06000e+00 4.90630e-01
1.06400e+00 4.90904e-01
1.06800e+00 4.91440e-01
1.07200e+00 4.92460e-01
1.07600e+00 4.94449e-01
1.08000e+00 4.98577e-01
1.08400e+00 5.07138e-01
1.08800e+00 5.20566e-01
1.09200e+00 5.29759e-01
1.09600e+00 5.31182e-01
1.10000e+00 5.31167e-01
1.10400e+00 5.30716e-01
1.10800e+00 5.27691e-01
1.11200e+00 5.16801e-01
1.11600e+00 5.02850e-01
1.12000e+00 4.99038e-01
1.12400e+00 4.98982e-01
1.12800e+00 4.99410e-01
1.13200e+00 5.01574e-01
1.13600e+00 5.07114e-01
1.14000e+00 5.13027e-01
1.14400e+00 5.14688e-01
1.14800e+00 5.14773e-01
1.15200e+00 5.14782e-01
1.15600e+00 5.14798e-01
1.16000e+00 5.14833e-01
1.16400e+00 5.14847e-01
1.16800e+00 5.14840e-01
1.17200e+00 5.14752e-01
1.17600e+00 5.14107e-01
1.18000e+00 5.10363e-01
1.18400e+00 4.96650e-01
1.18800e+00 4.77756e-01
1.19200e+00 4.71896e-01
1.19600e+00 4.71729e-01
1.20000e+00 4.72028e-01
1.20400e+00 4.73672e-01
1.20800e+00 4.78850e-01
1.21200e+00 4.89469e-01
1.21600e+00 4.99342e-01
1.22000e+00 5.01580e-01
1.22400e+00 5.01568e-01
1.22800e+00 5.00836e-01
1.23200e+00 4.96513e-01
1.23600e+00 4.84091e-01
1.24000e+00 4.72247e-01
1.24400e+00 4.69899e-01
1.24800e+00 4.69869e-01
1.25200e+00 4.69998e-01
1.25600e+00 4.70563e-01
1.26000e+00 4.71621e-01
1.26400e+00 4.72365e-01
1.26800e+00 4.72553e-01
1.27200e+00 4.72612e-01
1.27600e+00 4.72691e-01
1.28000e+00 4.72903e-01
1.28400e+00 4.73519e-01
1.28800e+00 4.75209e-01
1.29200e+00 4.79478e-01
1.29600e+00 4.88107e-01
1.30000e+00 4.97474e-01
1.30400e+00 5.00488e-01
1.30800e+00 5.00603e-01
1.31200e+00 5.00450e-01
1.31600e+00 4.99271e-01
1.32000e+00 4.94477e-01
1.32400e+00 4.85740e-01
1.32800e+00 4.81418e-01
1.33200e+00 4.81144e-01
1.33600e+00 4.81315e-01
1.34000e+00 4.82279e-01
1.34400e+00 4.83845e-01
1.34800e+00 4.84315e-01
1.35200e+00 4.84255e-01
1.35600e+00 4.83591e-01
1.36000e+00 4.80869e-01
1.36400e+00 4.76089e-01
1.36800e+00 4.73726e-01
1.37200e+00 4.73551e-01
1.37600e+00 4.73594e-01
1.38000e+00 4.73919e-01
1.38400e+00 4.75203e-01
1.38800e+00 4.78668e-01
1.39200e+00 4.83899e-01
1.39600e+00 4.86663e-01
1.40000e+00 4.86970e-01
1.40400e+00 4.86974e-01
1.40800e+00 4.86974e-01
1.41200e+00 4.86974e-01
1.41600e+00 4.86974e-01
1.42000e+00 4.86974e-01
1.42400e+00 4.86974e-01
1.42800e+00 4.86974e-01
1.43200e+00 4.86974e-01
1.43600e+00 4.86974e-01
1.44000e+00 4.86974e-01
1.44400e+00 4.86975e-01
1.44800e+00 4.86977e-01
1.45200e+00 4.86980e-01
1.45600e+00 4.86988e-01
1.46000e+00 4.87007e-01
1.46400e+00 4.87056e-01
1.46800e+00 4.87193e-01
1.47200e+00 4.87592e-01
1.47600e+00 4.88756e-01
1.48000e+00 4.91828e-01
1.48400e+00 4.97401e-01
1.48800e+00 5.01678e-01
1.49200e+00 5.02489e-01
1.49600e+00 5.02511e-01
1.50000e+00 5.02511e-01
1.50400e+00 5.02511e-01
1.50800e+00 5.02512e-01
1.51200e+00 5.02512e-01
1.51600e+00 5.02514e-01
1.52000e+00 5.02519e-01
1.52400e+00 5.02533e-01
1.52800e+00 5.02568e-01
1.53200e+00 5.02654e-01
1.53600e+00 5.02871e-01
1.54000e+00 5.03454e-01
1.54400e+00 5.05070e-01
1.54800e+00 5.08975e-01
1.55200e+00 5.14628e-01
1.55600e+00 5.17492e-01
1.56000e+00 5.17798e-01
1.56400e+00 5.17807e-01
1.56800e+00 5.17811e-01
1.57200e+00 5.17822e-01
1.57600e+00 5.17858e-01
1.58000e+00 5.17963e-01
1.58400e+00 5.18234e-01
1.58800e+00 5.18867e-01
1.59200e+00 5.20284e-01
1.59600e+00 5.23480e-01
1.60000e+00 5.30690e-01
1.60400e+00 5.44520e-01
1.60800e+00 5.59083e-01
1.61200e+00 5.63734e-01
1.61600e+00 5.63988e-01
1.62000e+00 5.63989e-01
1.62400e+00 5.63989e-01
1.62800e+00 5.63989e-01
1.63200e+00 5.63989e-01
1.63600e+00 5.63987e-01
1.64000e+00 5.63971e-01
1.64400e+00 5.63828e-01
1.64800e+00 5.62610e-01
1.65200e+00 5.54506e-01
1.65600e+00 5.28058e-01
1.66000e+00 5.04067e-01
1.66400e+00 5.00074e-01
1.66800e+00 5.00000e-01
1.67200e+00 5.00000e-01
1.67600e+00 5.00000e-01
1.68000e+00 5.00000e-01
1.68400e+00 5.00000e-01
1.68800e+00 5.00000e-01
1.69200e+00 5.00000e-01
1.69600e+00 5.00000e-01
1.70000e+00 5.00000e-01
1.70400e+00 5.00000e-01
1.70800e+00 5.00000e-01
1.71200e+00 5.00000e-01
1.71600e+00 5.00000e-01
1.72000e+00 5.00000e-01
1.72400e+00 5.00000e-01
1.72800e+00 5.00000e-01
1.73200e+00 5.00000e-01
1.73600e+00 5.00000e-01
1.74000e+00 5.00000e-01
1.74400e+00 5.00000e-01
1.74800e+00 5.00000e-01
1.75200e+00 5.00000e-01
1.75600e+00 5.00000e-01
1.76000e+00 5.00000e-01
1.76400e+00 5.00000e-01
1.76800e+00 5.00000e-01
1.77200e+00 5.00000e-01
1.77600e+00 5.00000e-01
1.78000e+00 5.00000e-01
1.78400e+00 5.00000e-01
1.78800e+00 5.00000e-01
1.79200e+00 5.00000e-01
1.79600e+00 5.00000e-01
1.80000e+00 5.00000e-01
1.80400e+00 5.00000e-01
1.80800e+00 5.00000e-01
1.81200e+00 5.00000e-01
1.81600e+00 5.00000e-01
1.82000e+00 5.00000e-01
1.82400e+00 5.00000e-01
1.82800e+00 5.00000e-01
1.83200e+00 5.00000e-01
1.83600e+00 5.00000e-01
1.84000e+00 5.00000e-01
1.84400e+00 5.00000e-01
1.84800e+00 5.00000e-01
1.85200e+00 5.00000e-01
1.85600e+00 5.00000e-01
1.86000e+00 5.00000e-01
1.86400e+00 5.00000e-01
1.86800e+00 5.00000e-01
1.87200e+00 5.00000e-01
1.87600e+00 5.00000e-01
1.88000e+00 5.00000e-01
1.88400e+00 5.00000e-01
1.88800e+00 5.00000e-01
1.89200e+00 5.00000e-01
1.89600e+00 5.00000e-01
1.90000e+00 5.00000e-01
1.90400e+00 5.00000e-01
1.90800e+00 5.00000e-01
1.91200e+00 5.00000e-01
1.91600e+00 5.00000e-01
1.92000e+00 5.00000e-01
1.92400e+00 5.00000e-01
1.92800e+00 5.00000e-01
1.93200e+00 5.00000e-01
1.93600e+00 5.00000e-01
1.94000e+00 5.00000e-01
1.94400e+00 5.00000e-01
1.94800e+00 5.00000e-01
1.95200e+00 5.00000e-01
1.95600e+00 5.00000e-01
1.96000e+00 5.00000e-01
1.96400e+00 5.00000e-01
1.96800e+00 5.00000e-01
1.97200e+00 5.00000e-01
1.97600e+00 5.00000e-01
1.98000e+00 5.00000e-01
1.98400e+00 5.00000e-01
1.98800e+00 5.00000e-01
1.99200e+00 5.00000e-01
1.99600e+00 5.00000e-01
