0.00000e+00 4.32374e-01
4.00000e-03 4.32374e-01
8.00000e-03 4.32384e-01
1.20000e-02 4.32518e-01
1.60000e-02 4.33584e-01
2.00000e-02 4.38681e-01
2.40000e-02 4.53334e-01
2.80000e-02 4.74511e-01
3.20000e-02 4.85108e-01
3.60000e-02 4.86833e-01
4.00000e-02 4.87508e-01
4.40000e-02 4.89004e-01
4.80000e-02 4.93893e-01
5.20000e-02 5.06774e-01
5.60000e-02 5.27721e-01
6.00000e-02 5.40555e-01
6.40000e-02 5.42049e-01
6.80000e-02 5.41900e-01
7.20000e-02 5.39968e-01
7.60000e-02 5.29182e-01
8.00000e-02 5.04372e-01
8.40000e-02 4.87824e-01
8.80000e-02 4.84288e-01
9.20000e-02 4.82799e-01
9.60000e-02 4.80406e-01
1.00000e-01 4.77241e-01
1.04000e-01 4.76085e-01
1.08000e-01 4.76064e-01
1.12000e-01 4.76278e-01
1.16000e-01 4.77341e-01
1.20000e-01 4.80551e-01
1.24000e-01 4.88063e-01
1.28000e-01 5.01935e-01
1.32000e-01 5.17841e-01
1.36000e-01 5.24951e-01
1.40000e-01 5.25845e-01
1.44000e-01 5.25968e-01
1.48000e-01 5.26101e-01
1.52000e-01 5.26470e-01
1.56000e-01 5.27598e-01
1.60000e-01 5.30775e-01
1.64000e-01 5.38814e-01
1.68000e-01 5.54775e-01
1.72000e-01 5.71049e-01
1.76000e-01 5.75697e-01
1.80000e-01 5.75851e-01
1.84000e-01 5.75543e-01
1.88000e-01 5.69745e-01
1.92000e-01 5.22169e-01
1.96000e-01 4.38566e-01
2.00000e-01 4.16654e-01
2.04000e-01 4.16373e-01
2.08000e-01 4.17629e-01
2.12000e-01 4.21403e-01
2.16000e-01 4.27208e-01
2.20000e-01 4.33602e-01
2.24000e-01 4.39912e-01
2.28000e-01 4.46398e-01
2.32000e-01 4.53767e-01
2.36000e-01 4.63174e-01
2.40000e-01 4.76557e-01
2.44000e-01 4.95044e-01
2.48000e-01 5.11164e-01
2.52000e-01 5.15831e-01
2.56000e-01 5.16034e-01
2.60000e-01 5.15952e-01
2.64000e-01 5.15201e-01
2.68000e-01 5.11564e-01
2.72000e-01 5.01387e-01
2.76000e-01 4.86287e-01
2.80000e-01 4.70340e-01
2.84000e-01 4.50356e-01
2.88000e-01 4.29535e-01
2.92000e-01 4.22055e-01
2.96000e-01 4.21743e-01
3.00000e-01 4.22211e-01
3.04000e-01 4.24651e-01
3.08000e-01 4.31106e-01
3.12000e-01 4.40540e-01
3.16000e-01 4.45919e-01
3.20000e-01 4.46690e-01
3.24000e-01 4.46729e-01
3.28000e-01 4.46749e-01
3.32000e-01 4.46796e-01
3.36000e-01 4.46934e-01
3.40000e-01 4.47289e-01
3.44000e-01 4.48055e-01
3.48000e-01 4.49443e-01
3.52000e-01 4.51537e-01
3.56000e-01 4.54129e-01
3.60000e-01 4.56769e-01
3.64000e-01 4.59119e-01
3.68000e-01 4.61186e-01
3.72000e-01 4.63200e-01
3.76000e-01 4.65428e-01
3.80000e-01 4.68092e-01
3.84000e-01 4.71309e-01
3.88000e-01 4.75086e-01
3.92000e-01 4.79404e-01
3.96000e-01 4.84429e-01
4.00000e-01 4.90826e-01
4.04000e-01 5.00200e-01
4.08000e-01 5.14906e-01
4.12000e-01 5.32576e-01
4.16000e-01 5.41535e-01
4.20000e-01 5.42567e-01
4.24000e-01 5.42578e-01
4.28000e-01 5.42564e-01
4.32000e-01 5.42462e-01
4.36000e-01 5.42008e-01
4.40000e-01 5.40264e-01
4.44000e-01 5.33084e-01
4.48000e-01 5.07668e-01
4.52000e-01 4.69133e-01
4.56000e-01 4.55055e-01
4.60000e-01 4.54321e-01
4.64000e-01 4.54395e-01
4.68000e-01 4.54924e-01
4.72000e-01 4.56732e-01
4.76000e-01 4.61121e-01
4.80000e-01 4.69976e-01
4.84000e-01 4.85123e-01
4.88000e-01 5.02297e-01
4.92000e-01 5.09913e-01
4.96000e-01 5.10656e-01
5.00000e-01 5.10665e-01
5.04000e-01 5.10664e-01
5.08000e-01 5.10658e-01
5.12000e-01 5.10625e-01
5.16000e-01 5.10460e-01
5.20000e-01 5.09765e-01
5.24000e-01 5.07658e-01
5.28000e-01 5.04549e-01
5.32000e-01 5.03096e-01
5.36000e-01 5.02865e-01
5.40000e-01 5.02739e-01
5.44000e-01 5.02292e-01
5.48000e-01 4.99759e-01
5.52000e-01 4.88987e-01
5.56000e-01 4.68742e-01
5.60000e-01 4.58828e-01
5.64000e-01 4.58119e-01
5.68000e-01 4.58234e-01
5.72000e-01 4.58997e-01
5.76000e-01 4.61331e-01
5.80000e-01 4.66228e-01
5.84000e-01 4.74316e-01
5.88000e-01 4.85006e-01
5.92000e-01 4.95154e-01
5.96000e-01 5.01318e-01
6.00000e-01 5.04370e-01
6.04000e-01 5.06921e-01
6.08000e-01 5.11102e-01
6.12000e-01 5.16789e-01
6.16000e-01 5.18821e-01
6.20000e-01 5.18611e-01
6.24000e-01 5.15133e-01
6.28000e-01 4.97718e-01
6.32000e-01 4.70665e-01
6.36000e-01 4.62464e-01
6.40000e-01 4.62438e-01
6.44000e-01 4.64203e-01
6.48000e-01 4.71530e-01
6.52000e-01 4.85703e-01
6.56000e-01 4.93470e-01
6.60000e-01 4.93601e-01
6.64000e-01 4.89718e-01
6.68000e-01 4.71066e-01
6.72000e-01 4.45888e-01
6.76000e-01 4.39240e-01
6.80000e-01 4.39164e-01
6.84000e-01 4.39816e-01
6.88000e-01 4.42012e-01
6.92000e-01 4.45064e-01
6.96000e-01 4.46910e-01
7.00000e-01 4.47619e-01
7.04000e-01 4.48098e-01
7.08000e-01 4.48806e-01
7.12000e-01 4.50148e-01
7.16000e-01 4.52521e-01
7.20000e-01 4.56066e-01
7.24000e-01 4.60413e-01
7.28000e-01 4.64734e-01
7.32000e-01 4.68313e-01
7.36000e-01 4.71064e-01
7.40000e-01 4.73389e-01
7.44000e-01 4.75838e-01
7.48000e-01 4.79133e-01
7.52000e-01 4.84526e-01
7.56000e-01 4.94014e-01
7.60000e-01 5.07233e-01
7.64000e-01 5.15721e-01
7.68000e-01 5.17113e-01
7.72000e-01 5.17145e-01
7.76000e-01 5.17145e-01
7.80000e-01 5.17145e-01
7.84000e-01 5.17145e-01
7.88000e-01 5.17145e-01
7.92000e-01 5.17145e-01
7.96000e-01 5.17145e-01
8.00000e-01 5.17144e-01
8.04000e-01 5.17141e-01
8.08000e-01 5.17127e-01
8.12000e-01 5.17062e-01
8.16000e-01 5.16735e-01
8.20000e-01 5.14929e-01
8.24000e-01 5.05504e-01
8.28000e-01 4.77240e-01
8.32000e-01 4.50883e-01
8.36000e-01 4.45939e-01
8.40000e-01 4.45824e-01
8.44000e-01 4.45825e-01
8.48000e-01 4.45837e-01
8.52000e-01 4.45887e-01
8.56000e-01 4.46038e-01
8.60000e-01 4.46395e-01
8.64000e-01 4.47044e-01
8.68000e-01 4.47891e-01
8.72000e-01 4.48680e-01
8.76000e-01 4.49299e-01
8.80000e-01 4.49857e-01
8.84000e-01 4.50543e-01
8.88000e-01 4.51585e-01
8.92000e-01 4.53253e-01
8.96000e-01 4.55793e-01
9.00000e-01 4.59273e-01
9.04000e-01 4.63296e-01
9.08000e-01 4.66909e-01
9.12000e-01 4.69321e-01
9.16000e-01 4.70676e-01
9.20000e-01 4.71545e-01
9.24000e-01 4.72323e-01
9.28000e-01 4.73236e-01
9.32000e-01 4.74438e-01
9.36000e-01 4.76027e-01
9.40000e-01 4.78028e-01
9.44000e-01 4.80345e-01
9.48000e-01 4.82754e-01
9.52000e-01 4.84972e-01
9.56000e-01 4.86811e-01
9.60000e-01 4.88278e-01
9.64000e-01 4.89516e-01
9.68000e-01 4.90700e-01
9.72000e-01 4.92013e-01
9.76000e-01 4.93702e-01
9.80000e-01 4.96231e-01
9.84000e-01 5.00627e-01
9.88000e-01 5.08949e-01
9.92000e-01 5.22540e-01
9.96000e-01 5.34219e-01
1.00000e+00 5.37106e-01
1.00400e+00 5.37218e-01
1.00800e+00 5.37215e-01
1.01200e+00 5.37169e-01
1.01600e+00 5.36681e-01
1.02000e+00 5.32370e-01
1.02400e+00 5.08586e-01
1.02800e+00 4.64908e-01
1.03200e+00 4.48318e-01
1.03600e+00 4.47516e-01
1.04000e+00 4.47609e-01
1.04400e+00 4.48162e-01
1.04800e+00 4.49626e-01
1.05200e+00 4.52185e-01
1.05600e+00 4.55840e-01
1.06000e+00 4.60974e-01
1.06400e+00 4.68756e-01
1.06800e+00 4.79590e-01
1.07200e+00 4.88190e-01
1.07600e+00 4.90327e-01
1.08000e+00 4.90421e-01
1.08400e+00 4.90422e-01
1.08800e+00 4.90423e-01
1.09200e+00 4.90424e-01
1.09600e+00 4.90427e-01
1.10000e+00 4.90438e-01
1.10400e+00 4.90468e-01
1.10800e+00 4.90544e-01
1.11200e+00 4.90713e-01
1.11600e+00 4.91055e-01
1.12000e+00 4.91712e-01
1.12400e+00 4.92967e-01
1.12800e+00 4.95484e-01
1.13200e+00 5.00811e-01
1.13600e+00 5.11322e-01
1.14000e+00 5.24563e-01
1.14400e+00 5.30393e-01
1.14800e+00 5.30833e-01
1.15200e+00 5.30761e-01
1.15600e+00 5.29964e-01
1.16000e+00 5.25465e-01
1.16400e+00 5.12727e-01
1.16800e+00 5.01492e-01
1.17200e+00 4.99681e-01
1.17600e+00 4.99731e-01
1.18000e+00 5.00406e-01
1.18400e+00 5.03206e-01
1.18800e+00 5.09151e-01
1.19200e+00 5.13874e-01
1.19600e+00 5.14771e-01
1.20000e+00 5.14812e-01
1.20400e+00 5.14822e-01
1.20800e+00 5.14827e-01
1.21200e+00 5.14826e-01
1.21600e+00 5.14818e-01
1.22000e+00 5.14747e-01
1.22400e+00 5.14257e-01
1.22800e+00 5.11370e-01
1.23200e+00 4.99779e-01
1.23600e+00 4.80571e-01
1.24000e+00 4.72804e-01
1.24400e+00 4.72422e-01
1.24800e+00 4.72630e-01
1.25200e+00 4.73947e-01
1.25600e+00 4.78385e-01
1.26000e+00 4.88110e-01
1.26400e+00 4.98144e-01
1.26800e+00 5.00815e-01
1.27200e+00 5.00837e-01
1.27600e+00 5.00223e-01
1.28000e+00 4.96414e-01
1.28400e+00 4.84876e-01
1.28800e+00 4.72859e-01
1.29200e+00 4.70154e-01
1.29600e+00 4.70101e-01
1.30000e+00 4.70199e-01
1.30400e+00 4.70672e-01
1.30800e+00 4.71639e-01
1.31200e+00 4.72412e-01
1.31600e+00 4.72635e-01
1.32000e+00 4.72700e-01
1.32400e+00 4.72776e-01
1.32800e+00 4.72972e-01
1.33200e+00 4.73542e-01
1.33600e+00 4.75118e-01
1.34000e+00 4.79129e-01
1.34400e+00 4.87400e-01
1.34800e+00 4.96817e-01
1.35200e+00 5.00122e-01
1.35600e+00 5.00279e-01
1.36000e+00 5.00170e-01
1.36400e+00 4.99272e-01
1.36800e+00 4.95373e-01
1.37200e+00 4.87218e-01
1.37600e+00 4.82164e-01
1.38000e+00 4.81672e-01
1.38400e+00 4.81769e-01
1.38800e+00 4.82408e-01
1.39200e+00 4.83510e-01
1.39600e+00 4.83829e-01
1.40000e+00 4.83760e-01
1.40400e+00 4.83085e-01
1.40800e+00 4.80427e-01
1.41200e+00 4.75958e-01
1.41600e+00 4.73873e-01
1.42000e+00 4.73735e-01
1.42400e+00 4.73780e-01
1.42800e+00 4.74114e-01
1.43200e+00 4.75414e-01
1.43600e+00 4.78890e-01
1.44000e+00 4.84046e-01
1.44400e+00 4.86690e-01
1.44800e+00 4.86970e-01
1.45200e+00 4.86974e-01
1.45600e+00 4.86974e-01
1.46000e+00 4.86974e-01
1.46400e+00 4.86974e-01
1.46800e+00 4.86974e-01
1.47200e+00 4.86974e-01
1.47600e+00 4.86974e-01
1.48000e+00 4.86974e-01
1.48400e+00 4.86974e-01
1.48800e+00 4.86974e-01
1.49200e+00 4.86975e-01
1.49600e+00 4.86976e-01
1.50000e+00 4.86978e-01
1.50400e+00 4.86983e-01
1.50800e+00 4.86997e-01
1.51200e+00 4.87032e-01
1.51600e+00 4.87132e-01
1.52000e+00 4.87424e-01
1.52400e+00 4.88292e-01
1.52800e+00 4.90698e-01
1.53200e+00 4.95744e-01
1.53600e+00 5.00922e-01
1.54000e+00 5.02437e-01
1.54400e+00 5.02511e-01
1.54800e+00 5.02511e-01
1.55200e+00 5.02511e-01
1.55600e+00 5.02512e-01
1.56000e+00 5.02512e-01
1.56400e+00 5.02512e-01
1.56800e+00 5.02515e-01
1.57200e+00 5.02520e-01
1.57600e+00 5.02535e-01
1.58000e+00 5.02574e-01
1.58400e+00 5.02674e-01
1.58800e+00 5.02951e-01
1.59200e+00 5.03759e-01
1.59600e+00 5.06036e-01
1.60000e+00 5.10965e-01
1.60400e+00 5.16172e-01
1.60800e+00 5.17732e-01
1.61200e+00 5.17813e-01
1.61600e+00 5.17816e-01
1.62000e+00 5.17818e-01
1.62400e+00 5.17825e-01
1.62800e+00 5.17849e-01
1.63200e+00 5.17921e-01
1.63600e+00 5.18108e-01
1.64000e+00 5.18551e-01
1.64400e+00 5.19545e-01
1.64800e+00 5.21770e-01
1.65200e+00 5.26833e-01
1.65600e+00 5.37659e-01
1.66000e+00 5.53581e-01
1.66400e+00 5.62798e-01
1.66800e+00 5.63971e-01
1.67200e+00 5.63989e-01
1.67600e+00 5.63989e-01
1.68000e+00 5.63989e-01
1.68400e+00 5.63989e-01
1.68800e+00 5.63988e-01
1.69200e+00 5.63975e-01
1.69600e+00 5.63864e-01
1.70000e+00 5.62911e-01
1.70400e+00 5.56265e-01
1.70800e+00 5.31905e-01
1.71200e+00 5.05601e-01
1.71600e+00 5.00135e-01
1.72000e+00 5.00000e-01
1.72400e+00 5.00000e-01
1.72800e+00 5.00000e-01
1.73200e+00 5.00000e-01
1.73600e+00 5.00000e-01
1.74000e+00 5.00000e-01
1.74400e+00 5.00000e-01
1.74800e+00 5.00000e-01
1.75200e+00 5.00000e-01
1.75600e+00 5.00000e-01
1.76000e+00 5.00000e-01
1.76400e+00 5.00000e-01
1.76800e+00 5.00000e-01
1.77200e+00 5.00000e-01
1.77600e+00 5.00000e-01
1.78000e+00 5.00000e-01
1.78400e+00 5.00000e-01
1.78800e+00 5.00000e-01
1.79200e+00 5.00000e-01
1.79600e+00 5.00000e-01
1.80000e+00 5.00000e-01
1.80400e+00 5.00000e-01
1.80800e+00 5.00000e-01
1.81200e+00 5.00000e-01
1.81600e+00 5.00000e-01
1.82000e+00 5.00000e-01
1.82400e+00 5.00000e-01
1.82800e+00 5.00000e-01
1.83200e+00 5.00000e-01
1.83600e+00 5.00000e-01
1.84000e+00 5.00000e-01
1.84400e+00 5.00000e-01
1.84800e+00 5.00000e-01
1.85200e+00 5.00000e-01
1.85600e+00 5.00000e-01
1.86000e+00 5.00000e-01
1.86400e+00 5.00000e-01
1.86800e+00 5.00000e-01
1.87200e+00 5.00000e-01
1.87600e+00 5.00000e-01
1.88000e+00 5.00000e-01
1.88400e+00 5.00000e-01
1.88800e+00 5.00000e-01
1.89200e+00 5.00000e-01
1.89600e+00 5.00000e-01
1.90000e+00 5.00000e-01
1.90400e+00 5.00000e-01
1.90800e+00 5.00000e-01
1.91200e+00 5.00000e-01
1.91600e+00 5.00000e-01
1.92000e+00 5.00000e-01
1.92400e+00 5.00000e-01
1.92800e+00 5.00000e-01
1.93200e+00 5.00000e-01
1.93600e+00 5.00000e-01
1.94000e+00 5.00000e-01
1.94400e+00 5.00000e-01
1.94800e+00 5.00000e-01
1.95200e+00 5.00000e-01
1.95600e+00 5.00000e-01
1.96000e+00 5.00000e-01
1.96400e+00 5.00000e-01
1.96800e+00 5.00000e-01
1.97200e+00 5.00000e-01
1.97600e+00 5.00000e-01
1.98000e+00 5.00000e-01
1.98400e+00 5.00000e-01
1.98800e+00 5.00000e-01
1.99200e+00 5.00000e-01
1.99600e+00 5.00000e-01
