0.00000e+00 5.30914e-01
4.00000e-03 5.30914e-01
8.00000e-03 5.30914e-01
1.20000e-02 5.30893e-01
1.60000e-02 5.30522e-01
2.00000e-02 5.26078e-01
2.40000e-02 4.98384e-01
2.80000e-02 4.49527e-01
3.20000e-02 4.34162e-01
3.60000e-02 4.33973e-01
4.00000e-02 4.35815e-01
4.40000e-02 4.42828e-01
4.80000e-02 4.57733e-01
5.20000e-02 4.75835e-01
5.60000e-02 4.85222e-01
6.00000e-02 4.87256e-01
6.40000e-02 4.88019e-01
6.80000e-02 4.89220e-01
7.20000e-02 4.92502e-01
7.60000e-02 5.01148e-01
8.00000e-02 5.18511e-01
8.40000e-02 5.36375e-01
8.80000e-02 5.41418e-01
9.20000e-02 5.41522e-01
9.60000e-02 5.40806e-01
1.00000e-01 5.35328e-01
1.04000e-01 5.16039e-01
1.08000e-01 4.92434e-01
1.12000e-01 4.83640e-01
1.16000e-01 4.81126e-01
1.20000e-01 4.78937e-01
1.24000e-01 4.76827e-01
1.28000e-01 4.76213e-01
1.32000e-01 4.76213e-01
1.36000e-01 4.76395e-01
1.40000e-01 4.77248e-01
1.44000e-01 4.79808e-01
1.48000e-01 4.85871e-01
1.52000e-01 4.97781e-01
1.56000e-01 5.14138e-01
1.60000e-01 5.24188e-01
1.64000e-01 5.25905e-01
1.68000e-01 5.26025e-01
1.72000e-01 5.26088e-01
1.76000e-01 5.26233e-01
1.80000e-01 5.26690e-01
1.84000e-01 5.28043e-01
1.88000e-01 5.31715e-01
1.92000e-01 5.40785e-01
1.96000e-01 5.57811e-01
2.00000e-01 5.72512e-01
2.04000e-01 5.75360e-01
2.08000e-01 5.75154e-01
2.12000e-01 5.69577e-01
2.16000e-01 5.22697e-01
2.20000e-01 4.39951e-01
2.24000e-01 4.18242e-01
2.28000e-01 4.18007e-01
2.32000e-01 4.19474e-01
2.36000e-01 4.23753e-01
2.40000e-01 4.30115e-01
2.44000e-01 4.36776e-01
2.48000e-01 4.42978e-01
2.52000e-01 4.49086e-01
2.56000e-01 4.55907e-01
2.60000e-01 4.64631e-01
2.64000e-01 4.77177e-01
2.68000e-01 4.94825e-01
2.72000e-01 5.10763e-01
2.76000e-01 5.15675e-01
2.80000e-01 5.15925e-01
2.84000e-01 5.15882e-01
2.88000e-01 5.15473e-01
2.92000e-01 5.13536e-01
2.96000e-01 5.07317e-01
3.00000e-01 4.91994e-01
3.04000e-01 4.62663e-01
3.08000e-01 4.32385e-01
3.12000e-01 4.22637e-01
3.16000e-01 4.22167e-01
3.20000e-01 4.22378e-01
3.24000e-01 4.23715e-01
3.28000e-01 4.27948e-01
3.32000e-01 4.36255e-01
3.36000e-01 4.44216e-01
3.40000e-01 4.46586e-01
3.44000e-01 4.46741e-01
3.48000e-01 4.46757e-01
3.52000e-01 4.46778e-01
3.56000e-01 4.46842e-01
3.60000e-01 4.47024e-01
3.64000e-01 4.47464e-01
3.68000e-01 4.48363e-01
3.72000e-01 4.49920e-01
3.76000e-01 4.52175e-01
3.80000e-01 4.54863e-01
3.84000e-01 4.57509e-01
3.88000e-01 4.59805e-01
3.92000e-01 4.61799e-01
3.96000e-01 4.63735e-01
4.00000e-01 4.65879e-01
4.04000e-01 4.68440e-01
4.08000e-01 4.71527e-01
4.12000e-01 4.75128e-01
4.16000e-01 4.79179e-01
4.20000e-01 4.83748e-01
4.24000e-01 4.89292e-01
4.28000e-01 4.97021e-01
4.32000e-01 5.09201e-01
4.36000e-01 5.26495e-01
4.40000e-01 5.39627e-01
4.44000e-01 5.42474e-01
4.48000e-01 5.42568e-01
4.52000e-01 5.42567e-01
4.56000e-01 5.42546e-01
4.60000e-01 5.42422e-01
4.64000e-01 5.41670e-01
4.68000e-01 5.36634e-01
4.72000e-01 5.12261e-01
4.76000e-01 4.70492e-01
4.80000e-01 4.55245e-01
4.84000e-01 4.54529e-01
4.88000e-01 4.54620e-01
4.92000e-01 4.55219e-01
4.96000e-01 4.57116e-01
5.00000e-01 4.61485e-01
5.04000e-01 4.70064e-01
5.08000e-01 4.84707e-01
5.12000e-01 5.01771e-01
5.16000e-01 5.09798e-01
5.20000e-01 5.10653e-01
5.24000e-01 5.10664e-01
5.28000e-01 5.10663e-01
5.32000e-01 5.10660e-01
5.36000e-01 5.10637e-01
5.40000e-01 5.10529e-01
5.44000e-01 5.10064e-01
5.48000e-01 5.08508e-01
5.52000e-01 5.05539e-01
5.56000e-01 5.03399e-01
5.60000e-01 5.02864e-01
5.64000e-01 5.02644e-01
5.68000e-01 5.02080e-01
5.72000e-01 4.99186e-01
5.76000e-01 4.87575e-01
5.80000e-01 4.67606e-01
5.84000e-01 4.58919e-01
5.88000e-01 4.58396e-01
5.92000e-01 4.58513e-01
5.96000e-01 4.59255e-01
6.00000e-01 4.61483e-01
6.04000e-01 4.66143e-01
6.08000e-01 4.73878e-01
6.12000e-01 4.84257e-01
6.16000e-01 4.94434e-01
6.20000e-01 5.00909e-01
6.24000e-01 5.04203e-01
6.28000e-01 5.06874e-01
6.32000e-01 5.10988e-01
6.36000e-01 5.16150e-01
6.40000e-01 5.17816e-01
6.44000e-01 5.17614e-01
6.48000e-01 5.14507e-01
6.52000e-01 4.98661e-01
6.56000e-01 4.72527e-01
6.60000e-01 4.63873e-01
6.64000e-01 4.63805e-01
6.68000e-01 4.65574e-01
6.72000e-01 4.72961e-01
6.76000e-01 4.85873e-01
6.80000e-01 4.91289e-01
6.84000e-01 4.91024e-01
6.88000e-01 4.85720e-01
6.92000e-01 4.65279e-01
6.96000e-01 4.43838e-01
7.00000e-01 4.39756e-01
7.04000e-01 4.39799e-01
7.08000e-01 4.40595e-01
7.12000e-01 4.42897e-01
7.16000e-01 4.45773e-01
7.20000e-01 4.47373e-01
7.24000e-01 4.48006e-01
7.28000e-01 4.48490e-01
7.32000e-01 4.49248e-01
7.36000e-01 4.50688e-01
7.40000e-01 4.53196e-01
7.44000e-01 4.56884e-01
7.48000e-01 4.61323e-01
7.52000e-01 4.65629e-01
7.56000e-01 4.69079e-01
7.60000e-01 4.71642e-01
7.64000e-01 4.73758e-01
7.68000e-01 4.75965e-01
7.72000e-01 4.78922e-01
7.76000e-01 4.83752e-01
7.80000e-01 4.92382e-01
7.84000e-01 5.05306e-01
7.88000e-01 5.15041e-01
7.92000e-01 5.17078e-01
7.96000e-01 5.17145e-01
8.00000e-01 5.17145e-01
8.04000e-01 5.17145e-01
8.08000e-01 5.17145e-01
8.12000e-01 5.17145e-01
8.16000e-01 5.17145e-01
8.20000e-01 5.17145e-01
8.24000e-01 5.17145e-01
8.28000e-01 5.17143e-01
8.32000e-01 5.17135e-01
8.36000e-01 5.17092e-01
8.40000e-01 5.16823e-01
8.44000e-01 5.15002e-01
8.48000e-01 5.04561e-01
8.52000e-01 4.74359e-01
8.56000e-01 4.49674e-01
8.60000e-01 4.45894e-01
8.64000e-01 4.45830e-01
8.68000e-01 4.45833e-01
8.72000e-01 4.45853e-01
8.76000e-01 4.45928e-01
8.80000e-01 4.46130e-01
8.84000e-01 4.46565e-01
8.88000e-01 4.47289e-01
8.92000e-01 4.48163e-01
8.96000e-01 4.48941e-01
9.00000e-01 4.49553e-01
9.04000e-01 4.50131e-01
9.08000e-01 4.50865e-01
9.12000e-01 4.51988e-01
9.16000e-01 4.53769e-01
9.20000e-01 4.56458e-01
9.24000e-01 4.60107e-01
9.28000e-01 4.64246e-01
9.32000e-01 4.67791e-01
9.36000e-01 4.69974e-01
9.40000e-01 4.71106e-01
9.44000e-01 4.71821e-01
9.48000e-01 4.72490e-01
9.52000e-01 4.73318e-01
9.56000e-01 4.74451e-01
9.60000e-01 4.75992e-01
9.64000e-01 4.77970e-01
9.68000e-01 4.80302e-01
9.72000e-01 4.82760e-01
9.76000e-01 4.85036e-01
9.80000e-01 4.86903e-01
9.84000e-01 4.88349e-01
9.88000e-01 4.89524e-01
9.92000e-01 4.90609e-01
9.96000e-01 4.91775e-01
1.00000e+00 4.93223e-01
1.00400e+00 4.95297e-01
1.00800e+00 4.98740e-01
1.01200e+00 5.05179e-01
1.01600e+00 5.16866e-01
1.02000e+00 5.30737e-01
1.02400e+00 5.36692e-01
1.02800e+00 5.37202e-01
1.03200e+00 5.37204e-01
1.03600e+00 5.37164e-01
1.04000e+00 5.36725e-01
1.04400e+00 5.32776e-01
1.04800e+00 5.10296e-01
1.05200e+00 4.66577e-01
1.05600e+00 4.48720e-01
1.06000e+00 4.47765e-01
1.06400e+00 4.47858e-01
1.06800e+00 4.48425e-01
1.07200e+00 4.49939e-01
1.07600e+00 4.52607e-01
1.08000e+00 4.56474e-01
1.08400e+00 4.62036e-01
1.08800e+00 4.70524e-01
1.09200e+00 4.81612e-01
1.09600e+00 4.88999e-01
1.10000e+00 4.90381e-01
1.10400e+00 4.90422e-01
1.10800e+00 4.90423e-01
1.11200e+00 4.90423e-01
1.11600e+00 4.90424e-01
1.12000e+00 4.90426e-01
1.12400e+00 4.90434e-01
1.12800e+00 4.90457e-01
1.13200e+00 4.90516e-01
1.13600e+00 4.90648e-01
1.14000e+00 4.90921e-01
1.14400e+00 4.91449e-01
1.14800e+00 4.92454e-01
1.15200e+00 4.94433e-01
1.15600e+00 4.98580e-01
1.16000e+00 5.07189e-01
1.16400e+00 5.20501e-01
1.16800e+00 5.29341e-01
1.17200e+00 5.30658e-01
1.17600e+00 5.30647e-01
1.18000e+00 5.30276e-01
1.18400e+00 5.27757e-01
1.18800e+00 5.18212e-01
1.19200e+00 5.04562e-01
1.19600e+00 5.00149e-01
1.20000e+00 5.00029e-01
1.20400e+00 5.00339e-01
1.20800e+00 5.02067e-01
1.21200e+00 5.06859e-01
1.21600e+00 5.12711e-01
1.22000e+00 5.14710e-01
1.22400e+00 5.14825e-01
1.22800e+00 5.14826e-01
1.23200e+00 5.14826e-01
1.23600e+00 5.14825e-01
1.24000e+00 5.14816e-01
1.24400e+00 5.14752e-01
1.24800e+00 5.14326e-01
1.25200e+00 5.11805e-01
1.25600e+00 5.01256e-01
1.26000e+00 4.82129e-01
1.26400e+00 4.73312e-01
1.26800e+00 4.72766e-01
1.27200e+00 4.72938e-01
1.27600e+00 4.74110e-01
1.28000e+00 4.78207e-01
1.28400e+00 4.87480e-01
1.28800e+00 4.97538e-01
1.29200e+00 5.00427e-01
1.29600e+00 5.00467e-01
1.30000e+00 4.99906e-01
1.30400e+00 4.96332e-01
1.30800e+00 4.85230e-01
1.31200e+00 4.73163e-01
1.31600e+00 4.70275e-01
1.32000e+00 4.70209e-01
1.32400e+00 4.70295e-01
1.32800e+00 4.70726e-01
1.33200e+00 4.71647e-01
1.33600e+00 4.72432e-01
1.34000e+00 4.72675e-01
1.34400e+00 4.72744e-01
1.34800e+00 4.72819e-01
1.35200e+00 4.73008e-01
1.35600e+00 4.73557e-01
1.36000e+00 4.75078e-01
1.36400e+00 4.78965e-01
1.36800e+00 4.87059e-01
1.37200e+00 4.96495e-01
1.37600e+00 4.99950e-01
1.38000e+00 5.00132e-01
1.38400e+00 5.00041e-01
1.38800e+00 4.99260e-01
1.39200e+00 4.95762e-01
1.39600e+00 4.87953e-01
1.40000e+00 4.82545e-01
1.40400e+00 4.81908e-01
1.40800e+00 4.81976e-01
1.41200e+00 4.82477e-01
1.41600e+00 4.83362e-01
1.42000e+00 4.83607e-01
1.42400e+00 4.83532e-01
1.42800e+00 4.82846e-01
1.43200e+00 4.80210e-01
1.43600e+00 4.75891e-01
1.44000e+00 4.73945e-01
1.44400e+00 4.73823e-01
1.44800e+00 4.73870e-01
1.45200e+00 4.74208e-01
1.45600e+00 4.75517e-01
1.46000e+00 4.78998e-01
1.46400e+00 4.84115e-01
1.46800e+00 4.86701e-01
1.47200e+00 4.86971e-01
1.47600e+00 4.86974e-01
1.48000e+00 4.86974e-01
1.48400e+00 4.86974e-01
1.48800e+00 4.86974e-01
1.49200e+00 4.86974e-01
1.49600e+00 4.86974e-01
1.50000e+00 4.86974e-01
1.50400e+00 4.86974e-01
1.50800e+00 4.86974e-01
1.51200e+00 4.86974e-01
1.51600e+00 4.86975e-01
1.52000e+00 4.86975e-01
1.52400e+00 4.86977e-01
1.52800e+00 4.86982e-01
1.53200e+00 4.86993e-01
1.53600e+00 4.87023e-01
1.54000e+00 4.87108e-01
1.54400e+00 4.87358e-01
1.54800e+00 4.88105e-01
1.55200e+00 4.90216e-01
1.55600e+00 4.94918e-01
1.56000e+00 5.00414e-01
1.56400e+00 5.02383e-01
1.56800e+00 5.02511e-01
1.57200e+00 5.02512e-01
1.57600e+00 5.02512e-01
1.58000e+00 5.02512e-01
1.58400e+00 5.02512e-01
1.58800e+00 5.02512e-01
1.59200e+00 5.02513e-01
1.59600e+00 5.02517e-01
1.60000e+00 5.02527e-01
1.60400e+00 5.02552e-01
1.60800e+00 5.02620e-01
1.61200e+00 5.02809e-01
1.61600e+00 5.03368e-01
1.62000e+00 5.05012e-01
1.62400e+00 5.09072e-01
1.62800e+00 5.14824e-01
1.63200e+00 5.17555e-01
1.63600e+00 5.17813e-01
1.64000e+00 5.17817e-01
1.64400e+00 5.17818e-01
1.64800e+00 5.17821e-01
1.65200e+00 5.17832e-01
1.65600e+00 5.17868e-01
1.66000e+00 5.17966e-01
1.66400e+00 5.18209e-01
1.66800e+00 5.18769e-01
1.67200e+00 5.20013e-01
1.67600e+00 5.22809e-01
1.68000e+00 5.29160e-01
1.68400e+00 5.41949e-01
1.68800e+00 5.57352e-01
1.69200e+00 5.63523e-01
1.69600e+00 5.63986e-01
1.70000e+00 5.63989e-01
1.70400e+00 5.63989e-01
1.70800e+00 5.63989e-01
1.71200e+00 5.63989e-01
1.71600e+00 5.63985e-01
1.72000e+00 5.63953e-01
1.72400e+00 5.63663e-01
1.72800e+00 5.61318e-01
1.73200e+00 5.48087e-01
1.73600e+00 5.17953e-01
1.74000e+00 5.01452e-01
1.74400e+00 5.00011e-01
1.74800e+00 5.00000e-01
1.75200e+00 5.00000e-01
1.75600e+00 5.00000e-01
1.76000e+00 5.00000e-01
1.76400e+00 5.00000e-01
1.76800e+00 5.00000e-01
1.77200e+00 5.00000e-01
1.77600e+00 5.00000e-01
1.78000e+00 5.00000e-01
1.78400e+00 5.00000e-01
1.78800e+00 5.00000e-01
1.79200e+00 5.00000e-01
1.79600e+00 5.00000e-01
1.80000e+00 5.00000e-01
1.80400e+00 5.00000e-01
1.80800e+00 5.00000e-01
1.81200e+00 5.00000e-01
1.81600e+00 5.00000e-01
1.82000e+00 5.00000e-01
1.82400e+00 5.00000e-01
1.82800e+00 5.00000e-01
1.83200e+00 5.00000e-01
1.83600e+00 5.00000e-01
1.84000e+00 5.00000e-01
1.84400e+00 5.00000e-01
1.84800e+00 5.00000e-01
1.85200e+00 5.00000e-01
1.85600e+00 5.00000e-01
1.86000e+00 5.00000e-01
1.86400e+00 5.00000e-01
1.86800e+00 5.00000e-01
1.87200e+00 5.00000e-01
1.87600e+00 5.00000e-01
1.88000e+00 5.00000e-01
1.88400e+00 5.00000e-01
1.88800e+00 5.00000e-01
1.89200e+00 5.00000e-01
1.89600e+00 5.00000e-01
1.90000e+00 5.00000e-01
1.90400e+00 5.00000e-01
1.90800e+00 5.00000e-01
1.91200e+00 5.00000e-01
1.91600e+00 5.00000e-01
1.92000e+00 5.00000e-01
1.92400e+00 5.00000e-01
1.92800e+00 5.00000e-01
1.93200e+00 5.00000e-01
1.93600e+00 5.00000e-01
1.94000e+00 5.00000e-01
1.94400e+00 5.00000e-01
1.94800e+00 5.00000e-01
1.95200e+00 5.00000e-01
1.95600e+00 5.00000e-01
1.96000e+00 5.00000e-01
1.96400e+00 5.00000e-01
1.96800e+00 5.00000e-01
1.97200e+00 5.00000e-01
1.97600e+00 5.00000e-01
1.98000e+00 5.00000e-01
1.98400e+00 5.00000e-01
1.98800e+00 5.00000e-01
1.99200e+00 5.00000e-01
1.99600e+00 5.00000e-01
