0.00000e+00 4.74760e-01
4.00000e-03 4.74760e-01
8.00000e-03 4.74762e-01
1.20000e-02 4.74799e-01
1.60000e-02 4.75174e-01
2.00000e-02 4.77499e-01
2.40000e-02 4.86649e-01
2.80000e-02 5.07554e-01
3.20000e-02 5.26574e-01
3.60000e-02 5.30127e-01
4.00000e-02 5.29780e-01
4.40000e-02 5.24195e-01
4.80000e-02 4.93359e-01
5.20000e-02 4.47581e-01
5.60000e-02 4.35818e-01
6.00000e-02 4.35872e-01
6.40000e-02 4.38185e-01
6.80000e-02 4.45906e-01
7.20000e-02 4.60805e-01
7.60000e-02 4.77513e-01
8.00000e-02 4.85882e-01
8.40000e-02 4.87749e-01
8.80000e-02 4.88421e-01
9.20000e-02 4.89339e-01
9.60000e-02 4.91620e-01
1.00000e-01 4.97527e-01
1.04000e-01 5.10696e-01
1.08000e-01 5.29789e-01
1.12000e-01 5.40082e-01
1.16000e-01 5.41055e-01
1.20000e-01 5.40842e-01
1.24000e-01 5.38485e-01
1.28000e-01 5.26658e-01
1.32000e-01 5.01504e-01
1.36000e-01 4.83940e-01
1.40000e-01 4.78907e-01
1.44000e-01 4.77129e-01
1.48000e-01 4.76383e-01
1.52000e-01 4.76287e-01
1.56000e-01 4.76305e-01
1.60000e-01 4.76472e-01
1.64000e-01 4.77178e-01
1.68000e-01 4.79247e-01
1.72000e-01 4.84165e-01
1.76000e-01 4.94215e-01
1.80000e-01 5.09997e-01
1.84000e-01 5.22762e-01
1.88000e-01 5.25885e-01
1.92000e-01 5.26069e-01
1.96000e-01 5.26103e-01
2.00000e-01 5.26161e-01
2.04000e-01 5.26342e-01
2.08000e-01 5.26907e-01
2.12000e-01 5.28510e-01
2.16000e-01 5.32793e-01
2.20000e-01 5.43387e-01
2.24000e-01 5.61719e-01
2.28000e-01 5.72932e-01
2.32000e-01 5.73559e-01
2.36000e-01 5.68780e-01
2.40000e-01 5.24156e-01
2.44000e-01 4.42306e-01
2.48000e-01 4.20058e-01
2.52000e-01 4.19820e-01
2.56000e-01 4.21450e-01
2.60000e-01 4.26151e-01
2.64000e-01 4.32973e-01
2.68000e-01 4.39799e-01
2.72000e-01 4.45811e-01
2.76000e-01 4.51499e-01
2.80000e-01 4.57772e-01
2.84000e-01 4.65836e-01
2.88000e-01 4.77577e-01
2.92000e-01 4.94424e-01
2.96000e-01 5.10275e-01
3.00000e-01 5.15537e-01
3.04000e-01 5.15851e-01
3.08000e-01 5.15834e-01
3.12000e-01 5.15657e-01
3.16000e-01 5.14709e-01
3.20000e-01 5.10087e-01
3.24000e-01 4.90071e-01
3.28000e-01 4.47891e-01
3.32000e-01 4.24584e-01
3.36000e-01 4.22481e-01
3.40000e-01 4.22562e-01
3.44000e-01 4.23291e-01
3.48000e-01 4.25957e-01
3.52000e-01 4.32282e-01
3.56000e-01 4.41149e-01
3.60000e-01 4.46064e-01
3.64000e-01 4.46738e-01
3.68000e-01 4.46766e-01
3.72000e-01 4.46778e-01
3.76000e-01 4.46807e-01
3.80000e-01 4.46894e-01
3.84000e-01 4.47130e-01
3.88000e-01 4.47666e-01
3.92000e-01 4.48709e-01
3.96000e-01 4.50441e-01
4.00000e-01 4.52853e-01
4.04000e-01 4.55621e-01
4.08000e-01 4.58253e-01
4.12000e-01 4.60480e-01
4.16000e-01 4.62389e-01
4.20000e-01 4.64242e-01
4.24000e-01 4.66300e-01
4.28000e-01 4.68766e-01
4.32000e-01 4.71738e-01
4.36000e-01 4.75190e-01
4.40000e-01 4.79027e-01
4.44000e-01 4.83242e-01
4.48000e-01 4.88131e-01
4.52000e-01 4.94581e-01
4.56000e-01 5.04481e-01
4.60000e-01 5.19921e-01
4.64000e-01 5.36042e-01
4.68000e-01 5.42109e-01
4.72000e-01 5.42560e-01
4.76000e-01 5.42563e-01
4.80000e-01 5.42558e-01
4.84000e-01 5.42507e-01
4.88000e-01 5.42058e-01
4.92000e-01 5.38289e-01
4.96000e-01 5.16962e-01
5.00000e-01 4.74197e-01
5.04000e-01 4.55830e-01
5.08000e-01 4.54774e-01
5.12000e-01 4.54866e-01
5.16000e-01 4.55491e-01
5.20000e-01 4.57436e-01
5.24000e-01 4.61788e-01
5.28000e-01 4.70143e-01
5.32000e-01 4.84341e-01
5.36000e-01 5.01272e-01
5.40000e-01 5.09677e-01
5.44000e-01 5.10649e-01
5.48000e-01 5.10663e-01
5.52000e-01 5.10663e-01
5.56000e-01 5.10660e-01
5.60000e-01 5.10646e-01
5.64000e-01 5.10576e-01
5.68000e-01 5.10274e-01
5.72000e-01 5.09189e-01
5.76000e-01 5.06656e-01
5.80000e-01 5.04002e-01
5.84000e-01 5.02959e-01
5.88000e-01 5.02555e-01
5.92000e-01 5.01819e-01
5.96000e-01 4.98511e-01
6.00000e-01 4.86095e-01
6.04000e-01 4.66575e-01
6.08000e-01 4.59025e-01
6.12000e-01 4.58645e-01
6.16000e-01 4.58765e-01
6.20000e-01 4.59489e-01
6.24000e-01 4.61628e-01
6.28000e-01 4.66077e-01
6.32000e-01 4.73478e-01
6.36000e-01 4.83520e-01
6.40000e-01 4.93647e-01
6.44000e-01 5.00407e-01
6.48000e-01 5.03994e-01
6.52000e-01 5.06866e-01
6.56000e-01 5.11005e-01
6.60000e-01 5.15672e-01
6.64000e-01 5.16981e-01
6.68000e-01 5.16781e-01
6.72000e-01 5.13966e-01
6.76000e-01 4.99472e-01
6.80000e-01 4.74327e-01
6.84000e-01 4.65342e-01
6.88000e-01 4.65236e-01
6.92000e-01 4.67010e-01
6.96000e-01 4.74350e-01
7.00000e-01 4.85608e-01
7.04000e-01 4.89038e-01
7.08000e-01 4.88385e-01
7.12000e-01 4.81425e-01
7.16000e-01 4.59874e-01
7.20000e-01 4.42581e-01
7.24000e-01 4.40284e-01
7.28000e-01 4.40402e-01
7.32000e-01 4.41342e-01
7.36000e-01 4.43734e-01
7.40000e-01 4.46419e-01
7.44000e-01 4.47806e-01
7.48000e-01 4.48383e-01
7.52000e-01 4.48878e-01
7.56000e-01 4.49690e-01
7.60000e-01 4.51232e-01
7.64000e-01 4.53878e-01
7.68000e-01 4.57708e-01
7.72000e-01 4.62238e-01
7.76000e-01 4.66521e-01
7.80000e-01 4.69832e-01
7.84000e-01 4.72201e-01
7.88000e-01 4.74112e-01
7.92000e-01 4.76092e-01
7.96000e-01 4.78738e-01
8.00000e-01 4.83052e-01
8.04000e-01 4.90849e-01
8.08000e-01 5.03273e-01
8.12000e-01 5.14135e-01
8.16000e-01 5.17014e-01
8.20000e-01 5.17145e-01
8.24000e-01 5.17145e-01
8.28000e-01 5.17145e-01
8.32000e-01 5.17145e-01
8.36000e-01 5.17145e-01
8.40000e-01 5.17145e-01
8.44000e-01 5.17145e-01
8.48000e-01 5.17145e-01
8.52000e-01 5.17144e-01
8.56000e-01 5.17138e-01
8.60000e-01 5.17101e-01
8.64000e-01 5.16824e-01
8.68000e-01 5.14802e-01
8.72000e-01 5.03183e-01
8.76000e-01 4.71766e-01
8.80000e-01 4.48881e-01
8.84000e-01 4.45879e-01
8.88000e-01 4.45839e-01
8.92000e-01 4.45844e-01
8.96000e-01 4.45875e-01
9.00000e-01 4.45979e-01
9.04000e-01 4.46240e-01
9.08000e-01 4.46759e-01
9.12000e-01 4.47554e-01
9.16000e-01 4.48447e-01
9.20000e-01 4.49207e-01
9.24000e-01 4.49814e-01
9.28000e-01 4.50412e-01
9.32000e-01 4.51196e-01
9.36000e-01 4.52401e-01
9.40000e-01 4.54301e-01
9.44000e-01 4.57148e-01
9.48000e-01 4.60982e-01
9.52000e-01 4.65235e-01
9.56000e-01 4.68670e-01
9.60000e-01 4.70580e-01
9.64000e-01 4.71486e-01
9.68000e-01 4.72057e-01
9.72000e-01 4.72626e-01
9.76000e-01 4.73376e-01
9.80000e-01 4.74446e-01
9.84000e-01 4.75940e-01
9.88000e-01 4.77897e-01
9.92000e-01 4.80244e-01
9.96000e-01 4.82758e-01
1.00000e+00 4.85103e-01
1.00400e+00 4.87008e-01
1.00800e+00 4.88441e-01
1.01200e+00 4.89558e-01
1.01600e+00 4.90552e-01
1.02000e+00 4.91592e-01
1.02400e+00 4.92847e-01
1.02800e+00 4.94575e-01
1.03200e+00 4.97311e-01
1.03600e+00 5.02268e-01
1.04000e+00 5.11699e-01
1.04400e+00 5.25820e-01
1.04800e+00 5.35494e-01
1.05200e+00 5.37150e-01
1.05600e+00 5.37182e-01
1.06000e+00 5.37151e-01
1.06400e+00 5.36758e-01
1.06800e+00 5.33158e-01
1.07200e+00 5.11997e-01
1.07600e+00 4.68369e-01
1.08000e+00 4.49168e-01
1.08400e+00 4.48030e-01
1.08800e+00 4.48121e-01
1.09200e+00 4.48694e-01
1.09600e+00 4.50247e-01
1.10000e+00 4.53022e-01
1.10400e+00 4.57130e-01
1.10800e+00 4.63192e-01
1.11200e+00 4.72429e-01
1.11600e+00 4.83522e-01
1.12000e+00 4.89573e-01
1.12400e+00 4.90406e-01
1.12800e+00 4.90423e-01
1.13200e+00 4.90423e-01
1.13600e+00 4.90423e-01
1.14000e+00 4.90424e-01
1.14400e+00 4.90426e-01
1.14800e+00 4.90432e-01
1.15200e+00 4.90449e-01
1.15600e+00 4.90494e-01
1.16000e+00 4.90598e-01
1.16400e+00 4.90815e-01
1.16800e+00 4.91240e-01
1.17200e+00 4.92047e-01
1.17600e+00 4.93613e-01
1.18000e+00 4.96842e-01
1.18400e+00 5.03695e-01
1.18800e+00 5.15947e-01
1.19200e+00 5.27415e-01
1.19600e+00 5.30422e-01
1.20000e+00 5.30506e-01
1.20400e+00 5.30352e-01
1.20800e+00 5.29031e-01
1.21200e+00 5.22738e-01
1.21600e+00 5.09120e-01
1.22000e+00 5.01059e-01
1.22400e+00 5.00341e-01
1.22800e+00 5.00464e-01
1.23200e+00 5.01438e-01
1.23600e+00 5.04900e-01
1.24000e+00 5.10938e-01
1.24400e+00 5.14417e-01
1.24800e+00 5.14821e-01
1.25200e+00 5.14826e-01
1.25600e+00 5.14826e-01
1.26000e+00 5.14825e-01
1.26400e+00 5.14816e-01
1.26800e+00 5.14760e-01
1.27200e+00 5.14391e-01
1.27600e+00 5.12199e-01
1.28000e+00 5.02664e-01
1.28400e+00 4.83782e-01
1.28800e+00 4.73871e-01
1.29200e+00 4.73109e-01
1.29600e+00 4.73251e-01
1.30000e+00 4.74290e-01
1.30400e+00 4.78062e-01
1.30800e+00 4.86884e-01
1.31200e+00 4.96928e-01
1.31600e+00 5.00035e-01
1.32000e+00 5.00097e-01
1.32400e+00 4.99584e-01
1.32800e+00 4.96230e-01
1.33200e+00 4.85557e-01
1.33600e+00 4.73465e-01
1.34000e+00 4.70393e-01
1.34400e+00 4.70312e-01
1.34800e+00 4.70386e-01
1.35200e+00 4.70779e-01
1.35600e+00 4.71654e-01
1.36000e+00 4.72450e-01
1.36400e+00 4.72715e-01
1.36800e+00 4.72788e-01
1.37200e+00 4.72862e-01
1.37600e+00 4.73045e-01
1.38000e+00 4.73573e-01
1.38400e+00 4.75041e-01
1.38800e+00 4.78808e-01
1.39200e+00 4.86725e-01
1.39600e+00 4.96174e-01
1.40000e+00 4.99786e-01
1.40400e+00 4.99995e-01
1.40800e+00 4.99918e-01
1.41200e+00 4.99241e-01
1.41600e+00 4.96116e-01
1.42000e+00 4.88682e-01
1.42400e+00 4.82937e-01
1.42800e+00 4.82123e-01
1.43200e+00 4.82166e-01
1.43600e+00 4.82545e-01
1.44000e+00 4.83228e-01
1.44400e+00 4.83403e-01
1.44800e+00 4.83320e-01
1.45200e+00 4.82617e-01
1.45600e+00 4.79996e-01
1.46000e+00 4.75824e-01
1.46400e+00 4.74015e-01
1.46800e+00 4.73909e-01
1.47200e+00 4.73958e-01
1.47600e+00 4.74300e-01
1.48000e+00 4.75617e-01
1.48400e+00 4.79103e-01
1.48800e+00 4.84183e-01
1.49200e+00 4.86713e-01
1.49600e+00 4.86971e-01
1.50000e+00 4.86974e-01
1.50400e+00 4.86974e-01
1.50800e+00 4.86974e-01
1.51200e+00 4.86974e-01
1.51600e+00 4.86974e-01
1.52000e+00 4.86974e-01
1.52400e+00 4.86974e-01
1.52800e+00 4.86974e-01
1.53200e+00 4.86974e-01
1.53600e+00 4.86974e-01
1.54000e+00 4.86974e-01
1.54400e+00 4.86975e-01
1.54800e+00 4.86977e-01
1.55200e+00 4.86980e-01
1.55600e+00 4.86990e-01
1.56000e+00 4.87015e-01
1.56400e+00 4.87088e-01
1.56800e+00 4.87302e-01
1.57200e+00 4.87943e-01
1.57600e+00 4.89787e-01
1.58000e+00 4.94114e-01
1.58400e+00 4.99818e-01
1.58800e+00 5.02300e-01
1.59200e+00 5.02510e-01
1.59600e+00 5.02512e-01
1.60000e+00 5.02512e-01
1.60400e+00 5.02512e-01
1.60800e+00 5.02512e-01
1.61200e+00 5.02512e-01
1.61600e+00 5.02513e-01
1.62000e+00 5.02515e-01
1.62400e+00 5.02521e-01
1.62800e+00 5.02538e-01
1.63200e+00 5.02584e-01
1.63600e+00 5.02712e-01
1.64000e+00 5.03095e-01
1.64400e+00 5.04254e-01
1.64800e+00 5.07401e-01
1.65200e+00 5.13061e-01
1.65600e+00 5.17121e-01
1.66000e+00 5.17802e-01
1.66400e+00 5.17818e-01
1.66800e+00 5.17819e-01
1.67200e+00 5.17821e-01
1.67600e+00 5.17826e-01
1.68000e+00 5.17842e-01
1.68400e+00 5.17892e-01
1.68800e+00 5.18024e-01
1.69200e+00 5.18336e-01
1.69600e+00 5.19039e-01
1.70000e+00 5.20597e-01
1.70400e+00 5.24117e-01
1.70800e+00 5.32022e-01
1.71200e+00 5.46552e-01
1.71600e+00 5.60211e-01
1.72000e+00 5.63836e-01
1.72400e+00 5.63989e-01
1.72800e+00 5.63989e-01
1.73200e+00 5.63989e-01
1.73600e+00 5.63989e-01
1.74000e+00 5.63988e-01
1.74400e+00 5.63979e-01
1.74800e+00 5.63893e-01
1.75200e+00 5.63149e-01
1.75600e+00 5.57744e-01
1.76000e+00 5.35693e-01
1.76400e+00 5.07504e-01
1.76800e+00 5.00239e-01
1.77200e+00 5.00001e-01
1.77600e+00 5.00000e-01
1.78000e+00 5.00000e-01
1.78400e+00 5.00000e-01
1.78800e+00 5.00000e-01
1.79200e+00 5.00000e-01
1.79600e+00 5.00000e-01
1.80000e+00 5.00000e-01
1.80400e+00 5.00000e-01
1.80800e+00 5.00000e-01
1.81200e+00 5.00000e-01
1.81600e+00 5.00000e-01
1.82000e+00 5.00000e-01
1.82400e+00 5.00000e-01
1.82800e+00 5.00000e-01
1.83200e+00 5.00000e-01
1.83600e+00 5.00000e-01
1.84000e+00 5.00000e-01
1.84400e+00 5.00000e-01
1.84800e+00 5.00000e-01
1.85200e+00 5.00000e-01
1.85600e+00 5.00000e-01
1.86000e+00 5.00000e-01
1.86400e+00 5.00000e-01
1.86800e+00 5.00000e-01
1.87200e+00 5.00000e-01
1.87600e+00 5.00000e-01
1.88000e+00 5.00000e-01
1.88400e+00 5.00000e-01
1.88800e+00 5.00000e-01
1.89200e+00 5.00000e-01
1.89600e+00 5.00000e-01
1.90000e+00 5.00000e-01
1.90400e+00 5.00000e-01
1.90800e+00 5.00000e-01
1.91200e+00 5.00000e-01
1.91600e+00 5.00000e-01
1.92000e+00 5.00000e-01
1.92400e+00 5.00000e-01
1.92800e+00 5.00000e-01
1.93200e+00 5.00000e-01
1.93600e+00 5.00000e-01
1.94000e+00 5.00000e-01
1.94400e+00 5.00000e-01
1.94800e+00 5.00000e-01
1.95200e+00 5.00000e-01
1.95600e+00 5.00000e-01
1.96000e+00 5.00000e-01
1.96400e+00 5.00000e-01
1.96800e+00 5.00000e-01
1.97200e+00 5.00000e-01
1.97600e+00 5.00000e-01
1.98000e+00 5.00000e-01
1.98400e+00 5.00000e-01
1.98800e+00 5.00000e-01
1.99200e+00 5.00000e-01
1.99600e+00 5.00000e-01
