0.00000e+00 4.21920e-01
4.00000e-03 4.21920e-01
8.00000e-03 4.21933e-01
1.20000e-02 4.22112e-01
1.60000e-02 4.23442e-01
2.00000e-02 4.29401e-01
2.40000e-02 4.45141e-01
2.80000e-02 4.65157e-01
3.20000e-02 4.73735e-01
3.60000e-02 4.75207e-01
4.00000e-02 4.76082e-01
4.40000e-02 4.78282e-01
4.80000e-02 4.85130e-01
5.20000e-02 5.01431e-01
5.60000e-02 5.21732e-01
6.00000e-02 5.28278e-01
6.40000e-02 5.28055e-01
6.80000e-02 5.21851e-01
7.20000e-02 4.89289e-01
7.60000e-02 4.46737e-01
8.00000e-02 4.37580e-01
8.40000e-02 4.37791e-01
8.80000e-02 4.40402e-01
9.20000e-02 4.48497e-01
9.60000e-02 4.63353e-01
1.00000e-01 4.79192e-01
1.04000e-01 4.86669e-01
1.08000e-01 4.88224e-01
1.12000e-01 4.88746e-01
1.16000e-01 4.89419e-01
1.20000e-01 4.91024e-01
1.24000e-01 4.95127e-01
1.28000e-01 5.04725e-01
1.32000e-01 5.22000e-01
1.36000e-01 5.37174e-01
1.40000e-01 5.40536e-01
1.44000e-01 5.40546e-01
1.48000e-01 5.39680e-01
1.52000e-01 5.33689e-01
1.56000e-01 5.12724e-01
1.60000e-01 4.85800e-01
1.64000e-01 4.76859e-01
1.68000e-01 4.76309e-01
1.72000e-01 4.76305e-01
1.76000e-01 4.76309e-01
1.80000e-01 4.76344e-01
1.84000e-01 4.76516e-01
1.88000e-01 4.77126e-01
1.92000e-01 4.78830e-01
1.96000e-01 4.82848e-01
2.00000e-01 4.91243e-01
2.04000e-01 5.05758e-01
2.08000e-01 5.20553e-01
2.12000e-01 5.25710e-01
2.16000e-01 5.26098e-01
2.20000e-01 5.26122e-01
2.24000e-01 5.26145e-01
2.28000e-01 5.26215e-01
2.32000e-01 5.26445e-01
2.36000e-01 5.27129e-01
2.40000e-01 5.29045e-01
2.44000e-01 5.34434e-01
2.48000e-01 5.48093e-01
2.52000e-01 5.65661e-01
2.56000e-01 5.69575e-01
2.60000e-01 5.65939e-01
2.64000e-01 5.25966e-01
2.68000e-01 4.45874e-01
2.72000e-01 4.22115e-01
2.76000e-01 4.21796e-01
2.80000e-01 4.23513e-01
2.84000e-01 4.28526e-01
2.88000e-01 4.35717e-01
2.92000e-01 4.42639e-01
2.96000e-01 4.48414e-01
3.00000e-01 4.53669e-01
3.04000e-01 4.59402e-01
3.08000e-01 4.66831e-01
3.12000e-01 4.77789e-01
3.16000e-01 4.93853e-01
3.20000e-01 5.09687e-01
3.24000e-01 5.15406e-01
3.28000e-01 5.15808e-01
3.32000e-01 5.15803e-01
3.36000e-01 5.15706e-01
3.40000e-01 5.14898e-01
3.44000e-01 5.08953e-01
3.48000e-01 4.80850e-01
3.52000e-01 4.37164e-01
3.56000e-01 4.23349e-01
3.60000e-01 4.22883e-01
3.64000e-01 4.23174e-01
3.68000e-01 4.24734e-01
3.72000e-01 4.29161e-01
3.76000e-01 4.37276e-01
3.80000e-01 4.44614e-01
3.84000e-01 4.46654e-01
3.88000e-01 4.46773e-01
3.92000e-01 4.46783e-01
3.96000e-01 4.46797e-01
4.00000e-01 4.46837e-01
4.04000e-01 4.46956e-01
4.08000e-01 4.47254e-01
4.12000e-01 4.47899e-01
4.16000e-01 4.49097e-01
4.20000e-01 4.51007e-01
4.24000e-01 4.53568e-01
4.28000e-01 4.56399e-01
4.32000e-01 4.58998e-01
4.36000e-01 4.61139e-01
4.40000e-01 4.62954e-01
4.44000e-01 4.64719e-01
4.48000e-01 4.66692e-01
4.52000e-01 4.69067e-01
4.56000e-01 4.71937e-01
4.60000e-01 4.75264e-01
4.64000e-01 4.78931e-01
4.68000e-01 4.82869e-01
4.72000e-01 4.87256e-01
4.76000e-01 4.92729e-01
4.80000e-01 5.00751e-01
4.84000e-01 5.13709e-01
4.88000e-01 5.30731e-01
4.92000e-01 5.40994e-01
4.96000e-01 5.42529e-01
5.00000e-01 5.42560e-01
5.04000e-01 5.42557e-01
5.08000e-01 5.42526e-01
5.12000e-01 5.42206e-01
5.16000e-01 5.39317e-01
5.20000e-01 5.21275e-01
5.24000e-01 4.78876e-01
5.28000e-01 4.56715e-01
5.32000e-01 4.55061e-01
5.36000e-01 4.55143e-01
5.40000e-01 4.55758e-01
5.44000e-01 4.57705e-01
5.48000e-01 4.62021e-01
5.52000e-01 4.70187e-01
5.56000e-01 4.84006e-01
5.60000e-01 5.00805e-01
5.64000e-01 5.09555e-01
5.68000e-01 5.10644e-01
5.72000e-01 5.10662e-01
5.76000e-01 5.10662e-01
5.80000e-01 5.10661e-01
5.84000e-01 5.10652e-01
5.88000e-01 5.10607e-01
5.92000e-01 5.10415e-01
5.96000e-01 5.09695e-01
6.00000e-01 5.07747e-01
6.04000e-01 5.04965e-01
6.08000e-01 5.03284e-01
6.12000e-01 5.02542e-01
6.16000e-01 5.01526e-01
6.20000e-01 4.97695e-01
6.24000e-01 4.84481e-01
6.28000e-01 4.65607e-01
6.32000e-01 4.59140e-01
6.36000e-01 4.58870e-01
6.40000e-01 4.58994e-01
6.44000e-01 4.59704e-01
6.48000e-01 4.61764e-01
6.52000e-01 4.66026e-01
6.56000e-01 4.73115e-01
6.60000e-01 4.82800e-01
6.64000e-01 4.92794e-01
6.68000e-01 4.99795e-01
6.72000e-01 5.03728e-01
6.76000e-01 5.06898e-01
6.80000e-01 5.11150e-01
6.84000e-01 5.15331e-01
6.88000e-01 5.16299e-01
6.92000e-01 5.16099e-01
6.96000e-01 5.13521e-01
7.00000e-01 5.00200e-01
7.04000e-01 4.76083e-01
7.08000e-01 4.66863e-01
7.12000e-01 4.66721e-01
7.16000e-01 4.68488e-01
7.20000e-01 4.75610e-01
7.24000e-01 4.84888e-01
7.28000e-01 4.86781e-01
7.32000e-01 4.85674e-01
7.36000e-01 4.76829e-01
7.40000e-01 4.55075e-01
7.44000e-01 4.41952e-01
7.48000e-01 4.40794e-01
7.52000e-01 4.40975e-01
7.56000e-01 4.42065e-01
7.60000e-01 4.44525e-01
7.64000e-01 4.47011e-01
7.68000e-01 4.48215e-01
7.72000e-01 4.48750e-01
7.76000e-01 4.49261e-01
7.80000e-01 4.50133e-01
7.84000e-01 4.51780e-01
7.88000e-01 4.54567e-01
7.92000e-01 4.58541e-01
7.96000e-01 4.63160e-01
8.00000e-01 4.67411e-01
8.04000e-01 4.70570e-01
8.08000e-01 4.72741e-01
8.12000e-01 4.74451e-01
8.16000e-01 4.76215e-01
8.20000e-01 4.78576e-01
8.24000e-01 4.82422e-01
8.28000e-01 4.89427e-01
8.32000e-01 5.01183e-01
8.36000e-01 5.12976e-01
8.40000e-01 5.16899e-01
8.44000e-01 5.17144e-01
8.48000e-01 5.17145e-01
8.52000e-01 5.17145e-01
8.56000e-01 5.17145e-01
8.60000e-01 5.17145e-01
8.64000e-01 5.17145e-01
8.68000e-01 5.17145e-01
8.72000e-01 5.17145e-01
8.76000e-01 5.17144e-01
8.80000e-01 5.17139e-01
8.84000e-01 5.17099e-01
8.88000e-01 5.16790e-01
8.92000e-01 5.14492e-01
8.96000e-01 5.01610e-01
9.00000e-01 4.69316e-01
9.04000e-01 4.48265e-01
9.08000e-01 4.45875e-01
9.12000e-01 4.45850e-01
9.16000e-01 4.45858e-01
9.20000e-01 4.45903e-01
9.24000e-01 4.46043e-01
9.28000e-01 4.46370e-01
9.32000e-01 4.46976e-01
9.36000e-01 4.47839e-01
9.40000e-01 4.48741e-01
9.44000e-01 4.49480e-01
9.48000e-01 4.50079e-01
9.52000e-01 4.50699e-01
9.56000e-01 4.51534e-01
9.60000e-01 4.52824e-01
9.64000e-01 4.54847e-01
9.68000e-01 4.57866e-01
9.72000e-01 4.61908e-01
9.76000e-01 4.66272e-01
9.80000e-01 4.69531e-01
9.84000e-01 4.71124e-01
9.88000e-01 4.71809e-01
9.92000e-01 4.72252e-01
9.96000e-01 4.72732e-01
1.00000e+00 4.73411e-01
1.00400e+00 4.74422e-01
1.00800e+00 4.75873e-01
1.01200e+00 4.77809e-01
1.01600e+00 4.80173e-01
1.02000e+00 4.82747e-01
1.02400e+00 4.85172e-01
1.02800e+00 4.87127e-01
1.03200e+00 4.88553e-01
1.03600e+00 4.89615e-01
1.04000e+00 4.90525e-01
1.04400e+00 4.91453e-01
1.04800e+00 4.92548e-01
1.05200e+00 4.94009e-01
1.05600e+00 4.96220e-01
1.06000e+00 5.00060e-01
1.06400e+00 5.07408e-01
1.06800e+00 5.20176e-01
1.07200e+00 5.32947e-01
1.07600e+00 5.36942e-01
1.08000e+00 5.37144e-01
1.08400e+00 5.37121e-01
1.08800e+00 5.36777e-01
1.09200e+00 5.33513e-01
1.09600e+00 5.13688e-01
1.10000e+00 4.70294e-01
1.10400e+00 4.49667e-01
1.10800e+00 4.48310e-01
1.11200e+00 4.48396e-01
1.11600e+00 4.48967e-01
1.12000e+00 4.50549e-01
1.12400e+00 4.53431e-01
1.12800e+00 4.57816e-01
1.13200e+00 4.64460e-01
1.13600e+00 4.74458e-01
1.14000e+00 4.85248e-01
1.14400e+00 4.89953e-01
1.14800e+00 4.90417e-01
1.15200e+00 4.90423e-01
1.15600e+00 4.90423e-01
1.16000e+00 4.90423e-01
1.16400e+00 4.90424e-01
1.16800e+00 4.90425e-01
1.17200e+00 4.90430e-01
1.17600e+00 4.90443e-01
1.18000e+00 4.90478e-01
1.18400e+00 4.90559e-01
1.18800e+00 4.90731e-01
1.19200e+00 4.91073e-01
1.19600e+00 4.91723e-01
1.20000e+00 4.92970e-01
1.20400e+00 4.95493e-01
1.20800e+00 5.00863e-01
1.21200e+00 5.11414e-01
1.21600e+00 5.24430e-01
1.22000e+00 5.29964e-01
1.22400e+00 5.30366e-01
1.22800e+00 5.30308e-01
1.23200e+00 5.29658e-01
1.23600e+00 5.25908e-01
1.24000e+00 5.14487e-01
1.24400e+00 5.02963e-01
1.24800e+00 5.00680e-01
1.25200e+00 5.00692e-01
1.25600e+00 5.01192e-01
1.26000e+00 5.03459e-01
1.26400e+00 5.08792e-01
1.26800e+00 5.13698e-01
1.27200e+00 5.14791e-01
1.27600e+00 5.14825e-01
1.28000e+00 5.14825e-01
1.28400e+00 5.14825e-01
1.28800e+00 5.14817e-01
1.29200e+00 5.14768e-01
1.29600e+00 5.14451e-01
1.30000e+00 5.12556e-01
1.30400e+00 5.03996e-01
1.30800e+00 4.85525e-01
1.31200e+00 4.74491e-01
1.31600e+00 4.73454e-01
1.32000e+00 4.73568e-01
1.32400e+00 4.74485e-01
1.32800e+00 4.77950e-01
1.33200e+00 4.86323e-01
1.33600e+00 4.96319e-01
1.34000e+00 4.99639e-01
1.34400e+00 4.99724e-01
1.34800e+00 4.99257e-01
1.35200e+00 4.96110e-01
1.35600e+00 4.85856e-01
1.36000e+00 4.73763e-01
1.36400e+00 4.70507e-01
1.36800e+00 4.70409e-01
1.37200e+00 4.70474e-01
1.37600e+00 4.70830e-01
1.38000e+00 4.71660e-01
1.38400e+00 4.72466e-01
1.38800e+00 4.72753e-01
1.39200e+00 4.72832e-01
1.39600e+00 4.72907e-01
1.40000e+00 4.73083e-01
1.40400e+00 4.73591e-01
1.40800e+00 4.75007e-01
1.41200e+00 4.78656e-01
1.41600e+00 4.86398e-01
1.42000e+00 4.95856e-01
1.42400e+00 4.99628e-01
1.42800e+00 4.99866e-01
1.43200e+00 4.99802e-01
1.43600e+00 4.99217e-01
1.44000e+00 4.96435e-01
1.44400e+00 4.89403e-01
1.44800e+00 4.83342e-01
1.45200e+00 4.82317e-01
1.45600e+00 4.82337e-01
1.46000e+00 4.82609e-01
1.46400e+00 4.83107e-01
1.46800e+00 4.83219e-01
1.47200e+00 4.83126e-01
1.47600e+00 4.82400e-01
1.48000e+00 4.79783e-01
1.48400e+00 4.75755e-01
1.48800e+00 4.74083e-01
1.49200e+00 4.73993e-01
1.49600e+00 4.74043e-01
1.50000e+00 4.74391e-01
1.50400e+00 4.75716e-01
1.50800e+00 4.79207e-01
1.51200e+00 4.84248e-01
1.51600e+00 4.86724e-01
1.52000e+00 4.86971e-01
1.52400e+00 4.86974e-01
1.52800e+00 4.86974e-01
1.53200e+00 4.86974e-01
1.53600e+00 4.86974e-01
1.54000e+00 4.86974e-01
1.54400e+00 4.86974e-01
1.54800e+00 4.86974e-01
1.55200e+00 4.86974e-01
1.55600e+00 4.86974e-01
1.56000e+00 4.86974e-01
1.56400e+00 4.86974e-01
1.56800e+00 4.86975e-01
1.57200e+00 4.86976e-01
1.57600e+00 4.86979e-01
1.58000e+00 4.86987e-01
1.58400e+00 4.87009e-01
1.58800e+00 4.87070e-01
1.59200e+00 4.87253e-01
1.59600e+00 4.87803e-01
1.60000e+00 4.89407e-01
1.60400e+00 4.93346e-01
1.60800e+00 4.99143e-01
1.61200e+00 5.02175e-01
1.61600e+00 5.02507e-01
1.62000e+00 5.02512e-01
1.62400e+00 5.02512e-01
1.62800e+00 5.02512e-01
1.63200e+00 5.02512e-01
1.63600e+00 5.02512e-01
1.64000e+00 5.02512e-01
1.64400e+00 5.02514e-01
1.64800e+00 5.02518e-01
1.65200e+00 5.02529e-01
1.65600e+00 5.02559e-01
1.66000e+00 5.02646e-01
1.66400e+00 5.02907e-01
1.66800e+00 5.03711e-01
1.67200e+00 5.06041e-01
1.67600e+00 5.11087e-01
1.68000e+00 5.16276e-01
1.68400e+00 5.17750e-01
1.68800e+00 5.17819e-01
1.69200e+00 5.17820e-01
1.69600e+00 5.17821e-01
1.70000e+00 5.17823e-01
1.70400e+00 5.17831e-01
1.70800e+00 5.17856e-01
1.71200e+00 5.17924e-01
1.71600e+00 5.18097e-01
1.72000e+00 5.18494e-01
1.72400e+00 5.19375e-01
1.72800e+00 5.21327e-01
1.73200e+00 5.25760e-01
1.73600e+00 5.35465e-01
1.74000e+00 5.51139e-01
1.74400e+00 5.62103e-01
1.74800e+00 5.63948e-01
1.75200e+00 5.63989e-01
1.75600e+00 5.63989e-01
1.76000e+00 5.63989e-01
1.76400e+00 5.63989e-01
1.76800e+00 5.63986e-01
1.77200e+00 5.63961e-01
1.77600e+00 5.63736e-01
1.78000e+00 5.61884e-01
1.78400e+00 5.50709e-01
1.78800e+00 5.21492e-01
1.79200e+00 5.02172e-01
1.79600e+00 5.00023e-01
1.80000e+00 5.00000e-01
1.80400e+00 5.00000e-01
1.80800e+00 5.00000e-01
1.81200e+00 5.00000e-01
1.81600e+00 5.00000e-01
1.82000e+00 5.00000e-01
1.82400e+00 5.00000e-01
1.82800e+00 5.00000e-01
1.83200e+00 5.00000e-01
1.83600e+00 5.00000e-01
1.84000e+00 5.00000e-01
1.84400e+00 5.00000e-01
1.84800e+00 5.00000e-01
1.85200e+00 5.00000e-01
1.85600e+00 5.00000e-01
1.86000e+00 5.00000e-01
1.86400e+00 5.00000e-01
1.86800e+00 5.00000e-01
1.87200e+00 5.00000e-01
1.87600e+00 5.00000e-01
1.88000e+00 5.00000e-01
1.88400e+00 5.00000e-01
1.88800e+00 5.00000e-01
1.89200e+00 5.00000e-01
1.89600e+00 5.00000e-01
1.90000e+00 5.00000e-01
1.90400e+00 5.00000e-01
1.90800e+00 5.00000e-01
1.91200e+00 5.00000e-01
1.91600e+00 5.00000e-01
1.92000e+00 5.00000e-01
1.92400e+00 5.00000e-01
1.92800e+00 5.00000e-01
1.93200e+00 5.00000e-01
1.93600e+00 5.00000e-01
1.94000e+00 5.00000e-01
1.94400e+00 5.00000e-01
1.94800e+00 5.00000e-01
1.95200e+00 5.00000e-01
1.95600e+00 5.00000e-01
1.96000e+00 5.00000e-01
1.96400e+00 5.00000e-01
1.96800e+00 5.00000e-01
1.97200e+00 5.00000e-01
1.97600e+00 5.00000e-01
1.98000e+00 5.00000e-01
1.98400e+00 5.00000e-01
1.98800e+00 5.00000e-01
1.99200e+00 5.00000e-01
1.99600e+00 5.00000e-01
