0.00000e+00 5.42464e-01
4.00000e-03 5.42464e-01
8.00000e-03 5.42464e-01
1.20000e-02 5.42460e-01
1.60000e-02 5.42384e-01
2.00000e-02 5.41532e-01
2.40000e-02 5.35540e-01
2.80000e-02 5.16929e-01
3.20000e-02 5.00138e-01
3.60000e-02 4.95281e-01
4.00000e-02 4.91806e-01
4.40000e-02 4.79657e-01
4.80000e-02 4.48142e-01
5.20000e-02 4.26934e-01
5.60000e-02 4.25082e-01
6.00000e-02 4.25853e-01
6.40000e-02 4.29995e-01
6.80000e-02 4.40371e-01
7.20000e-02 4.56472e-01
7.60000e-02 4.70101e-01
8.00000e-02 4.75183e-01
8.40000e-02 4.76469e-01
8.80000e-02 4.77354e-01
9.20000e-02 4.79061e-01
9.60000e-02 4.83616e-01
1.00000e-01 4.95105e-01
1.04000e-01 5.13604e-01
1.08000e-01 5.22480e-01
1.12000e-01 5.22433e-01
1.16000e-01 5.15566e-01
1.20000e-01 4.83094e-01
1.24000e-01 4.47253e-01
1.28000e-01 4.41100e-01
1.32000e-01 4.41457e-01
1.36000e-01 4.44346e-01
1.40000e-01 4.52807e-01
1.44000e-01 4.67735e-01
1.48000e-01 4.82376e-01
1.52000e-01 4.88094e-01
1.56000e-01 4.88953e-01
1.60000e-01 4.89199e-01
1.64000e-01 4.89526e-01
1.68000e-01 4.90323e-01
1.72000e-01 4.92373e-01
1.76000e-01 4.97315e-01
1.80000e-01 5.08116e-01
1.84000e-01 5.25522e-01
1.88000e-01 5.37824e-01
1.92000e-01 5.39716e-01
1.96000e-01 5.39624e-01
2.00000e-01 5.38028e-01
2.04000e-01 5.27536e-01
2.08000e-01 4.99006e-01
2.12000e-01 4.78836e-01
2.16000e-01 4.76348e-01
2.20000e-01 4.76319e-01
2.24000e-01 4.76325e-01
2.28000e-01 4.76369e-01
2.32000e-01 4.76532e-01
2.36000e-01 4.77018e-01
2.40000e-01 4.78250e-01
2.44000e-01 4.81033e-01
2.48000e-01 4.86860e-01
2.52000e-01 4.98040e-01
2.56000e-01 5.13988e-01
2.60000e-01 5.24355e-01
2.64000e-01 5.26093e-01
2.68000e-01 5.26145e-01
2.72000e-01 5.26150e-01
2.76000e-01 5.26160e-01
2.80000e-01 5.26194e-01
2.84000e-01 5.26308e-01
2.88000e-01 5.26673e-01
2.92000e-01 5.27983e-01
2.96000e-01 5.33084e-01
3.00000e-01 5.46503e-01
3.04000e-01 5.54780e-01
3.08000e-01 5.53006e-01
3.12000e-01 5.24841e-01
3.16000e-01 4.54326e-01
3.20000e-01 4.26868e-01
3.24000e-01 4.26143e-01
3.28000e-01 4.27761e-01
3.32000e-01 4.32992e-01
3.36000e-01 4.40667e-01
3.40000e-01 4.47701e-01
3.44000e-01 4.52985e-01
3.48000e-01 4.57396e-01
3.52000e-01 4.62107e-01
3.56000e-01 4.68327e-01
3.60000e-01 4.77773e-01
3.64000e-01 4.92295e-01
3.68000e-01 5.08205e-01
3.72000e-01 5.15102e-01
3.76000e-01 5.15728e-01
3.80000e-01 5.15720e-01
3.84000e-01 5.15519e-01
3.88000e-01 5.13511e-01
3.92000e-01 4.99474e-01
3.96000e-01 4.57476e-01
4.00000e-01 4.27342e-01
4.04000e-01 4.24034e-01
4.08000e-01 4.24213e-01
4.12000e-01 4.25618e-01
4.16000e-01 4.30037e-01
4.20000e-01 4.38140e-01
4.24000e-01 4.45013e-01
4.28000e-01 4.46712e-01
4.32000e-01 4.46794e-01
4.36000e-01 4.46801e-01
4.40000e-01 4.46809e-01
4.44000e-01 4.46835e-01
4.48000e-01 4.46913e-01
4.52000e-01 4.47117e-01
4.56000e-01 4.47574e-01
4.60000e-01 4.48469e-01
4.64000e-01 4.50004e-01
4.68000e-01 4.52275e-01
4.72000e-01 4.55106e-01
4.76000e-01 4.58001e-01
4.80000e-01 4.60468e-01
4.84000e-01 4.62392e-01
4.88000e-01 4.63998e-01
4.92000e-01 4.65580e-01
4.96000e-01 4.67386e-01
5.00000e-01 4.69597e-01
5.04000e-01 4.72294e-01
5.08000e-01 4.75430e-01
5.12000e-01 4.78850e-01
5.16000e-01 4.82408e-01
5.20000e-01 4.86113e-01
5.24000e-01 4.90278e-01
5.28000e-01 4.95711e-01
5.32000e-01 5.04108e-01
5.36000e-01 5.17817e-01
5.40000e-01 5.34083e-01
5.44000e-01 5.41755e-01
5.48000e-01 5.42538e-01
5.52000e-01 5.42546e-01
5.56000e-01 5.42531e-01
5.60000e-01 5.42355e-01
5.64000e-01 5.40655e-01
5.68000e-01 5.28427e-01
5.72000e-01 4.89715e-01
5.76000e-01 4.59563e-01
5.80000e-01 4.55755e-01
5.84000e-01 4.55787e-01
5.88000e-01 4.56316e-01
5.92000e-01 4.58150e-01
5.96000e-01 4.62307e-01
6.00000e-01 4.70128e-01
6.04000e-01 4.83345e-01
6.08000e-01 4.99943e-01
6.12000e-01 5.09312e-01
6.16000e-01 5.10636e-01
6.20000e-01 5.10662e-01
6.24000e-01 5.10662e-01
6.28000e-01 5.10661e-01
6.32000e-01 5.10658e-01
6.36000e-01 5.10641e-01
6.40000e-01 5.10567e-01
6.44000e-01 5.10283e-01
6.48000e-01 5.09382e-01
6.52000e-01 5.07451e-01
6.56000e-01 5.05152e-01
6.60000e-01 5.03361e-01
6.64000e-01 5.01243e-01
6.68000e-01 4.95605e-01
6.72000e-01 4.80423e-01
6.76000e-01 4.63618e-01
6.80000e-01 4.59361e-01
6.84000e-01 4.59256e-01
6.88000e-01 4.59391e-01
6.92000e-01 4.60085e-01
6.96000e-01 4.62021e-01
7.00000e-01 4.65969e-01
7.04000e-01 4.72495e-01
7.08000e-01 4.81422e-01
7.12000e-01 4.90901e-01
7.16000e-01 4.98193e-01
7.20000e-01 5.02975e-01
7.24000e-01 5.07115e-01
7.28000e-01 5.11814e-01
7.32000e-01 5.14932e-01
7.36000e-01 5.15333e-01
7.40000e-01 5.15130e-01
7.44000e-01 5.12919e-01
7.48000e-01 5.01570e-01
7.52000e-01 4.79513e-01
7.56000e-01 4.70011e-01
7.60000e-01 4.69785e-01
7.64000e-01 4.71427e-01
7.68000e-01 4.77356e-01
7.72000e-01 4.82286e-01
7.76000e-01 4.82470e-01
7.80000e-01 4.79840e-01
7.84000e-01 4.66994e-01
7.88000e-01 4.47957e-01
7.92000e-01 4.41879e-01
7.96000e-01 4.41714e-01
8.00000e-01 4.42052e-01
8.04000e-01 4.43467e-01
8.08000e-01 4.45989e-01
8.12000e-01 4.48065e-01
8.16000e-01 4.48981e-01
8.20000e-01 4.49462e-01
8.24000e-01 4.50019e-01
8.28000e-01 4.51022e-01
8.32000e-01 4.52889e-01
8.36000e-01 4.55964e-01
8.40000e-01 4.60236e-01
8.44000e-01 4.65034e-01
8.48000e-01 4.69189e-01
8.52000e-01 4.71997e-01
8.56000e-01 4.73752e-01
8.60000e-01 4.75074e-01
8.64000e-01 4.76445e-01
8.68000e-01 4.78307e-01
8.72000e-01 4.81348e-01
8.76000e-01 4.86932e-01
8.80000e-01 4.97044e-01
8.84000e-01 5.09876e-01
8.88000e-01 5.16391e-01
8.92000e-01 5.17135e-01
8.96000e-01 5.17145e-01
9.00000e-01 5.17145e-01
9.04000e-01 5.17145e-01
9.08000e-01 5.17145e-01
9.12000e-01 5.17145e-01
9.16000e-01 5.17145e-01
9.20000e-01 5.17145e-01
9.24000e-01 5.17144e-01
9.28000e-01 5.17138e-01
9.32000e-01 5.17087e-01
9.36000e-01 5.16679e-01
9.40000e-01 5.13679e-01
9.44000e-01 4.98051e-01
9.48000e-01 4.64732e-01
9.52000e-01 4.47364e-01
9.56000e-01 4.45888e-01
9.60000e-01 4.45881e-01
9.64000e-01 4.45899e-01
9.68000e-01 4.45983e-01
9.72000e-01 4.46214e-01
9.76000e-01 4.46699e-01
9.80000e-01 4.47490e-01
9.84000e-01 4.48460e-01
9.88000e-01 4.49347e-01
9.92000e-01 4.50034e-01
9.96000e-01 4.50622e-01
1.00000e+00 4.51286e-01
1.00400e+00 4.52227e-01
1.00800e+00 4.53694e-01
1.01200e+00 4.55989e-01
1.01600e+00 4.59432e-01
1.02000e+00 4.64001e-01
1.02400e+00 4.68497e-01
1.02800e+00 4.71096e-01
1.03200e+00 4.71964e-01
1.03600e+00 4.72278e-01
1.04000e+00 4.72522e-01
1.04400e+00 4.72861e-01
1.04800e+00 4.73421e-01
1.05200e+00 4.74330e-01
1.05600e+00 4.75699e-01
1.06000e+00 4.77593e-01
1.06400e+00 4.79986e-01
1.06800e+00 4.82693e-01
1.07200e+00 4.85314e-01
1.07600e+00 4.87408e-01
1.08000e+00 4.88835e-01
1.08400e+00 4.89793e-01
1.08800e+00 4.90544e-01
1.09200e+00 4.91275e-01
1.09600e+00 4.92116e-01
1.10000e+00 4.93196e-01
1.10400e+00 4.94716e-01
1.10800e+00 4.97122e-01
1.11200e+00 5.01465e-01
1.11600e+00 5.09888e-01
1.12000e+00 5.23557e-01
1.12400e+00 5.34580e-01
1.12800e+00 5.36916e-01
1.13200e+00 5.36955e-01
1.13600e+00 5.36717e-01
1.14000e+00 5.34107e-01
1.14400e+00 5.17014e-01
1.14800e+00 4.74586e-01
1.15200e+00 4.50852e-01
1.15600e+00 4.48906e-01
1.16000e+00 4.48978e-01
1.16400e+00 4.49530e-01
1.16800e+00 4.51146e-01
1.17200e+00 4.54260e-01
1.17600e+00 4.59334e-01
1.18000e+00 4.67391e-01
1.18400e+00 4.78734e-01
1.18800e+00 4.87931e-01
1.19200e+00 4.90311e-01
1.19600e+00 4.90423e-01
1.20000e+00 4.90423e-01
1.20400e+00 4.90423e-01
1.20800e+00 4.90423e-01
1.21200e+00 4.90424e-01
1.21600e+00 4.90424e-01
1.22000e+00 4.90427e-01
1.22400e+00 4.90435e-01
1.22800e+00 4.90456e-01
1.23200e+00 4.90505e-01
1.23600e+00 4.90613e-01
1.24000e+00 4.90834e-01
1.24400e+00 4.91259e-01
1.24800e+00 4.92062e-01
1.25200e+00 4.93629e-01
1.25600e+00 4.96882e-01
1.26000e+00 5.03800e-01
1.26400e+00 5.16043e-01
1.26800e+00 5.27200e-01
1.27200e+00 5.30017e-01
1.27600e+00 5.30095e-01
1.28000e+00 5.29971e-01
1.28400e+00 5.28900e-01
1.28800e+00 5.23615e-01
1.29200e+00 5.11018e-01
1.29600e+00 5.02271e-01
1.30000e+00 5.01264e-01
1.30400e+00 5.01343e-01
1.30800e+00 5.02088e-01
1.31200e+00 5.04964e-01
1.31600e+00 5.10534e-01
1.32000e+00 5.14279e-01
1.32400e+00 5.14815e-01
1.32800e+00 5.14824e-01
1.33200e+00 5.14824e-01
1.33600e+00 5.14819e-01
1.34000e+00 5.14784e-01
1.34400e+00 5.14554e-01
1.34800e+00 5.13158e-01
1.35200e+00 5.06411e-01
1.35600e+00 4.89235e-01
1.36000e+00 4.75976e-01
1.36400e+00 4.74152e-01
1.36800e+00 4.74214e-01
1.37200e+00 4.74919e-01
1.37600e+00 4.77819e-01
1.38000e+00 4.85304e-01
1.38400e+00 4.95099e-01
1.38800e+00 4.98836e-01
1.39200e+00 4.98978e-01
1.39600e+00 4.98588e-01
1.40000e+00 4.95818e-01
1.40400e+00 4.86373e-01
1.40800e+00 4.74346e-01
1.41200e+00 4.70725e-01
1.41600e+00 4.70590e-01
1.42000e+00 4.70639e-01
1.42400e+00 4.70932e-01
1.42800e+00 4.71674e-01
1.43200e+00 4.72490e-01
1.43600e+00 4.72829e-01
1.44000e+00 4.72922e-01
1.44400e+00 4.72997e-01
1.44800e+00 4.73162e-01
1.45200e+00 4.73633e-01
1.45600e+00 4.74950e-01
1.46000e+00 4.78370e-01
1.46400e+00 4.85762e-01
1.46800e+00 4.95222e-01
1.47200e+00 4.99328e-01
1.47600e+00 4.99634e-01
1.48000e+00 4.99590e-01
1.48400e+00 4.99157e-01
1.48800e+00 4.96982e-01
1.49200e+00 4.90808e-01
1.49600e+00 4.84216e-01
1.50000e+00 4.82637e-01
1.50400e+00 4.82613e-01
1.50800e+00 4.82717e-01
1.51200e+00 4.82905e-01
1.51600e+00 4.82923e-01
1.52000e+00 4.82799e-01
1.52400e+00 4.81998e-01
1.52800e+00 4.79352e-01
1.53200e+00 4.75607e-01
1.53600e+00 4.74213e-01
1.54000e+00 4.74152e-01
1.54400e+00 4.74206e-01
1.54800e+00 4.74565e-01
1.55200e+00 4.75908e-01
1.55600e+00 4.79408e-01
1.56000e+00 4.84374e-01
1.56400e+00 4.86744e-01
1.56800e+00 4.86972e-01
1.57200e+00 4.86974e-01
1.57600e+00 4.86974e-01
1.58000e+00 4.86974e-01
1.58400e+00 4.86974e-01
1.58800e+00 4.86974e-01
1.59200e+00 4.86974e-01
1.59600e+00 4.86974e-01
1.60000e+00 4.86974e-01
1.60400e+00 4.86974e-01
1.60800e+00 4.86974e-01
1.61200e+00 4.86974e-01
1.61600e+00 4.86975e-01
1.62000e+00 4.86975e-01
1.62400e+00 4.86978e-01
1.62800e+00 4.86983e-01
1.63200e+00 4.86999e-01
1.63600e+00 4.87043e-01
1.64000e+00 4.87177e-01
1.64400e+00 4.87580e-01
1.64800e+00 4.88783e-01
1.65200e+00 4.91957e-01
1.65600e+00 4.97605e-01
1.66000e+00 5.01756e-01
1.66400e+00 5.02493e-01
1.66800e+00 5.02512e-01
1.67200e+00 5.02512e-01
1.67600e+00 5.02512e-01
1.68000e+00 5.02512e-01
1.68400e+00 5.02512e-01
1.68800e+00 5.02512e-01
1.69200e+00 5.02512e-01
1.69600e+00 5.02514e-01
1.70000e+00 5.02519e-01
1.70400e+00 5.02532e-01
1.70800e+00 5.02572e-01
1.71200e+00 5.02691e-01
1.71600e+00 5.03066e-01
1.72000e+00 5.04236e-01
1.72400e+00 5.07445e-01
1.72800e+00 5.13167e-01
1.73200e+00 5.17165e-01
1.73600e+00 5.17807e-01
1.74000e+00 5.17821e-01
1.74400e+00 5.17822e-01
1.74800e+00 5.17822e-01
1.75200e+00 5.17824e-01
1.75600e+00 5.17829e-01
1.76000e+00 5.17847e-01
1.76400e+00 5.17896e-01
1.76800e+00 5.18019e-01
1.77200e+00 5.18304e-01
1.77600e+00 5.18933e-01
1.78000e+00 5.20309e-01
1.78400e+00 5.23391e-01
1.78800e+00 5.30361e-01
1.79200e+00 5.43921e-01
1.79600e+00 5.58701e-01
1.80000e+00 5.63693e-01
1.80400e+00 5.63988e-01
1.80800e+00 5.63989e-01
1.81200e+00 5.63989e-01
1.81600e+00 5.63989e-01
1.82000e+00 5.63987e-01
1.82400e+00 5.63967e-01
1.82800e+00 5.63794e-01
1.83200e+00 5.62336e-01
1.83600e+00 5.53007e-01
1.84000e+00 5.25221e-01
1.84400e+00 5.03149e-01
1.84800e+00 5.00046e-01
1.85200e+00 5.00000e-01
1.85600e+00 5.00000e-01
1.86000e+00 5.00000e-01
1.86400e+00 5.00000e-01
1.86800e+00 5.00000e-01
1.87200e+00 5.00000e-01
1.87600e+00 5.00000e-01
1.88000e+00 5.00000e-01
1.88400e+00 5.00000e-01
1.88800e+00 5.00000e-01
1.89200e+00 5.00000e-01
1.89600e+00 5.00000e-01
1.90000e+00 5.00000e-01
1.90400e+00 5.00000e-01
1.90800e+00 5.00000e-01
1.91200e+00 5.00000e-01
1.91600e+00 5.00000e-01
1.92000e+00 5.00000e-01
1.92400e+00 5.00000e-01
1.92800e+00 5.00000e-01
1.93200e+00 5.00000e-01
1.93600e+00 5.00000e-01
1.94000e+00 5.00000e-01
1.94400e+00 5.00000e-01
1.94800e+00 5.00000e-01
1.95200e+00 5.00000e-01
1.95600e+00 5.00000e-01
1.96000e+00 5.00000e-01
1.96400e+00 5.00000e-01
1.96800e+00 5.00000e-01
1.97200e+00 5.00000e-01
1.97600e+00 5.00000e-01
1.98000e+00 5.00000e-01
1.98400e+00 5.00000e-01
1.98800e+00 5.00000e-01
1.99200e+00 5.00000e-01
1.99600e+00 5.00000e-01
