0.00000e+00 5.34519e-01
4.00000e-03 5.34519e-01
8.00000e-03 5.34519e-01
1.20000e-02 5.34520e-01
1.60000e-02 5.34532e-01
2.00000e-02 5.34641e-01
2.40000e-02 5.35335e-01
2.80000e-02 5.37836e-01
3.20000e-02 5.41283e-01
3.60000e-02 5.42318e-01
4.00000e-02 5.42319e-01
4.40000e-02 5.41936e-01
4.80000e-02 5.39178e-01
5.20000e-02 5.28404e-01
5.60000e-02 5.10627e-01
6.00000e-02 4.97921e-01
6.40000e-02 4.86914e-01
6.80000e-02 4.65103e-01
7.20000e-02 4.36052e-01
7.60000e-02 4.26734e-01
8.00000e-02 4.26621e-01
8.40000e-02 4.28047e-01
8.80000e-02 4.33455e-01
9.20000e-02 4.44979e-01
9.60000e-02 4.60750e-01
1.00000e-01 4.72304e-01
1.04000e-01 4.76057e-01
1.08000e-01 4.77021e-01
1.12000e-01 4.77758e-01
1.16000e-01 4.79228e-01
1.20000e-01 4.83192e-01
1.24000e-01 4.93476e-01
1.28000e-01 5.10693e-01
1.32000e-01 5.19188e-01
1.36000e-01 5.19096e-01
1.40000e-01 5.12030e-01
1.44000e-01 4.80554e-01
1.48000e-01 4.47952e-01
1.52000e-01 4.42778e-01
1.56000e-01 4.43172e-01
1.60000e-01 4.46128e-01
1.64000e-01 4.54711e-01
1.68000e-01 4.69741e-01
1.72000e-01 4.83784e-01
1.76000e-01 4.88607e-01
1.80000e-01 4.89186e-01
1.84000e-01 4.89340e-01
1.88000e-01 4.89559e-01
1.92000e-01 4.90120e-01
1.96000e-01 4.91585e-01
2.00000e-01 4.95143e-01
2.04000e-01 5.03190e-01
2.08000e-01 5.18389e-01
2.12000e-01 5.34296e-01
2.16000e-01 5.39090e-01
2.20000e-01 5.39199e-01
2.24000e-01 5.38415e-01
2.28000e-01 5.31882e-01
2.32000e-01 5.07867e-01
2.36000e-01 4.81942e-01
2.40000e-01 4.76468e-01
2.44000e-01 4.76331e-01
2.48000e-01 4.76336e-01
2.52000e-01 4.76374e-01
2.56000e-01 4.76523e-01
2.60000e-01 4.76957e-01
2.64000e-01 4.78027e-01
2.68000e-01 4.80389e-01
2.72000e-01 4.85278e-01
2.76000e-01 4.94841e-01
2.80000e-01 5.10066e-01
2.84000e-01 5.22844e-01
2.88000e-01 5.26012e-01
2.92000e-01 5.26150e-01
2.96000e-01 5.26154e-01
3.00000e-01 5.26158e-01
3.04000e-01 5.26171e-01
3.08000e-01 5.26215e-01
3.12000e-01 5.26378e-01
3.16000e-01 5.27078e-01
3.20000e-01 5.30348e-01
3.24000e-01 5.40342e-01
3.28000e-01 5.47168e-01
3.32000e-01 5.45640e-01
3.36000e-01 5.21351e-01
3.40000e-01 4.57029e-01
3.44000e-01 4.29306e-01
3.48000e-01 4.28381e-01
3.52000e-01 4.29888e-01
3.56000e-01 4.35041e-01
3.60000e-01 4.42829e-01
3.64000e-01 4.49912e-01
3.68000e-01 4.54983e-01
3.72000e-01 4.59011e-01
3.76000e-01 4.63245e-01
3.80000e-01 4.68889e-01
3.84000e-01 4.77611e-01
3.88000e-01 4.91375e-01
3.92000e-01 5.07311e-01
3.96000e-01 5.14884e-01
4.00000e-01 5.15653e-01
4.04000e-01 5.15637e-01
4.08000e-01 5.15289e-01
4.12000e-01 5.11933e-01
4.16000e-01 4.91600e-01
4.20000e-01 4.47024e-01
4.24000e-01 4.26031e-01
4.28000e-01 4.24839e-01
4.32000e-01 4.25291e-01
4.36000e-01 4.27756e-01
4.40000e-01 4.34058e-01
4.44000e-01 4.42406e-01
4.48000e-01 4.46371e-01
4.52000e-01 4.46793e-01
4.56000e-01 4.46804e-01
4.60000e-01 4.46809e-01
4.64000e-01 4.46821e-01
4.68000e-01 4.46858e-01
4.72000e-01 4.46964e-01
4.76000e-01 4.47223e-01
4.80000e-01 4.47775e-01
4.84000e-01 4.48813e-01
4.88000e-01 4.50527e-01
4.92000e-01 4.52978e-01
4.96000e-01 4.55922e-01
5.00000e-01 4.58815e-01
5.04000e-01 4.61182e-01
5.08000e-01 4.62979e-01
5.12000e-01 4.64473e-01
5.16000e-01 4.65962e-01
5.20000e-01 4.67689e-01
5.24000e-01 4.69826e-01
5.28000e-01 4.72451e-01
5.32000e-01 4.75513e-01
5.36000e-01 4.78847e-01
5.40000e-01 4.82276e-01
5.44000e-01 4.85755e-01
5.48000e-01 4.89491e-01
5.52000e-01 4.94079e-01
5.56000e-01 5.00804e-01
5.60000e-01 5.11972e-01
5.64000e-01 5.28140e-01
5.68000e-01 5.40062e-01
5.72000e-01 5.42465e-01
5.76000e-01 5.42533e-01
5.80000e-01 5.42524e-01
5.84000e-01 5.42395e-01
5.88000e-01 5.41105e-01
5.92000e-01 5.31274e-01
5.96000e-01 4.95547e-01
6.00000e-01 4.61680e-01
6.04000e-01 4.56167e-01
6.08000e-01 4.56151e-01
6.12000e-01 4.56616e-01
6.16000e-01 4.58350e-01
6.20000e-01 4.62380e-01
6.24000e-01 4.70023e-01
6.28000e-01 4.82990e-01
6.32000e-01 4.99524e-01
6.36000e-01 5.09189e-01
6.40000e-01 5.10631e-01
6.44000e-01 5.10661e-01
6.48000e-01 5.10661e-01
6.52000e-01 5.10661e-01
6.56000e-01 5.10659e-01
6.60000e-01 5.10649e-01
6.64000e-01 5.10604e-01
6.68000e-01 5.10432e-01
6.72000e-01 5.09870e-01
6.76000e-01 5.08534e-01
6.80000e-01 5.06547e-01
6.84000e-01 5.04463e-01
6.88000e-01 5.01599e-01
6.92000e-01 4.94450e-01
6.96000e-01 4.77824e-01
7.00000e-01 4.62550e-01
7.04000e-01 4.59463e-01
7.08000e-01 4.59417e-01
7.12000e-01 4.59562e-01
7.16000e-01 4.60256e-01
7.20000e-01 4.62146e-01
7.24000e-01 4.65964e-01
7.28000e-01 4.72237e-01
7.32000e-01 4.80767e-01
7.36000e-01 4.89870e-01
7.40000e-01 4.97198e-01
7.44000e-01 5.02492e-01
7.48000e-01 5.07342e-01
7.52000e-01 5.12291e-01
7.56000e-01 5.14808e-01
7.60000e-01 5.15017e-01
7.64000e-01 5.14813e-01
7.68000e-01 5.12755e-01
7.72000e-01 5.02275e-01
7.76000e-01 4.81221e-01
7.80000e-01 4.71592e-01
7.84000e-01 4.71306e-01
7.88000e-01 4.72787e-01
7.92000e-01 4.77678e-01
7.96000e-01 4.80644e-01
8.00000e-01 4.80435e-01
8.04000e-01 4.76594e-01
8.08000e-01 4.62055e-01
8.12000e-01 4.45753e-01
8.16000e-01 4.42138e-01
8.20000e-01 4.42122e-01
8.24000e-01 4.42577e-01
8.28000e-01 4.44153e-01
8.32000e-01 4.46668e-01
8.36000e-01 4.48540e-01
8.40000e-01 4.49343e-01
8.44000e-01 4.49808e-01
8.48000e-01 4.50394e-01
8.52000e-01 4.51468e-01
8.56000e-01 4.53449e-01
8.60000e-01 4.56674e-01
8.64000e-01 4.61104e-01
8.68000e-01 4.65995e-01
8.72000e-01 4.70077e-01
8.76000e-01 4.72679e-01
8.80000e-01 4.74216e-01
8.84000e-01 4.75353e-01
8.88000e-01 4.76546e-01
8.92000e-01 4.78191e-01
8.96000e-01 4.80891e-01
9.00000e-01 4.85857e-01
9.04000e-01 4.95081e-01
9.08000e-01 5.07974e-01
9.12000e-01 5.15915e-01
9.16000e-01 5.17120e-01
9.20000e-01 5.17145e-01
9.24000e-01 5.17145e-01
9.28000e-01 5.17145e-01
9.32000e-01 5.17145e-01
9.36000e-01 5.17145e-01
9.40000e-01 5.17145e-01
9.44000e-01 5.17145e-01
9.48000e-01 5.17144e-01
9.52000e-01 5.17137e-01
9.56000e-01 5.17078e-01
9.60000e-01 5.16607e-01
9.64000e-01 5.13182e-01
9.68000e-01 4.96085e-01
9.72000e-01 4.62610e-01
9.76000e-01 4.47043e-01
9.80000e-01 4.45904e-01
9.84000e-01 4.45901e-01
9.88000e-01 4.45927e-01
9.92000e-01 4.46037e-01
9.96000e-01 4.46327e-01
1.00000e+00 4.46903e-01
1.00400e+00 4.47786e-01
1.00800e+00 4.48792e-01
1.01200e+00 4.49656e-01
1.01600e+00 4.50313e-01
1.02000e+00 4.50896e-01
1.02400e+00 4.51583e-01
1.02800e+00 4.52579e-01
1.03200e+00 4.54140e-01
1.03600e+00 4.56598e-01
1.04000e+00 4.60327e-01
1.04400e+00 4.65229e-01
1.04800e+00 4.69645e-01
1.05200e+00 4.71709e-01
1.05600e+00 4.72236e-01
1.06000e+00 4.72425e-01
1.06400e+00 4.72603e-01
1.06800e+00 4.72890e-01
1.07200e+00 4.73403e-01
1.07600e+00 4.74267e-01
1.08000e+00 4.75597e-01
1.08400e+00 4.77467e-01
1.08800e+00 4.79872e-01
1.09200e+00 4.82649e-01
1.09600e+00 4.85387e-01
1.10000e+00 4.87572e-01
1.10400e+00 4.89007e-01
1.10800e+00 4.89911e-01
1.11200e+00 4.90583e-01
1.11600e+00 4.91223e-01
1.12000e+00 4.91959e-01
1.12400e+00 4.92897e-01
1.12800e+00 4.94188e-01
1.13200e+00 4.96145e-01
1.13600e+00 4.99521e-01
1.14000e+00 5.06032e-01
1.14400e+00 5.17963e-01
1.14800e+00 5.31477e-01
1.15200e+00 5.36502e-01
1.15600e+00 5.36773e-01
1.16000e+00 5.36592e-01
1.16400e+00 5.34308e-01
1.16800e+00 5.18623e-01
1.17200e+00 4.76980e-01
1.17600e+00 4.51561e-01
1.18000e+00 4.49222e-01
1.18400e+00 4.49284e-01
1.18800e+00 4.49821e-01
1.19200e+00 4.51448e-01
1.19600e+00 4.54697e-01
1.20000e+00 4.60197e-01
1.20400e+00 4.69074e-01
1.20800e+00 4.80852e-01
1.21200e+00 4.88837e-01
1.21600e+00 4.90375e-01
1.22000e+00 4.90423e-01
1.22400e+00 4.90423e-01
1.22800e+00 4.90423e-01
1.23200e+00 4.90423e-01
1.23600e+00 4.90424e-01
1.24000e+00 4.90424e-01
1.24400e+00 4.90426e-01
1.24800e+00 4.90432e-01
1.25200e+00 4.90448e-01
1.25600e+00 4.90487e-01
1.26000e+00 4.90573e-01
1.26400e+00 4.90750e-01
1.26800e+00 4.91094e-01
1.27200e+00 4.91743e-01
1.27600e+00 4.92990e-01
1.28000e+00 4.95529e-01
1.28400e+00 5.00955e-01
1.28800e+00 5.11557e-01
1.29200e+00 5.24356e-01
1.29600e+00 5.29610e-01
1.30000e+00 5.29978e-01
1.30400e+00 5.29932e-01
1.30800e+00 5.29410e-01
1.31200e+00 5.26329e-01
1.31600e+00 5.16222e-01
1.32000e+00 5.04479e-01
1.32400e+00 5.01604e-01
1.32800e+00 5.01575e-01
1.33200e+00 5.01937e-01
1.33600e+00 5.03759e-01
1.34000e+00 5.08452e-01
1.34400e+00 5.13421e-01
1.34800e+00 5.14768e-01
1.35200e+00 5.14823e-01
1.35600e+00 5.14823e-01
1.36000e+00 5.14819e-01
1.36400e+00 5.14790e-01
1.36800e+00 5.14595e-01
1.37200e+00 5.13407e-01
1.37600e+00 5.07484e-01
1.38000e+00 4.91169e-01
1.38400e+00 4.76872e-01
1.38800e+00 4.74511e-01
1.39200e+00 4.74546e-01
1.39600e+00 4.75157e-01
1.40000e+00 4.77797e-01
1.40400e+00 4.84846e-01
1.40800e+00 4.94494e-01
1.41200e+00 4.98430e-01
1.41600e+00 4.98604e-01
1.42000e+00 4.98248e-01
1.42400e+00 4.95648e-01
1.42800e+00 4.86590e-01
1.43200e+00 4.74628e-01
1.43600e+00 4.70829e-01
1.44000e+00 4.70674e-01
1.44400e+00 4.70716e-01
1.44800e+00 4.70981e-01
1.45200e+00 4.71681e-01
1.45600e+00 4.72499e-01
1.46000e+00 4.72866e-01
1.46400e+00 4.72967e-01
1.46800e+00 4.73043e-01
1.47200e+00 4.73204e-01
1.47600e+00 4.73657e-01
1.48000e+00 4.74926e-01
1.48400e+00 4.78235e-01
1.48800e+00 4.85452e-01
1.49200e+00 4.94905e-01
1.49600e+00 4.99184e-01
1.50000e+00 4.99529e-01
1.50400e+00 4.99493e-01
1.50800e+00 4.99123e-01
1.51200e+00 4.97213e-01
1.51600e+00 4.91490e-01
1.52000e+00 4.84695e-01
1.52400e+00 4.82765e-01
1.52800e+00 4.82707e-01
1.53200e+00 4.82753e-01
1.53600e+00 4.82827e-01
1.54000e+00 4.82822e-01
1.54400e+00 4.82668e-01
1.54800e+00 4.81811e-01
1.55200e+00 4.79127e-01
1.55600e+00 4.75526e-01
1.56000e+00 4.74275e-01
1.56400e+00 4.74226e-01
1.56800e+00 4.74283e-01
1.57200e+00 4.74648e-01
1.57600e+00 4.76001e-01
1.58000e+00 4.79507e-01
1.58400e+00 4.84436e-01
1.58800e+00 4.86753e-01
1.59200e+00 4.86972e-01
1.59600e+00 4.86974e-01
1.60000e+00 4.86974e-01
1.60400e+00 4.86974e-01
1.60800e+00 4.86974e-01
1.61200e+00 4.86974e-01
1.61600e+00 4.86974e-01
1.62000e+00 4.86974e-01
1.62400e+00 4.86974e-01
1.62800e+00 4.86974e-01
1.63200e+00 4.86974e-01
1.63600e+00 4.86974e-01
1.64000e+00 4.86975e-01
1.64400e+00 4.86975e-01
1.64800e+00 4.86977e-01
1.65200e+00 4.86982e-01
1.65600e+00 4.86995e-01
1.66000e+00 4.87033e-01
1.66400e+00 4.87146e-01
1.66800e+00 4.87492e-01
1.67200e+00 4.88529e-01
1.67600e+00 4.91345e-01
1.68000e+00 4.96776e-01
1.68400e+00 5.01437e-01
1.68800e+00 5.02476e-01
1.69200e+00 5.02512e-01
1.69600e+00 5.02512e-01
1.70000e+00 5.02512e-01
1.70400e+00 5.02512e-01
1.70800e+00 5.02512e-01
1.71200e+00 5.02512e-01
1.71600e+00 5.02512e-01
1.72000e+00 5.02513e-01
1.72400e+00 5.02516e-01
1.72800e+00 5.02525e-01
1.73200e+00 5.02552e-01
1.73600e+00 5.02632e-01
1.74000e+00 5.02886e-01
1.74400e+00 5.03693e-01
1.74800e+00 5.06061e-01
1.75200e+00 5.11174e-01
1.75600e+00 5.16338e-01
1.76000e+00 5.17759e-01
1.76400e+00 5.17821e-01
1.76800e+00 5.17822e-01
1.77200e+00 5.17822e-01
1.77600e+00 5.17823e-01
1.78000e+00 5.17825e-01
1.78400e+00 5.17834e-01
1.78800e+00 5.17859e-01
1.79200e+00 5.17926e-01
1.79600e+00 5.18086e-01
1.80000e+00 5.18447e-01
1.80400e+00 5.19233e-01
1.80800e+00 5.20955e-01
1.81200e+00 5.24834e-01
1.81600e+00 5.33465e-01
1.82000e+00 5.48554e-01
1.82400e+00 5.61135e-01
1.82800e+00 5.63899e-01
1.83200e+00 5.63989e-01
1.83600e+00 5.63989e-01
1.84000e+00 5.63989e-01
1.84400e+00 5.63988e-01
1.84800e+00 5.63983e-01
1.85200e+00 5.63932e-01
1.85600e+00 5.63481e-01
1.86000e+00 5.59986e-01
1.86400e+00 5.42770e-01
1.86800e+00 5.12465e-01
1.87200e+00 5.00666e-01
1.87600e+00 5.00003e-01
1.88000e+00 5.00000e-01
1.88400e+00 5.00000e-01
1.88800e+00 5.00000e-01
1.89200e+00 5.00000e-01
1.89600e+00 5.00000e-01
1.90000e+00 5.00000e-01
1.90400e+00 5.00000e-01
1.90800e+00 5.00000e-01
1.91200e+00 5.00000e-01
1.91600e+00 5.00000e-01
1.92000e+00 5.00000e-01
1.92400e+00 5.00000e-01
1.92800e+00 5.00000e-01
1.93200e+00 5.00000e-01
1.93600e+00 5.00000e-01
1.94000e+00 5.00000e-01
1.94400e+00 5.00000e-01
1.94800e+00 5.00000e-01
1.95200e+00 5.00000e-01
1.95600e+00 5.00000e-01
1.96000e+00 5.00000e-01
1.96400e+00 5.00000e-01
1.96800e+00 5.00000e-01
1.97200e+00 5.00000e-01
1.97600e+00 5.00000e-01
1.98000e+00 5.00000e-01
1.98400e+00 5.00000e-01
1.98800e+00 5.00000e-01
1.99200e+00 5.00000e-01
1.99600e+00 5.00000e-01
