0.00000e+00 5.76828e-01
4.00000e-03 5.76828e-01
8.00000e-03 5.76828e-01
1.20000e-02 5.76828e-01
1.60000e-02 5.76823e-01
2.00000e-02 5.76770e-01
2.40000e-02 5.76299e-01
2.80000e-02 5.73823e-01
3.20000e-02 5.68437e-01
3.60000e-02 5.65330e-01
4.00000e-02 5.64915e-01
4.40000e-02 5.64775e-01
4.80000e-02 5.64279e-01
5.20000e-02 5.61371e-01
5.60000e-02 5.50961e-01
6.00000e-02 5.38108e-01
6.40000e-02 5.34736e-01
6.80000e-02 5.34642e-01
7.20000e-02 5.34701e-01
7.60000e-02 5.35148e-01
8.00000e-02 5.36907e-01
8.40000e-02 5.40165e-01
8.80000e-02 5.41799e-01
9.20000e-02 5.41882e-01
9.60000e-02 5.41705e-01
1.00000e-01 5.40528e-01
1.04000e-01 5.35394e-01
1.08000e-01 5.15068e-01
1.12000e-01 4.66891e-01
1.16000e-01 4.32658e-01
1.20000e-01 4.28221e-01
1.24000e-01 4.28293e-01
1.28000e-01 4.29246e-01
1.32000e-01 4.32691e-01
1.36000e-01 4.40611e-01
1.40000e-01 4.53829e-01
1.44000e-01 4.68197e-01
1.48000e-01 4.75696e-01
1.52000e-01 4.77357e-01
1.56000e-01 4.77804e-01
1.60000e-01 4.78278e-01
1.64000e-01 4.79411e-01
1.68000e-01 4.82732e-01
1.72000e-01 4.91755e-01
1.76000e-01 5.06502e-01
1.80000e-01 5.12873e-01
1.84000e-01 5.12517e-01
1.88000e-01 5.04986e-01
1.92000e-01 4.75912e-01
1.96000e-01 4.49471e-01
2.00000e-01 4.45909e-01
2.04000e-01 4.46361e-01
2.08000e-01 4.49433e-01
2.12000e-01 4.58287e-01
2.16000e-01 4.73455e-01
2.20000e-01 4.85985e-01
2.24000e-01 4.89208e-01
2.28000e-01 4.89444e-01
2.32000e-01 4.89502e-01
2.36000e-01 4.89599e-01
2.40000e-01 4.89876e-01
2.44000e-01 4.90637e-01
2.48000e-01 4.92518e-01
2.52000e-01 4.96879e-01
2.56000e-01 5.06405e-01
2.60000e-01 5.22681e-01
2.64000e-01 5.35696e-01
2.68000e-01 5.38053e-01
2.72000e-01 5.37935e-01
2.76000e-01 5.35848e-01
2.80000e-01 5.23156e-01
2.84000e-01 4.94070e-01
2.88000e-01 4.77846e-01
2.92000e-01 4.76377e-01
2.96000e-01 4.76369e-01
3.00000e-01 4.76391e-01
3.04000e-01 4.76502e-01
3.08000e-01 4.76838e-01
3.12000e-01 4.77657e-01
3.16000e-01 4.79412e-01
3.20000e-01 4.82934e-01
3.24000e-01 4.89828e-01
3.28000e-01 5.02290e-01
3.32000e-01 5.17737e-01
3.36000e-01 5.25318e-01
3.40000e-01 5.26146e-01
3.44000e-01 5.26159e-01
3.48000e-01 5.26159e-01
3.52000e-01 5.26161e-01
3.56000e-01 5.26169e-01
3.60000e-01 5.26215e-01
3.64000e-01 5.26508e-01
3.68000e-01 5.28269e-01
3.72000e-01 5.33578e-01
3.76000e-01 5.36100e-01
3.80000e-01 5.34169e-01
3.84000e-01 5.12578e-01
3.88000e-01 4.58029e-01
3.92000e-01 4.33540e-01
3.96000e-01 4.32613e-01
4.00000e-01 4.33939e-01
4.04000e-01 4.38810e-01
4.08000e-01 4.46610e-01
4.12000e-01 4.53756e-01
4.16000e-01 4.58478e-01
4.20000e-01 4.61837e-01
4.24000e-01 4.65210e-01
4.28000e-01 4.69783e-01
4.32000e-01 4.77129e-01
4.36000e-01 4.89398e-01
4.40000e-01 5.05250e-01
4.44000e-01 5.14230e-01
4.48000e-01 5.15340e-01
4.52000e-01 5.15283e-01
4.56000e-01 5.14261e-01
4.60000e-01 5.05695e-01
4.64000e-01 4.71235e-01
4.68000e-01 4.33816e-01
4.72000e-01 4.26892e-01
4.76000e-01 4.27028e-01
4.80000e-01 4.28788e-01
4.84000e-01 4.34306e-01
4.88000e-01 4.42348e-01
4.92000e-01 4.46367e-01
4.96000e-01 4.46804e-01
5.00000e-01 4.46814e-01
5.04000e-01 4.46817e-01
5.08000e-01 4.46825e-01
5.12000e-01 4.46850e-01
5.16000e-01 4.46922e-01
5.20000e-01 4.47102e-01
5.24000e-01 4.47498e-01
5.28000e-01 4.48274e-01
5.32000e-01 4.49627e-01
5.36000e-01 4.51717e-01
5.40000e-01 4.54515e-01
5.44000e-01 4.57635e-01
5.48000e-01 4.60440e-01
5.52000e-01 4.62542e-01
5.56000e-01 4.64057e-01
5.60000e-01 4.65322e-01
5.64000e-01 4.66631e-01
5.68000e-01 4.68208e-01
5.72000e-01 4.70213e-01
5.76000e-01 4.72717e-01
5.80000e-01 4.75666e-01
5.84000e-01 4.78881e-01
5.88000e-01 4.82140e-01
5.92000e-01 4.85315e-01
5.96000e-01 4.88475e-01
6.00000e-01 4.91946e-01
6.04000e-01 4.96437e-01
6.08000e-01 5.03415e-01
6.12000e-01 5.15293e-01
6.16000e-01 5.31360e-01
6.20000e-01 5.41061e-01
6.24000e-01 5.42461e-01
6.28000e-01 5.42479e-01
6.32000e-01 5.42418e-01
6.36000e-01 5.41700e-01
6.40000e-01 5.35629e-01
6.44000e-01 5.07266e-01
6.48000e-01 4.67730e-01
6.52000e-01 4.57199e-01
6.56000e-01 4.56954e-01
6.60000e-01 4.57274e-01
6.64000e-01 4.58747e-01
6.68000e-01 4.62441e-01
6.72000e-01 4.69682e-01
6.76000e-01 4.82183e-01
6.80000e-01 4.98640e-01
6.84000e-01 5.08922e-01
6.88000e-01 5.10620e-01
6.92000e-01 5.10661e-01
6.96000e-01 5.10661e-01
7.00000e-01 5.10661e-01
7.04000e-01 5.10660e-01
7.08000e-01 5.10657e-01
7.12000e-01 5.10641e-01
7.16000e-01 5.10581e-01
7.20000e-01 5.10385e-01
7.24000e-01 5.09888e-01
7.28000e-01 5.08937e-01
7.32000e-01 5.07263e-01
7.36000e-01 5.03384e-01
7.40000e-01 4.92318e-01
7.44000e-01 4.72333e-01
7.48000e-01 4.60880e-01
7.52000e-01 4.59663e-01
7.56000e-01 4.59673e-01
7.60000e-01 4.59852e-01
7.64000e-01 4.60565e-01
7.68000e-01 4.62400e-01
7.72000e-01 4.66012e-01
7.76000e-01 4.71822e-01
7.80000e-01 4.79512e-01
7.84000e-01 4.87687e-01
7.88000e-01 4.94941e-01
7.92000e-01 5.01458e-01
7.96000e-01 5.08096e-01
8.00000e-01 5.13214e-01
8.04000e-01 5.14592e-01
8.08000e-01 5.14624e-01
8.12000e-01 5.14422e-01
8.16000e-01 5.12669e-01
8.20000e-01 5.03841e-01
8.24000e-01 4.84728e-01
8.28000e-01 4.74593e-01
8.32000e-01 4.74079e-01
8.36000e-01 4.74955e-01
8.40000e-01 4.77089e-01
8.44000e-01 4.77489e-01
8.48000e-01 4.76397e-01
8.52000e-01 4.69261e-01
8.56000e-01 4.53176e-01
8.60000e-01 4.43651e-01
8.64000e-01 4.42780e-01
8.68000e-01 4.42891e-01
8.72000e-01 4.43620e-01
8.76000e-01 4.45518e-01
8.80000e-01 4.47930e-01
8.84000e-01 4.49405e-01
8.88000e-01 4.50032e-01
8.92000e-01 4.50481e-01
8.96000e-01 4.51134e-01
9.00000e-01 4.52360e-01
9.04000e-01 4.54581e-01
9.08000e-01 4.58126e-01
9.12000e-01 4.62909e-01
9.16000e-01 4.67990e-01
9.20000e-01 4.71850e-01
9.24000e-01 4.73957e-01
9.28000e-01 4.75044e-01
9.32000e-01 4.75833e-01
9.36000e-01 4.76708e-01
9.40000e-01 4.77979e-01
9.44000e-01 4.80106e-01
9.48000e-01 4.84020e-01
9.52000e-01 4.91519e-01
9.56000e-01 5.03711e-01
9.60000e-01 5.14296e-01
9.64000e-01 5.17026e-01
9.68000e-01 5.17145e-01
9.72000e-01 5.17145e-01
9.76000e-01 5.17145e-01
9.80000e-01 5.17145e-01
9.84000e-01 5.17145e-01
9.88000e-01 5.17145e-01
9.92000e-01 5.17145e-01
9.96000e-01 5.17144e-01
1.00000e+00 5.17134e-01
1.00400e+00 5.17055e-01
1.00800e+00 5.16426e-01
1.01200e+00 5.11987e-01
1.01600e+00 4.91822e-01
1.02000e+00 4.58766e-01
1.02400e+00 4.46602e-01
1.02800e+00 4.45951e-01
1.03200e+00 4.45955e-01
1.03600e+00 4.46004e-01
1.04000e+00 4.46185e-01
1.04400e+00 4.46619e-01
1.04800e+00 4.47400e-01
1.05200e+00 4.48453e-01
1.05600e+00 4.49485e-01
1.06000e+00 4.50272e-01
1.06400e+00 4.50866e-01
1.06800e+00 4.51440e-01
1.07200e+00 4.52176e-01
1.07600e+00 4.53285e-01
1.08000e+00 4.55067e-01
1.08400e+00 4.57991e-01
1.08800e+00 4.62582e-01
1.09200e+00 4.68129e-01
1.09600e+00 4.71601e-01
1.10000e+00 4.72405e-01
1.10400e+00 4.72521e-01
1.10800e+00 4.72583e-01
1.11200e+00 4.72684e-01
1.11600e+00 4.72901e-01
1.12000e+00 4.73338e-01
1.12400e+00 4.74122e-01
1.12800e+00 4.75373e-01
1.13200e+00 4.77185e-01
1.13600e+00 4.79601e-01
1.14000e+00 4.82523e-01
1.14400e+00 4.85538e-01
1.14800e+00 4.87956e-01
1.15200e+00 4.89415e-01
1.15600e+00 4.90196e-01
1.16000e+00 4.90705e-01
1.16400e+00 4.91172e-01
1.16800e+00 4.91720e-01
1.17200e+00 4.92434e-01
1.17600e+00 4.93400e-01
1.18000e+00 4.94770e-01
1.18400e+00 4.96917e-01
1.18800e+00 5.00786e-01
1.19200e+00 5.08480e-01
1.19600e+00 5.21783e-01
1.20000e+00 5.33470e-01
1.20400e+00 5.36009e-01
1.20800e+00 5.35958e-01
1.21200e+00 5.34330e-01
1.21600e+00 5.21578e-01
1.22000e+00 4.82304e-01
1.22400e+00 4.53311e-01
1.22800e+00 4.49893e-01
1.23200e+00 4.49930e-01
1.23600e+00 4.50433e-01
1.24000e+00 4.52091e-01
1.24400e+00 4.55680e-01
1.24800e+00 4.62225e-01
1.25200e+00 4.72834e-01
1.25600e+00 4.84627e-01
1.26000e+00 4.89885e-01
1.26400e+00 4.90416e-01
1.26800e+00 4.90423e-01
1.27200e+00 4.90423e-01
1.27600e+00 4.90423e-01
1.28000e+00 4.90423e-01
1.28400e+00 4.90423e-01
1.28800e+00 4.90424e-01
1.29200e+00 4.90425e-01
1.29600e+00 4.90429e-01
1.30000e+00 4.90438e-01
1.30400e+00 4.90462e-01
1.30800e+00 4.90515e-01
1.31200e+00 4.90629e-01
1.31600e+00 4.90854e-01
1.32000e+00 4.91282e-01
1.32400e+00 4.92087e-01
1.32800e+00 4.93663e-01
1.33200e+00 4.96949e-01
1.33600e+00 5.03942e-01
1.34000e+00 5.16184e-01
1.34400e+00 5.27043e-01
1.34800e+00 5.29684e-01
1.35200e+00 5.29755e-01
1.35600e+00 5.29658e-01
1.36000e+00 5.28801e-01
1.36400e+00 5.24425e-01
1.36800e+00 5.12927e-01
1.37200e+00 5.03512e-01
1.37600e+00 5.02114e-01
1.38000e+00 5.02158e-01
1.38400e+00 5.02713e-01
1.38800e+00 5.05051e-01
1.39200e+00 5.10096e-01
1.39600e+00 5.14089e-01
1.40000e+00 5.14803e-01
1.40400e+00 5.14818e-01
1.40800e+00 5.14816e-01
1.41200e+00 5.14797e-01
1.41600e+00 5.14661e-01
1.42000e+00 5.13813e-01
1.42400e+00 5.09348e-01
1.42800e+00 4.95089e-01
1.43200e+00 4.79045e-01
1.43600e+00 4.75266e-01
1.44000e+00 4.75229e-01
1.44400e+00 4.75671e-01
1.44800e+00 4.77837e-01
1.45200e+00 4.84033e-01
1.45600e+00 4.93299e-01
1.46000e+00 4.97603e-01
1.46400e+00 4.97855e-01
1.46800e+00 4.97556e-01
1.47200e+00 4.95264e-01
1.47600e+00 4.86944e-01
1.48000e+00 4.75168e-01
1.48400e+00 4.71031e-01
1.48800e+00 4.70829e-01
1.49200e+00 4.70861e-01
1.49600e+00 4.71078e-01
1.50000e+00 4.71696e-01
1.50400e+00 4.72510e-01
1.50800e+00 4.72935e-01
1.51200e+00 4.73058e-01
1.51600e+00 4.73138e-01
1.52000e+00 4.73290e-01
1.52400e+00 4.73710e-01
1.52800e+00 4.74888e-01
1.53200e+00 4.77981e-01
1.53600e+00 4.84850e-01
1.54000e+00 4.94266e-01
1.54400e+00 4.98905e-01
1.54800e+00 4.99340e-01
1.55200e+00 4.99318e-01
1.55600e+00 4.99050e-01
1.56000e+00 4.97602e-01
1.56400e+00 4.92803e-01
1.56800e+00 4.85780e-01
1.57200e+00 4.82968e-01
1.57600e+00 4.82774e-01
1.58000e+00 4.82769e-01
1.58400e+00 4.82761e-01
1.58800e+00 4.82716e-01
1.59200e+00 4.82473e-01
1.59600e+00 4.81449e-01
1.60000e+00 4.78637e-01
1.60400e+00 4.75347e-01
1.60800e+00 4.74390e-01
1.61200e+00 4.74365e-01
1.61600e+00 4.74429e-01
1.62000e+00 4.74807e-01
1.62400e+00 4.76184e-01
1.62800e+00 4.79703e-01
1.63200e+00 4.84557e-01
1.63600e+00 4.86772e-01
1.64000e+00 4.86972e-01
1.64400e+00 4.86974e-01
1.64800e+00 4.86974e-01
1.65200e+00 4.86974e-01
1.65600e+00 4.86974e-01
1.66000e+00 4.86974e-01
1.66400e+00 4.86974e-01
1.66800e+00 4.86974e-01
1.67200e+00 4.86974e-01
1.67600e+00 4.86974e-01
1.68000e+00 4.86974e-01
1.68400e+00 4.86974e-01
1.68800e+00 4.86974e-01
1.69200e+00 4.86975e-01
1.69600e+00 4.86976e-01
1.70000e+00 4.86979e-01
1.70400e+00 4.86989e-01
1.70800e+00 4.87016e-01
1.71200e+00 4.87099e-01
1.71600e+00 4.87351e-01
1.72000e+00 4.88118e-01
1.72400e+00 4.90296e-01
1.72800e+00 4.95095e-01
1.73200e+00 5.00540e-01
1.73600e+00 5.02399e-01
1.74000e+00 5.02511e-01
1.74400e+00 5.02512e-01
1.74800e+00 5.02512e-01
1.75200e+00 5.02512e-01
1.75600e+00 5.02512e-01
1.76000e+00 5.02512e-01
1.76400e+00 5.02512e-01
1.76800e+00 5.02512e-01
1.77200e+00 5.02514e-01
1.77600e+00 5.02518e-01
1.78000e+00 5.02529e-01
1.78400e+00 5.02565e-01
1.78800e+00 5.02681e-01
1.79200e+00 5.03054e-01
1.79600e+00 5.04235e-01
1.80000e+00 5.07486e-01
1.80400e+00 5.13243e-01
1.80800e+00 5.17193e-01
1.81200e+00 5.17810e-01
1.81600e+00 5.17822e-01
1.82000e+00 5.17822e-01
1.82400e+00 5.17823e-01
1.82800e+00 5.17823e-01
1.83200e+00 5.17825e-01
1.83600e+00 5.17831e-01
1.84000e+00 5.17850e-01
1.84400e+00 5.17898e-01
1.84800e+00 5.18014e-01
1.85200e+00 5.18276e-01
1.85600e+00 5.18843e-01
1.86000e+00 5.20066e-01
1.86400e+00 5.22770e-01
1.86800e+00 5.28895e-01
1.87200e+00 5.41359e-01
1.87600e+00 5.56871e-01
1.88000e+00 5.63450e-01
1.88400e+00 5.63984e-01
1.88800e+00 5.63989e-01
1.89200e+00 5.63989e-01
1.89600e+00 5.63988e-01
1.90000e+00 5.63984e-01
1.90400e+00 5.63945e-01
1.90800e+00 5.63595e-01
1.91200e+00 5.60811e-01
1.91600e+00 5.45935e-01
1.92000e+00 5.15497e-01
1.92400e+00 5.01055e-01
1.92800e+00 5.00007e-01
1.93200e+00 5.00000e-01
1.93600e+00 5.00000e-01
1.94000e+00 5.00000e-01
1.94400e+00 5.00000e-01
1.94800e+00 5.00000e-01
1.95200e+00 5.00000e-01
1.95600e+00 5.00000e-01
1.96000e+00 5.00000e-01
1.96400e+00 5.00000e-01
1.96800e+00 5.00000e-01
1.97200e+00 5.00000e-01
1.97600e+00 5.00000e-01
1.98000e+00 5.00000e-01
1.98400e+00 5.00000e-01
1.98800e+00 5.00000e-01
1.99200e+00 5.00000e-01
1.99600e+00 5.00000e-01
