0.00000e+00 4.10157e-01
4.00000e-03 4.10158e-01
8.00000e-03 4.10199e-01
1.20000e-02 4.10680e-01
1.60000e-02 4.13738e-01
2.00000e-02 4.25237e-01
2.40000e-02 4.53501e-01
2.80000e-02 5.03039e-01
3.20000e-02 5.55694e-01
3.60000e-02 5.75426e-01
4.00000e-02 5.76795e-01
4.40000e-02 5.76798e-01
4.80000e-02 5.76739e-01
5.20000e-02 5.76287e-01
5.60000e-02 5.74160e-01
6.00000e-02 5.69276e-01
6.40000e-02 5.65655e-01
6.80000e-02 5.64861e-01
7.20000e-02 5.64562e-01
7.60000e-02 5.63755e-01
8.00000e-02 5.59787e-01
8.40000e-02 5.48002e-01
8.80000e-02 5.36825e-01
9.20000e-02 5.34761e-01
9.60000e-02 5.34738e-01
1.00000e-01 5.34858e-01
1.04000e-01 5.35594e-01
1.08000e-01 5.37943e-01
1.12000e-01 5.40889e-01
1.16000e-01 5.41705e-01
1.20000e-01 5.41703e-01
1.24000e-01 5.41356e-01
1.28000e-01 5.37953e-01
1.32000e-01 5.15086e-01
1.36000e-01 4.59176e-01
1.40000e-01 4.30707e-01
1.44000e-01 4.28806e-01
1.48000e-01 4.29066e-01
1.52000e-01 4.30664e-01
1.56000e-01 4.35241e-01
1.60000e-01 4.44411e-01
1.64000e-01 4.58270e-01
1.68000e-01 4.71373e-01
1.72000e-01 4.76809e-01
1.76000e-01 4.77760e-01
1.80000e-01 4.78051e-01
1.84000e-01 4.78438e-01
1.88000e-01 4.79473e-01
1.92000e-01 4.82653e-01
1.96000e-01 4.91376e-01
2.00000e-01 5.04901e-01
2.04000e-01 5.10006e-01
2.08000e-01 5.09487e-01
2.12000e-01 5.01640e-01
2.16000e-01 4.73732e-01
2.20000e-01 4.50218e-01
2.24000e-01 4.47355e-01
2.28000e-01 4.47839e-01
2.32000e-01 4.50986e-01
2.36000e-01 4.59987e-01
2.40000e-01 4.75109e-01
2.44000e-01 4.86758e-01
2.48000e-01 4.89358e-01
2.52000e-01 4.89509e-01
2.56000e-01 4.89545e-01
2.60000e-01 4.89611e-01
2.64000e-01 4.89807e-01
2.68000e-01 4.90358e-01
2.72000e-01 4.91738e-01
2.76000e-01 4.94958e-01
2.80000e-01 5.02174e-01
2.84000e-01 5.16220e-01
2.88000e-01 5.32008e-01
2.92000e-01 5.37236e-01
2.96000e-01 5.37357e-01
3.00000e-01 5.36305e-01
3.04000e-01 5.28132e-01
3.08000e-01 5.02311e-01
3.12000e-01 4.79995e-01
3.16000e-01 4.76448e-01
3.20000e-01 4.76391e-01
3.24000e-01 4.76406e-01
3.28000e-01 4.76495e-01
3.32000e-01 4.76785e-01
3.36000e-01 4.77502e-01
3.40000e-01 4.79030e-01
3.44000e-01 4.82056e-01
3.48000e-01 4.87916e-01
3.52000e-01 4.98817e-01
3.56000e-01 5.14309e-01
3.60000e-01 5.24427e-01
3.64000e-01 5.26118e-01
3.68000e-01 5.26159e-01
3.72000e-01 5.26160e-01
3.76000e-01 5.26161e-01
3.80000e-01 5.26166e-01
3.84000e-01 5.26198e-01
3.88000e-01 5.26435e-01
3.92000e-01 5.27892e-01
3.96000e-01 5.31557e-01
4.00000e-01 5.32605e-01
4.04000e-01 5.30259e-01
4.08000e-01 5.08288e-01
4.12000e-01 4.57112e-01
4.16000e-01 4.35281e-01
4.20000e-01 4.34517e-01
4.24000e-01 4.35802e-01
4.28000e-01 4.40547e-01
4.32000e-01 4.48296e-01
4.36000e-01 4.55441e-01
4.40000e-01 4.60007e-01
4.44000e-01 4.63075e-01
4.48000e-01 4.66067e-01
4.52000e-01 4.70154e-01
4.56000e-01 4.76860e-01
4.60000e-01 4.88410e-01
4.64000e-01 5.04136e-01
4.68000e-01 5.13763e-01
4.72000e-01 5.15040e-01
4.76000e-01 5.14936e-01
4.80000e-01 5.13238e-01
4.84000e-01 5.00458e-01
4.88000e-01 4.60770e-01
4.92000e-01 4.31248e-01
4.96000e-01 4.28077e-01
5.00000e-01 4.28521e-01
5.04000e-01 4.31335e-01
5.08000e-01 4.38183e-01
5.12000e-01 4.44911e-01
5.16000e-01 4.46729e-01
5.20000e-01 4.46816e-01
5.24000e-01 4.46819e-01
5.28000e-01 4.46823e-01
5.32000e-01 4.46834e-01
5.36000e-01 4.46869e-01
5.40000e-01 4.46965e-01
5.44000e-01 4.47193e-01
5.48000e-01 4.47673e-01
5.52000e-01 4.48577e-01
5.56000e-01 4.50102e-01
5.60000e-01 4.52386e-01
5.64000e-01 4.55348e-01
5.68000e-01 4.58523e-01
5.72000e-01 4.61240e-01
5.76000e-01 4.63178e-01
5.80000e-01 4.64543e-01
5.84000e-01 4.65694e-01
5.88000e-01 4.66917e-01
5.92000e-01 4.68425e-01
5.96000e-01 4.70373e-01
6.00000e-01 4.72827e-01
6.04000e-01 4.75733e-01
6.08000e-01 4.78909e-01
6.12000e-01 4.82117e-01
6.16000e-01 4.85195e-01
6.20000e-01 4.88164e-01
6.24000e-01 4.91269e-01
6.28000e-01 4.95044e-01
6.32000e-01 5.00579e-01
6.36000e-01 5.09985e-01
6.40000e-01 5.24925e-01
6.44000e-01 5.38512e-01
6.48000e-01 5.42274e-01
6.52000e-01 5.42430e-01
6.56000e-01 5.42393e-01
6.60000e-01 5.41874e-01
6.64000e-01 5.37213e-01
6.68000e-01 5.12831e-01
6.72000e-01 4.71796e-01
6.76000e-01 4.57890e-01
6.80000e-01 4.57382e-01
6.84000e-01 4.57637e-01
6.88000e-01 4.58959e-01
6.92000e-01 4.62450e-01
6.96000e-01 4.69458e-01
7.00000e-01 4.81719e-01
7.04000e-01 4.98150e-01
7.08000e-01 5.08768e-01
7.12000e-01 5.10613e-01
7.16000e-01 5.10661e-01
7.20000e-01 5.10661e-01
7.24000e-01 5.10661e-01
7.28000e-01 5.10661e-01
7.32000e-01 5.10658e-01
7.36000e-01 5.10649e-01
7.40000e-01 5.10614e-01
7.44000e-01 5.10505e-01
7.48000e-01 5.10229e-01
7.52000e-01 5.09650e-01
7.56000e-01 5.08330e-01
7.60000e-01 5.04259e-01
7.64000e-01 4.91392e-01
7.68000e-01 4.70262e-01
7.72000e-01 4.60508e-01
7.76000e-01 4.59758e-01
7.80000e-01 4.59778e-01
7.84000e-01 4.59975e-01
7.88000e-01 4.60706e-01
7.92000e-01 4.62531e-01
7.96000e-01 4.66065e-01
8.00000e-01 4.71656e-01
8.04000e-01 4.78905e-01
8.08000e-01 4.86585e-01
8.12000e-01 4.93792e-01
8.16000e-01 5.00991e-01
8.20000e-01 5.08531e-01
8.24000e-01 5.13515e-01
8.28000e-01 5.14498e-01
8.32000e-01 5.14505e-01
8.36000e-01 5.14311e-01
8.40000e-01 5.12726e-01
8.44000e-01 5.04742e-01
8.48000e-01 4.86595e-01
8.52000e-01 4.75916e-01
8.56000e-01 4.75156e-01
8.60000e-01 4.75596e-01
8.64000e-01 4.76353e-01
8.68000e-01 4.76267e-01
8.72000e-01 4.74290e-01
8.76000e-01 4.65096e-01
8.80000e-01 4.49680e-01
8.84000e-01 4.43403e-01
8.88000e-01 4.43090e-01
8.92000e-01 4.43260e-01
8.96000e-01 4.44156e-01
9.00000e-01 4.46201e-01
9.04000e-01 4.48513e-01
9.08000e-01 4.49801e-01
9.12000e-01 4.50359e-01
9.16000e-01 4.50807e-01
9.20000e-01 4.51498e-01
9.24000e-01 4.52805e-01
9.28000e-01 4.55153e-01
9.32000e-01 4.58875e-01
9.36000e-01 4.63864e-01
9.40000e-01 4.69041e-01
9.44000e-01 4.72725e-01
9.48000e-01 4.74533e-01
9.52000e-01 4.75396e-01
9.56000e-01 4.76028e-01
9.60000e-01 4.76765e-01
9.64000e-01 4.77878e-01
9.68000e-01 4.79766e-01
9.72000e-01 4.83242e-01
9.76000e-01 4.89949e-01
9.80000e-01 5.01478e-01
9.84000e-01 5.13085e-01
9.88000e-01 5.16910e-01
9.92000e-01 5.17144e-01
9.96000e-01 5.17145e-01
1.00000e+00 5.17145e-01
1.00400e+00 5.17145e-01
1.00800e+00 5.17145e-01
1.01200e+00 5.17145e-01
1.01600e+00 5.17145e-01
1.02000e+00 5.17144e-01
1.02400e+00 5.17132e-01
1.02800e+00 5.17041e-01
1.03200e+00 5.16315e-01
1.03600e+00 5.11276e-01
1.04000e+00 4.89546e-01
1.04400e+00 4.57064e-01
1.04800e+00 4.46463e-01
1.05200e+00 4.45982e-01
1.05600e+00 4.45989e-01
1.06000e+00 4.46055e-01
1.06400e+00 4.46282e-01
1.06800e+00 4.46804e-01
1.07200e+00 4.47697e-01
1.07600e+00 4.48820e-01
1.08000e+00 4.49837e-01
1.08400e+00 4.50574e-01
1.08800e+00 4.51136e-01
1.09200e+00 4.51706e-01
1.09600e+00 4.52466e-01
1.10000e+00 4.53639e-01
1.10400e+00 4.55575e-01
1.10800e+00 4.58871e-01
1.11200e+00 4.64068e-01
1.11600e+00 4.69633e-01
1.12000e+00 4.72171e-01
1.12400e+00 4.72532e-01
1.12800e+00 4.72579e-01
1.13200e+00 4.72619e-01
1.13600e+00 4.72701e-01
1.14000e+00 4.72894e-01
1.14400e+00 4.73301e-01
1.14800e+00 4.74045e-01
1.15200e+00 4.75255e-01
1.15600e+00 4.77032e-01
1.16000e+00 4.79445e-01
1.16400e+00 4.82440e-01
1.16800e+00 4.85619e-01
1.17200e+00 4.88182e-01
1.17600e+00 4.89651e-01
1.18000e+00 4.90359e-01
1.18400e+00 4.90782e-01
1.18800e+00 4.91165e-01
1.19200e+00 4.91628e-01
1.19600e+00 4.92248e-01
1.20000e+00 4.93095e-01
1.20400e+00 4.94271e-01
1.20800e+00 4.96035e-01
1.21200e+00 4.99069e-01
1.21600e+00 5.05053e-01
1.22000e+00 5.16574e-01
1.22400e+00 5.30265e-01
1.22800e+00 5.35220e-01
1.23200e+00 5.35341e-01
1.23600e+00 5.34047e-01
1.24000e+00 5.22802e-01
1.24400e+00 4.85214e-01
1.24800e+00 4.54407e-01
1.25200e+00 4.50255e-01
1.25600e+00 4.50275e-01
1.26000e+00 4.50761e-01
1.26400e+00 4.52447e-01
1.26800e+00 4.56252e-01
1.27200e+00 4.63413e-01
1.27600e+00 4.74835e-01
1.28000e+00 4.86137e-01
1.28400e+00 4.90133e-01
1.28800e+00 4.90421e-01
1.29200e+00 4.90423e-01
1.29600e+00 4.90423e-01
1.30000e+00 4.90423e-01
1.30400e+00 4.90423e-01
1.30800e+00 4.90423e-01
1.31200e+00 4.90424e-01
1.31600e+00 4.90425e-01
1.32000e+00 4.90427e-01
1.32400e+00 4.90435e-01
1.32800e+00 4.90453e-01
1.33200e+00 4.90495e-01
1.33600e+00 4.90586e-01
1.34000e+00 4.90769e-01
1.34400e+00 4.91117e-01
1.34800e+00 4.91769e-01
1.35200e+00 4.93023e-01
1.35600e+00 4.95587e-01
1.36000e+00 5.01079e-01
1.36400e+00 5.11739e-01
1.36800e+00 5.24330e-01
1.37200e+00 5.29322e-01
1.37600e+00 5.29660e-01
1.38000e+00 5.29624e-01
1.38400e+00 5.29210e-01
1.38800e+00 5.26713e-01
1.39200e+00 5.17901e-01
1.39600e+00 5.06071e-01
1.40000e+00 5.02478e-01
1.40400e+00 5.02389e-01
1.40800e+00 5.02641e-01
1.41200e+00 5.04072e-01
1.41600e+00 5.08124e-01
1.42000e+00 5.13080e-01
1.42400e+00 5.14727e-01
1.42800e+00 5.14814e-01
1.43200e+00 5.14813e-01
1.43600e+00 5.14798e-01
1.44000e+00 5.14686e-01
1.44400e+00 5.13976e-01
1.44800e+00 5.10140e-01
1.45200e+00 4.97025e-01
1.45600e+00 4.80347e-01
1.46000e+00 4.75674e-01
1.46400e+00 4.75580e-01
1.46800e+00 4.75949e-01
1.47200e+00 4.77897e-01
1.47600e+00 4.83678e-01
1.48000e+00 4.92711e-01
1.48400e+00 4.97183e-01
1.48800e+00 4.97478e-01
1.49200e+00 4.97205e-01
1.49600e+00 4.95052e-01
1.50000e+00 4.87081e-01
1.50400e+00 4.75425e-01
1.50800e+00 4.71127e-01
1.51200e+00 4.70901e-01
1.51600e+00 4.70928e-01
1.52000e+00 4.71124e-01
1.52400e+00 4.71704e-01
1.52800e+00 4.72512e-01
1.53200e+00 4.72968e-01
1.53600e+00 4.73104e-01
1.54000e+00 4.73187e-01
1.54400e+00 4.73335e-01
1.54800e+00 4.73739e-01
1.55200e+00 4.74873e-01
1.55600e+00 4.77861e-01
1.56000e+00 4.84556e-01
1.56400e+00 4.93944e-01
1.56800e+00 4.98769e-01
1.57200e+00 4.99255e-01
1.57600e+00 4.99238e-01
1.58000e+00 4.99014e-01
1.58400e+00 4.97765e-01
1.58800e+00 4.93428e-01
1.59200e+00 4.86391e-01
1.59600e+00 4.83069e-01
1.60000e+00 4.82772e-01
1.60400e+00 4.82760e-01
1.60800e+00 4.82746e-01
1.61200e+00 4.82685e-01
1.61600e+00 4.82397e-01
1.62000e+00 4.81271e-01
1.62400e+00 4.78369e-01
1.62800e+00 4.75253e-01
1.63200e+00 4.74444e-01
1.63600e+00 4.74429e-01
1.64000e+00 4.74496e-01
1.64400e+00 4.74883e-01
1.64800e+00 4.76273e-01
1.65200e+00 4.79801e-01
1.65600e+00 4.84617e-01
1.66000e+00 4.86781e-01
1.66400e+00 4.86972e-01
1.66800e+00 4.86974e-01
1.67200e+00 4.86974e-01
1.67600e+00 4.86974e-01
1.68000e+00 4.86974e-01
1.68400e+00 4.86974e-01
1.68800e+00 4.86974e-01
1.69200e+00 4.86974e-01
1.69600e+00 4.86974e-01
1.70000e+00 4.86974e-01
1.70400e+00 4.86974e-01
1.70800e+00 4.86974e-01
1.71200e+00 4.86974e-01
1.71600e+00 4.86975e-01
1.72000e+00 4.86976e-01
1.72400e+00 4.86979e-01
1.72800e+00 4.86987e-01
1.73200e+00 4.87010e-01
1.73600e+00 4.87080e-01
1.74000e+00 4.87296e-01
1.74400e+00 4.87954e-01
1.74800e+00 4.89854e-01
1.75200e+00 4.94278e-01
1.75600e+00 4.99959e-01
1.76000e+00 5.02322e-01
1.76400e+00 5.02510e-01
1.76800e+00 5.02512e-01
1.77200e+00 5.02512e-01
1.77600e+00 5.02512e-01
1.78000e+00 5.02512e-01
1.78400e+00 5.02512e-01
1.78800e+00 5.02512e-01
1.79200e+00 5.02512e-01
1.79600e+00 5.02513e-01
1.80000e+00 5.02515e-01
1.80400e+00 5.02523e-01
1.80800e+00 5.02547e-01
1.81200e+00 5.02625e-01
1.81600e+00 5.02877e-01
1.82000e+00 5.03689e-01
1.82400e+00 5.06086e-01
1.82800e+00 5.11242e-01
1.83200e+00 5.16381e-01
1.83600e+00 5.17763e-01
1.84000e+00 5.17822e-01
1.84400e+00 5.17822e-01
1.84800e+00 5.17823e-01
1.85200e+00 5.17823e-01
1.85600e+00 5.17824e-01
1.86000e+00 5.17827e-01
1.86400e+00 5.17836e-01
1.86800e+00 5.17862e-01
1.87200e+00 5.17926e-01
1.87600e+00 5.18076e-01
1.88000e+00 5.18406e-01
1.88400e+00 5.19113e-01
1.88800e+00 5.20637e-01
1.89200e+00 5.24037e-01
1.89600e+00 5.31667e-01
1.90000e+00 5.45916e-01
1.90400e+00 5.59861e-01
1.90800e+00 5.63807e-01
1.91200e+00 5.63988e-01
1.91600e+00 5.63989e-01
1.92000e+00 5.63989e-01
1.92400e+00 5.63988e-01
1.92800e+00 5.63976e-01
1.93200e+00 5.63872e-01
1.93600e+00 5.62978e-01
1.94000e+00 5.56672e-01
1.94400e+00 5.32892e-01
1.94800e+00 5.06056e-01
1.95200e+00 5.00157e-01
1.95600e+00 5.00000e-01
1.96000e+00 5.00000e-01
1.96400e+00 5.00000e-01
1.96800e+00 5.00000e-01
1.97200e+00 5.00000e-01
1.97600e+00 5.00000e-01
1.98000e+00 5.00000e-01
1.98400e+00 5.00000e-01
1.98800e+00 5.00000e-01
1.99200e+00 5.00000e-01
1.99600e+00 5.00000e-01
