0.00000e+00 5.11653e-01
4.00000e-03 5.11653e-01
8.00000e-03 5.11651e-01
1.20000e-02 5.11604e-01
1.60000e-02 5.10841e-01
2.00000e-02 5.02715e-01
2.40000e-02 4.64090e-01
2.80000e-02 4.20254e-01
3.20000e-02 4.13071e-01
3.60000e-02 4.13942e-01
4.00000e-02 4.19326e-01
4.40000e-02 4.32834e-01
4.80000e-02 4.55901e-01
5.20000e-02 4.89604e-01
5.60000e-02 5.32883e-01
6.00000e-02 5.67368e-01
6.40000e-02 5.76375e-01
6.80000e-02 5.76776e-01
7.20000e-02 5.76773e-01
7.60000e-02 5.76721e-01
8.00000e-02 5.76348e-01
8.40000e-02 5.74598e-01
8.80000e-02 5.70184e-01
9.20000e-02 5.66099e-01
9.60000e-02 5.64817e-01
1.00000e-01 5.64275e-01
1.04000e-01 5.63030e-01
1.08000e-01 5.57759e-01
1.12000e-01 5.44992e-01
1.16000e-01 5.35959e-01
1.20000e-01 5.34844e-01
1.24000e-01 5.34854e-01
1.28000e-01 5.35077e-01
1.32000e-01 5.36203e-01
1.36000e-01 5.39018e-01
1.40000e-01 5.41250e-01
1.44000e-01 5.41497e-01
1.48000e-01 5.41242e-01
1.52000e-01 5.37674e-01
1.56000e-01 5.12222e-01
1.60000e-01 4.55340e-01
1.64000e-01 4.30784e-01
1.68000e-01 4.29586e-01
1.72000e-01 4.30023e-01
1.76000e-01 4.32253e-01
1.80000e-01 4.37919e-01
1.84000e-01 4.48344e-01
1.88000e-01 4.62682e-01
1.92000e-01 4.74029e-01
1.96000e-01 4.77546e-01
2.00000e-01 4.78034e-01
2.04000e-01 4.78225e-01
2.08000e-01 4.78553e-01
2.12000e-01 4.79530e-01
2.16000e-01 4.82657e-01
2.20000e-01 4.91205e-01
2.24000e-01 5.03474e-01
2.28000e-01 5.07359e-01
2.32000e-01 5.06672e-01
2.36000e-01 4.98450e-01
2.40000e-01 4.71660e-01
2.44000e-01 4.50955e-01
2.48000e-01 4.48723e-01
2.52000e-01 4.49242e-01
2.56000e-01 4.52477e-01
2.60000e-01 4.61615e-01
2.64000e-01 4.76598e-01
2.68000e-01 4.87350e-01
2.72000e-01 4.89452e-01
2.76000e-01 4.89551e-01
2.80000e-01 4.89574e-01
2.84000e-01 4.89619e-01
2.88000e-01 4.89758e-01
2.92000e-01 4.90160e-01
2.96000e-01 4.91178e-01
3.00000e-01 4.93566e-01
3.04000e-01 4.98986e-01
3.08000e-01 5.10400e-01
3.12000e-01 5.26962e-01
3.16000e-01 5.35923e-01
3.20000e-01 5.36676e-01
3.24000e-01 5.36192e-01
3.28000e-01 5.31272e-01
3.32000e-01 5.10614e-01
3.36000e-01 4.83815e-01
3.40000e-01 4.76659e-01
3.44000e-01 4.76417e-01
3.48000e-01 4.76426e-01
3.52000e-01 4.76495e-01
3.56000e-01 4.76739e-01
3.60000e-01 4.77363e-01
3.64000e-01 4.78700e-01
3.68000e-01 4.81318e-01
3.72000e-01 4.86321e-01
3.76000e-01 4.95743e-01
3.80000e-01 5.10569e-01
3.84000e-01 5.22974e-01
3.88000e-01 5.26033e-01
3.92000e-01 5.26160e-01
3.96000e-01 5.26161e-01
4.00000e-01 5.26161e-01
4.04000e-01 5.26165e-01
4.08000e-01 5.26192e-01
4.12000e-01 5.26407e-01
4.16000e-01 5.27653e-01
4.20000e-01 5.29946e-01
4.24000e-01 5.30191e-01
4.28000e-01 5.27256e-01
4.32000e-01 5.04247e-01
4.36000e-01 4.55821e-01
4.40000e-01 4.36828e-01
4.44000e-01 4.36268e-01
4.48000e-01 4.37540e-01
4.52000e-01 4.42193e-01
4.56000e-01 4.49884e-01
4.60000e-01 4.57004e-01
4.64000e-01 4.61413e-01
4.68000e-01 4.64208e-01
4.72000e-01 4.66853e-01
4.76000e-01 4.70490e-01
4.80000e-01 4.76601e-01
4.84000e-01 4.87473e-01
4.88000e-01 5.03028e-01
4.92000e-01 5.13184e-01
4.96000e-01 5.14588e-01
5.00000e-01 5.14402e-01
5.04000e-01 5.11667e-01
5.08000e-01 4.93705e-01
5.12000e-01 4.51745e-01
5.16000e-01 4.30630e-01
5.20000e-01 4.29467e-01
5.24000e-01 4.30315e-01
5.28000e-01 4.34328e-01
5.32000e-01 4.41635e-01
5.36000e-01 4.46175e-01
5.40000e-01 4.46807e-01
5.44000e-01 4.46821e-01
5.48000e-01 4.46824e-01
5.52000e-01 4.46829e-01
5.56000e-01 4.46845e-01
5.60000e-01 4.46894e-01
5.64000e-01 4.47019e-01
5.68000e-01 4.47303e-01
5.72000e-01 4.47876e-01
5.76000e-01 4.48919e-01
5.80000e-01 4.50624e-01
5.84000e-01 4.53106e-01
5.88000e-01 4.56223e-01
5.92000e-01 4.59426e-01
5.96000e-01 4.62020e-01
6.00000e-01 4.63777e-01
6.04000e-01 4.64989e-01
6.08000e-01 4.66029e-01
6.12000e-01 4.67171e-01
6.16000e-01 4.68616e-01
6.20000e-01 4.70511e-01
6.24000e-01 4.72922e-01
6.28000e-01 4.75793e-01
6.32000e-01 4.78941e-01
6.36000e-01 4.82113e-01
6.40000e-01 4.85120e-01
6.44000e-01 4.87945e-01
6.48000e-01 4.90771e-01
6.52000e-01 4.94008e-01
6.56000e-01 4.98464e-01
6.60000e-01 5.05789e-01
6.64000e-01 5.18414e-01
6.68000e-01 5.34046e-01
6.72000e-01 5.41608e-01
6.76000e-01 5.42352e-01
6.80000e-01 5.42335e-01
6.84000e-01 5.41970e-01
6.88000e-01 5.38453e-01
6.92000e-01 5.18001e-01
6.96000e-01 4.76589e-01
7.00000e-01 4.58782e-01
7.04000e-01 4.57824e-01
7.08000e-01 4.58024e-01
7.12000e-01 4.59190e-01
7.16000e-01 4.62456e-01
7.20000e-01 4.69206e-01
7.24000e-01 4.81210e-01
7.28000e-01 4.97613e-01
7.32000e-01 5.08593e-01
7.36000e-01 5.10604e-01
7.40000e-01 5.10661e-01
7.44000e-01 5.10661e-01
7.48000e-01 5.10661e-01
7.52000e-01 5.10661e-01
7.56000e-01 5.10659e-01
7.60000e-01 5.10654e-01
7.64000e-01 5.10634e-01
7.68000e-01 5.10575e-01
7.72000e-01 5.10428e-01
7.76000e-01 5.10075e-01
7.80000e-01 5.09011e-01
7.84000e-01 5.04831e-01
7.88000e-01 4.90619e-01
7.92000e-01 4.68904e-01
7.96000e-01 4.60361e-01
8.00000e-01 4.59849e-01
8.04000e-01 4.59875e-01
8.08000e-01 4.60087e-01
8.12000e-01 4.60838e-01
8.16000e-01 4.62664e-01
8.20000e-01 4.66133e-01
8.24000e-01 4.71507e-01
8.28000e-01 4.78317e-01
8.32000e-01 4.85528e-01
8.36000e-01 4.92704e-01
8.40000e-01 5.00564e-01
8.44000e-01 5.08887e-01
8.48000e-01 5.13687e-01
8.52000e-01 5.14418e-01
8.56000e-01 5.14416e-01
8.60000e-01 5.14236e-01
8.64000e-01 5.12835e-01
8.68000e-01 5.05750e-01
8.72000e-01 4.88643e-01
8.76000e-01 4.77059e-01
8.80000e-01 4.75788e-01
8.84000e-01 4.75807e-01
8.88000e-01 4.75791e-01
8.92000e-01 4.75306e-01
8.96000e-01 4.71953e-01
9.00000e-01 4.60604e-01
9.04000e-01 4.47029e-01
9.08000e-01 4.43441e-01
9.12000e-01 4.43375e-01
9.16000e-01 4.43631e-01
9.20000e-01 4.44713e-01
9.24000e-01 4.46886e-01
9.28000e-01 4.49065e-01
9.32000e-01 4.50176e-01
9.36000e-01 4.50676e-01
9.40000e-01 4.51125e-01
9.44000e-01 4.51858e-01
9.48000e-01 4.53249e-01
9.52000e-01 4.55731e-01
9.56000e-01 4.59649e-01
9.60000e-01 4.64874e-01
9.64000e-01 4.70136e-01
9.68000e-01 4.73575e-01
9.72000e-01 4.75050e-01
9.76000e-01 4.75698e-01
9.80000e-01 4.76189e-01
9.84000e-01 4.76804e-01
9.88000e-01 4.77776e-01
9.92000e-01 4.79455e-01
9.96000e-01 4.82545e-01
1.00000e+00 4.88525e-01
1.00400e+00 4.99262e-01
1.00800e+00 5.11593e-01
1.01200e+00 5.16707e-01
1.01600e+00 5.17141e-01
1.02000e+00 5.17145e-01
1.02400e+00 5.17145e-01
1.02800e+00 5.17145e-01
1.03200e+00 5.17145e-01
1.03600e+00 5.17145e-01
1.04000e+00 5.17145e-01
1.04400e+00 5.17144e-01
1.04800e+00 5.17130e-01
1.05200e+00 5.17024e-01
1.05600e+00 5.16188e-01
1.06000e+00 5.10481e-01
1.06400e+00 4.87191e-01
1.06800e+00 4.55516e-01
1.07200e+00 4.46368e-01
1.07600e+00 4.46018e-01
1.08000e+00 4.46030e-01
1.08400e+00 4.46116e-01
1.08800e+00 4.46397e-01
1.09200e+00 4.47019e-01
1.09600e+00 4.48027e-01
1.10000e+00 4.49205e-01
1.10400e+00 4.50189e-01
1.10800e+00 4.50870e-01
1.11200e+00 4.51399e-01
1.11600e+00 4.51964e-01
1.12000e+00 4.52750e-01
1.12400e+00 4.54003e-01
1.12800e+00 4.56157e-01
1.13200e+00 4.59969e-01
1.13600e+00 4.65790e-01
1.14000e+00 4.70900e-01
1.14400e+00 4.72458e-01
1.14800e+00 4.72590e-01
1.15200e+00 4.72612e-01
1.15600e+00 4.72640e-01
1.16000e+00 4.72710e-01
1.16400e+00 4.72885e-01
1.16800e+00 4.73263e-01
1.17200e+00 4.73970e-01
1.17600e+00 4.75135e-01
1.18000e+00 4.76872e-01
1.18400e+00 4.79274e-01
1.18800e+00 4.82345e-01
1.19200e+00 4.85711e-01
1.19600e+00 4.88439e-01
1.20000e+00 4.89908e-01
1.20400e+00 4.90528e-01
1.20800e+00 4.90863e-01
1.21200e+00 4.91166e-01
1.21600e+00 4.91549e-01
1.22000e+00 4.92084e-01
1.22400e+00 4.92829e-01
1.22800e+00 4.93855e-01
1.23200e+00 4.95334e-01
1.23600e+00 4.97754e-01
1.24000e+00 5.02411e-01
1.24400e+00 5.11933e-01
1.24800e+00 5.26124e-01
1.25200e+00 5.33917e-01
1.25600e+00 5.34473e-01
1.26000e+00 5.33487e-01
1.26400e+00 5.23754e-01
1.26800e+00 4.88225e-01
1.27200e+00 4.55688e-01
1.27600e+00 4.50643e-01
1.28000e+00 4.50639e-01
1.28400e+00 4.51111e-01
1.28800e+00 4.52837e-01
1.29200e+00 4.56893e-01
1.29600e+00 4.64718e-01
1.30000e+00 4.76837e-01
1.30400e+00 4.87350e-01
1.30800e+00 4.90274e-01
1.31200e+00 4.90423e-01
1.31600e+00 4.90423e-01
1.32000e+00 4.90423e-01
1.32400e+00 4.90423e-01
1.32800e+00 4.90423e-01
1.33200e+00 4.90423e-01
1.33600e+00 4.90424e-01
1.34000e+00 4.90424e-01
1.34400e+00 4.90427e-01
1.34800e+00 4.90432e-01
1.35200e+00 4.90447e-01
1.35600e+00 4.90480e-01
1.36000e+00 4.90552e-01
1.36400e+00 4.90700e-01
1.36800e+00 4.90983e-01
1.37200e+00 4.91513e-01
1.37600e+00 4.92519e-01
1.38000e+00 4.94531e-01
1.38400e+00 4.98808e-01
1.38800e+00 5.07637e-01
1.39200e+00 5.20649e-01
1.39600e+00 5.28515e-01
1.40000e+00 5.29560e-01
1.40400e+00 5.29558e-01
1.40800e+00 5.29369e-01
1.41200e+00 5.28035e-01
1.41600e+00 5.22125e-01
1.42000e+00 5.10026e-01
1.42400e+00 5.03212e-01
1.42800e+00 5.02634e-01
1.43200e+00 5.02734e-01
1.43600e+00 5.03531e-01
1.44000e+00 5.06422e-01
1.44400e+00 5.11529e-01
1.44800e+00 5.14471e-01
1.45200e+00 5.14805e-01
1.45600e+00 5.14807e-01
1.46000e+00 5.14796e-01
1.46400e+00 5.14705e-01
1.46800e+00 5.14114e-01
1.47200e+00 5.10844e-01
1.47600e+00 4.98912e-01
1.48000e+00 4.81803e-01
1.48400e+00 4.76116e-01
1.48800e+00 4.75936e-01
1.49200e+00 4.76240e-01
1.49600e+00 4.77983e-01
1.50000e+00 4.83358e-01
1.50400e+00 4.92132e-01
1.50800e+00 4.96759e-01
1.51200e+00 4.97102e-01
1.51600e+00 4.96852e-01
1.52000e+00 4.94828e-01
1.52400e+00 4.87193e-01
1.52800e+00 4.75672e-01
1.53200e+00 4.71222e-01
1.53600e+00 4.70969e-01
1.54000e+00 4.70993e-01
1.54400e+00 4.71170e-01
1.54800e+00 4.71713e-01
1.55200e+00 4.72512e-01
1.55600e+00 4.72999e-01
1.56000e+00 4.73151e-01
1.56400e+00 4.73236e-01
1.56800e+00 4.73381e-01
1.57200e+00 4.73771e-01
1.57600e+00 4.74862e-01
1.58000e+00 4.77747e-01
1.58400e+00 4.84267e-01
1.58800e+00 4.93619e-01
1.59200e+00 4.98633e-01
1.59600e+00 4.99177e-01
1.60000e+00 4.99165e-01
1.60400e+00 4.98977e-01
1.60800e+00 4.97906e-01
1.61200e+00 4.94011e-01
1.61600e+00 4.87037e-01
1.62000e+00 4.83193e-01
1.62400e+00 4.82765e-01
1.62800e+00 4.82745e-01
1.63200e+00 4.82727e-01
1.63600e+00 4.82654e-01
1.64000e+00 4.82326e-01
1.64400e+00 4.81094e-01
1.64800e+00 4.78100e-01
1.65200e+00 4.75165e-01
1.65600e+00 4.74496e-01
1.66000e+00 4.74488e-01
1.66400e+00 4.74560e-01
1.66800e+00 4.74956e-01
1.67200e+00 4.76360e-01
1.67600e+00 4.79900e-01
1.68000e+00 4.84678e-01
1.68400e+00 4.86790e-01
1.68800e+00 4.86972e-01
1.69200e+00 4.86974e-01
1.69600e+00 4.86974e-01
1.70000e+00 4.86974e-01
1.70400e+00 4.86974e-01
1.70800e+00 4.86974e-01
1.71200e+00 4.86974e-01
1.71600e+00 4.86974e-01
1.72000e+00 4.86974e-01
1.72400e+00 4.86974e-01
1.72800e+00 4.86974e-01
1.73200e+00 4.86974e-01
1.73600e+00 4.86974e-01
1.74000e+00 4.86975e-01
1.74400e+00 4.86975e-01
1.74800e+00 4.86978e-01
1.75200e+00 4.86985e-01
1.75600e+00 4.87004e-01
1.76000e+00 4.87065e-01
1.76400e+00 4.87249e-01
1.76800e+00 4.87812e-01
1.77200e+00 4.89465e-01
1.77600e+00 4.93497e-01
1.78000e+00 4.99295e-01
1.78400e+00 5.02207e-01
1.78800e+00 5.02508e-01
1.79200e+00 5.02512e-01
1.79600e+00 5.02512e-01
1.80000e+00 5.02512e-01
1.80400e+00 5.02512e-01
1.80800e+00 5.02512e-01
1.81200e+00 5.02512e-01
1.81600e+00 5.02512e-01
1.82000e+00 5.02512e-01
1.82400e+00 5.02514e-01
1.82800e+00 5.02519e-01
1.83200e+00 5.02535e-01
1.83600e+00 5.02587e-01
1.84000e+00 5.02757e-01
1.84400e+00 5.03310e-01
1.84800e+00 5.05019e-01
1.85200e+00 5.09268e-01
1.85600e+00 5.15065e-01
1.86000e+00 5.17609e-01
1.86400e+00 5.17821e-01
1.86800e+00 5.17823e-01
1.87200e+00 5.17823e-01
1.87600e+00 5.17823e-01
1.88000e+00 5.17823e-01
1.88400e+00 5.17825e-01
1.88800e+00 5.17829e-01
1.89200e+00 5.17843e-01
1.89600e+00 5.17878e-01
1.90000e+00 5.17962e-01
1.90400e+00 5.18154e-01
1.90800e+00 5.18568e-01
1.91200e+00 5.19446e-01
1.91600e+00 5.21349e-01
1.92000e+00 5.25624e-01
1.92400e+00 5.35012e-01
1.92800e+00 5.50511e-01
1.93200e+00 5.61883e-01
1.93600e+00 5.63938e-01
1.94000e+00 5.63989e-01
1.94400e+00 5.63989e-01
1.94800e+00 5.63988e-01
1.95200e+00 5.63985e-01
1.95600e+00 5.63955e-01
1.96000e+00 5.63684e-01
1.96400e+00 5.61477e-01
1.96800e+00 5.48795e-01
1.97200e+00 5.18844e-01
1.97600e+00 5.01616e-01
1.98000e+00 5.00014e-01
1.98400e+00 5.00000e-01
1.98800e+00 5.00000e-01
1.99200e+00 5.00000e-01
1.99600e+00 5.00000e-01
