0.00000e+00 4.44377e-01
4.00000e-03 4.44377e-01
8.00000e-03 4.44384e-01
1.20000e-02 4.44494e-01
1.60000e-02 4.45414e-01
2.00000e-02 4.50083e-01
2.40000e-02 4.64992e-01
2.80000e-02 4.91718e-01
3.20000e-02 5.08760e-01
3.60000e-02 5.10335e-01
4.00000e-02 5.08680e-01
4.40000e-02 4.92661e-01
4.80000e-02 4.45777e-01
5.20000e-02 4.17702e-01
5.60000e-02 4.15996e-01
6.00000e-02 4.17586e-01
6.40000e-02 4.24261e-01
6.80000e-02 4.37772e-01
7.20000e-02 4.57411e-01
7.60000e-02 4.82788e-01
8.00000e-02 5.15485e-01
8.40000e-02 5.52157e-01
8.80000e-02 5.73413e-01
9.20000e-02 5.76694e-01
9.60000e-02 5.76763e-01
1.00000e-01 5.76760e-01
1.04000e-01 5.76715e-01
1.08000e-01 5.76420e-01
1.12000e-01 5.75036e-01
1.16000e-01 5.71215e-01
1.20000e-01 5.66819e-01
1.24000e-01 5.64878e-01
1.28000e-01 5.63921e-01
1.32000e-01 5.61996e-01
1.36000e-01 5.55144e-01
1.40000e-01 5.42103e-01
1.44000e-01 5.35470e-01
1.48000e-01 5.34959e-01
1.52000e-01 5.34999e-01
1.56000e-01 5.35397e-01
1.60000e-01 5.37108e-01
1.64000e-01 5.40035e-01
1.68000e-01 5.40994e-01
1.72000e-01 5.40766e-01
1.76000e-01 5.36796e-01
1.80000e-01 5.09015e-01
1.84000e-01 4.52645e-01
1.88000e-01 4.31319e-01
1.92000e-01 4.30529e-01
1.96000e-01 4.31154e-01
2.00000e-01 4.33998e-01
2.04000e-01 4.40735e-01
2.08000e-01 4.52444e-01
2.12000e-01 4.66926e-01
2.16000e-01 4.76016e-01
2.20000e-01 4.77981e-01
2.24000e-01 4.78212e-01
2.28000e-01 4.78345e-01
2.32000e-01 4.78638e-01
2.36000e-01 4.79592e-01
2.40000e-01 4.82735e-01
2.44000e-01 4.91178e-01
2.48000e-01 5.02138e-01
2.52000e-01 5.04938e-01
2.56000e-01 5.04079e-01
2.60000e-01 4.95414e-01
2.64000e-01 4.69718e-01
2.68000e-01 4.51694e-01
2.72000e-01 4.50010e-01
2.76000e-01 4.50570e-01
2.80000e-01 4.53901e-01
2.84000e-01 4.63158e-01
2.88000e-01 4.77920e-01
2.92000e-01 4.87802e-01
2.96000e-01 4.89513e-01
3.00000e-01 4.89579e-01
3.04000e-01 4.89594e-01
3.08000e-01 4.89625e-01
3.12000e-01 4.89725e-01
3.16000e-01 4.90018e-01
3.20000e-01 4.90773e-01
3.24000e-01 4.92555e-01
3.28000e-01 4.96619e-01
3.32000e-01 5.05570e-01
3.36000e-01 5.21145e-01
3.40000e-01 5.33711e-01
3.44000e-01 5.35924e-01
3.48000e-01 5.35735e-01
3.52000e-01 5.32944e-01
3.56000e-01 5.17871e-01
3.60000e-01 4.89495e-01
3.64000e-01 4.77241e-01
3.68000e-01 4.76450e-01
3.72000e-01 4.76452e-01
3.76000e-01 4.76502e-01
3.80000e-01 4.76702e-01
3.84000e-01 4.77240e-01
3.88000e-01 4.78411e-01
3.92000e-01 4.80691e-01
3.96000e-01 4.84986e-01
4.00000e-01 4.93080e-01
4.04000e-01 5.06759e-01
4.08000e-01 5.20866e-01
4.12000e-01 5.25823e-01
4.16000e-01 5.26158e-01
4.20000e-01 5.26161e-01
4.24000e-01 5.26162e-01
4.28000e-01 5.26165e-01
4.32000e-01 5.26191e-01
4.36000e-01 5.26400e-01
4.40000e-01 5.27448e-01
4.44000e-01 5.28669e-01
4.48000e-01 5.28570e-01
4.52000e-01 5.24885e-01
4.56000e-01 5.00468e-01
4.60000e-01 4.54447e-01
4.64000e-01 4.38240e-01
4.68000e-01 4.37871e-01
4.72000e-01 4.39158e-01
4.76000e-01 4.43755e-01
4.80000e-01 4.51395e-01
4.84000e-01 4.58471e-01
4.88000e-01 4.62709e-01
4.92000e-01 4.65245e-01
4.96000e-01 4.67571e-01
5.00000e-01 4.70798e-01
5.04000e-01 4.76368e-01
5.08000e-01 4.86629e-01
5.12000e-01 5.01985e-01
5.16000e-01 5.12482e-01
5.20000e-01 5.13934e-01
5.24000e-01 5.13614e-01
5.28000e-01 5.09369e-01
5.32000e-01 4.85771e-01
5.36000e-01 4.44959e-01
5.40000e-01 4.31229e-01
5.44000e-01 4.30973e-01
5.48000e-01 4.32406e-01
5.52000e-01 4.37478e-01
5.56000e-01 4.44135e-01
5.60000e-01 4.46646e-01
5.64000e-01 4.46822e-01
5.68000e-01 4.46826e-01
5.72000e-01 4.46828e-01
5.76000e-01 4.46835e-01
5.80000e-01 4.46859e-01
5.84000e-01 4.46925e-01
5.88000e-01 4.47085e-01
5.92000e-01 4.47433e-01
5.96000e-01 4.48110e-01
6.00000e-01 4.49301e-01
6.04000e-01 4.51194e-01
6.08000e-01 4.53877e-01
6.12000e-01 4.57139e-01
6.16000e-01 4.60339e-01
6.20000e-01 4.62774e-01
6.24000e-01 4.64334e-01
6.28000e-01 4.65394e-01
6.32000e-01 4.66329e-01
6.36000e-01 4.67394e-01
6.40000e-01 4.68781e-01
6.44000e-01 4.70629e-01
6.48000e-01 4.73003e-01
6.52000e-01 4.75846e-01
6.56000e-01 4.78974e-01
6.60000e-01 4.82124e-01
6.64000e-01 4.85083e-01
6.68000e-01 4.87798e-01
6.72000e-01 4.90408e-01
6.76000e-01 4.93239e-01
6.80000e-01 4.96893e-01
6.84000e-01 5.02602e-01
6.88000e-01 5.12665e-01
6.92000e-01 5.28020e-01
6.96000e-01 5.39814e-01
7.00000e-01 5.42191e-01
7.04000e-01 5.42228e-01
7.08000e-01 5.41989e-01
7.12000e-01 5.39387e-01
7.16000e-01 5.22656e-01
7.20000e-01 4.82068e-01
7.24000e-01 4.59969e-01
7.28000e-01 4.58284e-01
7.32000e-01 4.58433e-01
7.36000e-01 4.59443e-01
7.40000e-01 4.62468e-01
7.44000e-01 4.68935e-01
7.48000e-01 4.80655e-01
7.52000e-01 4.97018e-01
7.56000e-01 5.08391e-01
7.60000e-01 5.10594e-01
7.64000e-01 5.10661e-01
7.68000e-01 5.10661e-01
7.72000e-01 5.10661e-01
7.76000e-01 5.10661e-01
7.80000e-01 5.10660e-01
7.84000e-01 5.10657e-01
7.88000e-01 5.10646e-01
7.92000e-01 5.10616e-01
7.96000e-01 5.10536e-01
8.00000e-01 5.10304e-01
8.04000e-01 5.09389e-01
8.08000e-01 5.05120e-01
8.12000e-01 4.90025e-01
8.16000e-01 4.68098e-01
8.20000e-01 4.60331e-01
8.24000e-01 4.59937e-01
8.28000e-01 4.59967e-01
8.32000e-01 4.60193e-01
8.36000e-01 4.60964e-01
8.40000e-01 4.62796e-01
8.44000e-01 4.66208e-01
8.48000e-01 4.71369e-01
8.52000e-01 4.77760e-01
8.56000e-01 4.84553e-01
8.60000e-01 4.91706e-01
8.64000e-01 5.00140e-01
8.68000e-01 5.09101e-01
8.72000e-01 5.13762e-01
8.76000e-01 5.14351e-01
8.80000e-01 5.14347e-01
8.84000e-01 5.14188e-01
8.88000e-01 5.12990e-01
8.92000e-01 5.06908e-01
8.96000e-01 4.91046e-01
9.00000e-01 4.78128e-01
9.04000e-01 4.75906e-01
9.08000e-01 4.75730e-01
9.12000e-01 4.75503e-01
9.16000e-01 4.74356e-01
9.20000e-01 4.69072e-01
9.24000e-01 4.55928e-01
9.28000e-01 4.45286e-01
9.32000e-01 4.43615e-01
9.36000e-01 4.43639e-01
9.40000e-01 4.44013e-01
9.44000e-01 4.45295e-01
9.48000e-01 4.47570e-01
9.52000e-01 4.49584e-01
9.56000e-01 4.50528e-01
9.60000e-01 4.50980e-01
9.64000e-01 4.51435e-01
9.68000e-01 4.52212e-01
9.72000e-01 4.53692e-01
9.76000e-01 4.56318e-01
9.80000e-01 4.60461e-01
9.84000e-01 4.65963e-01
9.88000e-01 4.71280e-01
9.92000e-01 4.74374e-01
9.96000e-01 4.75492e-01
1.00000e+00 4.75946e-01
1.00400e+00 4.76316e-01
1.00800e+00 4.76825e-01
1.01200e+00 4.77673e-01
1.01600e+00 4.79168e-01
1.02000e+00 4.81920e-01
1.02400e+00 4.87243e-01
1.02800e+00 4.97117e-01
1.03200e+00 5.09836e-01
1.03600e+00 5.16378e-01
1.04000e+00 5.17134e-01
1.04400e+00 5.17145e-01
1.04800e+00 5.17145e-01
1.05200e+00 5.17145e-01
1.05600e+00 5.17145e-01
1.06000e+00 5.17145e-01
1.06400e+00 5.17145e-01
1.06800e+00 5.17143e-01
1.07200e+00 5.17128e-01
1.07600e+00 5.17005e-01
1.08000e+00 5.16041e-01
1.08400e+00 5.09595e-01
1.08800e+00 4.84774e-01
1.09200e+00 4.54126e-01
1.09600e+00 4.46309e-01
1.10000e+00 4.46060e-01
1.10400e+00 4.46077e-01
1.10800e+00 4.46188e-01
1.11200e+00 4.46534e-01
1.11600e+00 4.47267e-01
1.12000e+00 4.48390e-01
1.12400e+00 4.49603e-01
1.12800e+00 4.50536e-01
1.13200e+00 4.51155e-01
1.13600e+00 4.51652e-01
1.14000e+00 4.52213e-01
1.14400e+00 4.53030e-01
1.14800e+00 4.54394e-01
1.15200e+00 4.56863e-01
1.15600e+00 4.61340e-01
1.16000e+00 4.67600e-01
1.16400e+00 4.71776e-01
1.16800e+00 4.72575e-01
1.17200e+00 4.72618e-01
1.17600e+00 4.72630e-01
1.18000e+00 4.72652e-01
1.18400e+00 4.72715e-01
1.18800e+00 4.72876e-01
1.19200e+00 4.73229e-01
1.19600e+00 4.73898e-01
1.20000e+00 4.75015e-01
1.20400e+00 4.76705e-01
1.20800e+00 4.79090e-01
1.21200e+00 4.82241e-01
1.21600e+00 4.85820e-01
1.22000e+00 4.88734e-01
1.22400e+00 4.90180e-01
1.22800e+00 4.90695e-01
1.23200e+00 4.90943e-01
1.23600e+00 4.91171e-01
1.24000e+00 4.91479e-01
1.24400e+00 4.91935e-01
1.24800e+00 4.92593e-01
1.25200e+00 4.93498e-01
1.25600e+00 4.94763e-01
1.26000e+00 4.96732e-01
1.26400e+00 5.00392e-01
1.26800e+00 5.08088e-01
1.27200e+00 5.21587e-01
1.27600e+00 5.31950e-01
1.28000e+00 5.33338e-01
1.28400e+00 5.32604e-01
1.28800e+00 5.24347e-01
1.29200e+00 4.91242e-01
1.29600e+00 4.57178e-01
1.30000e+00 4.51065e-01
1.30400e+00 4.51030e-01
1.30800e+00 4.51489e-01
1.31200e+00 4.53268e-01
1.31600e+00 4.57609e-01
1.32000e+00 4.66127e-01
1.32400e+00 4.78770e-01
1.32800e+00 4.88277e-01
1.33200e+00 4.90348e-01
1.33600e+00 4.90423e-01
1.34000e+00 4.90423e-01
1.34400e+00 4.90423e-01
1.34800e+00 4.90423e-01
1.35200e+00 4.90423e-01
1.35600e+00 4.90423e-01
1.36000e+00 4.90424e-01
1.36400e+00 4.90424e-01
1.36800e+00 4.90426e-01
1.37200e+00 4.90430e-01
1.37600e+00 4.90441e-01
1.38000e+00 4.90468e-01
1.38400e+00 4.90525e-01
1.38800e+00 4.90644e-01
1.39200e+00 4.90875e-01
1.39600e+00 4.91308e-01
1.40000e+00 4.92119e-01
1.40400e+00 4.93709e-01
1.40800e+00 4.97036e-01
1.41200e+00 5.04113e-01
1.41600e+00 5.16357e-01
1.42000e+00 5.26934e-01
1.42400e+00 5.29412e-01
1.42800e+00 5.29478e-01
1.43200e+00 5.29402e-01
1.43600e+00 5.28727e-01
1.44000e+00 5.25155e-01
1.44400e+00 5.14829e-01
1.44800e+00 5.04821e-01
1.45200e+00 5.02905e-01
1.45600e+00 5.02913e-01
1.46000e+00 5.03316e-01
1.46400e+00 5.05180e-01
1.46800e+00 5.09660e-01
1.47200e+00 5.13840e-01
1.47600e+00 5.14772e-01
1.48000e+00 5.14798e-01
1.48400e+00 5.14791e-01
1.48800e+00 5.14718e-01
1.49200e+00 5.14230e-01
1.49600e+00 5.11462e-01
1.50000e+00 5.00727e-01
1.50400e+00 4.83415e-01
1.50800e+00 4.76604e-01
1.51200e+00 4.76296e-01
1.51600e+00 4.76546e-01
1.52000e+00 4.78094e-01
1.52400e+00 4.83072e-01
1.52800e+00 4.91563e-01
1.53200e+00 4.96329e-01
1.53600e+00 4.96725e-01
1.54000e+00 4.96495e-01
1.54400e+00 4.94593e-01
1.54800e+00 4.87281e-01
1.55200e+00 4.75908e-01
1.55600e+00 4.71314e-01
1.56000e+00 4.71033e-01
1.56400e+00 4.71054e-01
1.56800e+00 4.71215e-01
1.57200e+00 4.71722e-01
1.57600e+00 4.72510e-01
1.58000e+00 4.73028e-01
1.58400e+00 4.73197e-01
1.58800e+00 4.73286e-01
1.59200e+00 4.73429e-01
1.59600e+00 4.73804e-01
1.60000e+00 4.74854e-01
1.60400e+00 4.77637e-01
1.60800e+00 4.83983e-01
1.61200e+00 4.93291e-01
1.61600e+00 4.98498e-01
1.62000e+00 4.99105e-01
1.62400e+00 4.99097e-01
1.62800e+00 4.98940e-01
1.63200e+00 4.98024e-01
1.63600e+00 4.94545e-01
1.64000e+00 4.87715e-01
1.64400e+00 4.83350e-01
1.64800e+00 4.82756e-01
1.65200e+00 4.82726e-01
1.65600e+00 4.82703e-01
1.66000e+00 4.82620e-01
1.66400e+00 4.82253e-01
1.66800e+00 4.80914e-01
1.67200e+00 4.77836e-01
1.67600e+00 4.75092e-01
1.68000e+00 4.74546e-01
1.68400e+00 4.74543e-01
1.68800e+00 4.74621e-01
1.69200e+00 4.75026e-01
1.69600e+00 4.76447e-01
1.70000e+00 4.79999e-01
1.70400e+00 4.84739e-01
1.70800e+00 4.86799e-01
1.71200e+00 4.86972e-01
1.71600e+00 4.86974e-01
1.72000e+00 4.86974e-01
1.72400e+00 4.86974e-01
1.72800e+00 4.86974e-01
1.73200e+00 4.86974e-01
1.73600e+00 4.86974e-01
1.74000e+00 4.86974e-01
1.74400e+00 4.86974e-01
1.74800e+00 4.86974e-01
1.75200e+00 4.86974e-01
1.75600e+00 4.86974e-01
1.76000e+00 4.86974e-01
1.76400e+00 4.86974e-01
1.76800e+00 4.86975e-01
1.77200e+00 4.86977e-01
1.77600e+00 4.86983e-01
1.78000e+00 4.87000e-01
1.78400e+00 4.87051e-01
1.78800e+00 4.87208e-01
1.79200e+00 4.87691e-01
1.79600e+00 4.89122e-01
1.80000e+00 4.92761e-01
1.80400e+00 4.98561e-01
1.80800e+00 5.02042e-01
1.81200e+00 5.02504e-01
1.81600e+00 5.02512e-01
1.82000e+00 5.02512e-01
1.82400e+00 5.02512e-01
1.82800e+00 5.02512e-01
1.83200e+00 5.02512e-01
1.83600e+00 5.02512e-01
1.84000e+00 5.02512e-01
1.84400e+00 5.02512e-01
1.84800e+00 5.02513e-01
1.85200e+00 5.02517e-01
1.85600e+00 5.02527e-01
1.86000e+00 5.02562e-01
1.86400e+00 5.02676e-01
1.86800e+00 5.03050e-01
1.87200e+00 5.04242e-01
1.87600e+00 5.07525e-01
1.88000e+00 5.13302e-01
1.88400e+00 5.17213e-01
1.88800e+00 5.17811e-01
1.89200e+00 5.17823e-01
1.89600e+00 5.17823e-01
1.90000e+00 5.17823e-01
1.90400e+00 5.17823e-01
1.90800e+00 5.17824e-01
1.91200e+00 5.17826e-01
1.91600e+00 5.17833e-01
1.92000e+00 5.17851e-01
1.92400e+00 5.17898e-01
1.92800e+00 5.18008e-01
1.93200e+00 5.18251e-01
1.93600e+00 5.18766e-01
1.94000e+00 5.19857e-01
1.94400e+00 5.22237e-01
1.94800e+00 5.27609e-01
1.95200e+00 5.38925e-01
1.95600e+00 5.54751e-01
1.96000e+00 5.63060e-01
1.96400e+00 5.63977e-01
1.96800e+00 5.63989e-01
1.97200e+00 5.63988e-01
1.97600e+00 5.63988e-01
1.98000e+00 5.63979e-01
1.98400e+00 5.63898e-01
1.98800e+00 5.63270e-01
1.99200e+00 5.49757e-01
1.99600e+00 5.48128e-01
