0.00000e+00 4.67914e-01
4.00000e-03 4.67914e-01
8.00000e-03 4.67912e-01
1.20000e-02 4.67882e-01
1.60000e-02 4.67561e-01
2.00000e-02 4.65371e-01
2.40000e-02 4.57410e-01
2.80000e-02 4.47489e-01
3.20000e-02 4.45149e-01
3.60000e-02 4.45308e-01
4.00000e-02 4.46908e-01
4.40000e-02 4.52810e-01
4.80000e-02 4.67528e-01
5.20000e-02 4.91605e-01
5.60000e-02 5.06597e-01
6.00000e-02 5.07651e-01
6.40000e-02 5.04205e-01
6.80000e-02 4.79257e-01
7.20000e-02 4.33564e-01
7.60000e-02 4.18662e-01
8.00000e-02 4.18578e-01
8.40000e-02 4.21005e-01
8.80000e-02 4.28564e-01
9.20000e-02 4.41780e-01
9.60000e-02 4.59004e-01
1.00000e-01 4.79184e-01
1.04000e-01 5.03675e-01
1.08000e-01 5.34643e-01
1.12000e-01 5.64328e-01
1.16000e-01 5.75810e-01
1.20000e-01 5.76749e-01
1.24000e-01 5.76757e-01
1.28000e-01 5.76753e-01
1.32000e-01 5.76717e-01
1.36000e-01 5.76492e-01
1.40000e-01 5.75447e-01
1.44000e-01 5.72334e-01
1.48000e-01 5.67941e-01
1.52000e-01 5.65218e-01
1.56000e-01 5.63547e-01
1.60000e-01 5.60508e-01
1.64000e-01 5.51791e-01
1.68000e-01 5.39491e-01
1.72000e-01 5.35271e-01
1.76000e-01 5.35100e-01
1.80000e-01 5.35203e-01
1.84000e-01 5.36011e-01
1.88000e-01 5.38443e-01
1.92000e-01 5.40008e-01
1.96000e-01 5.39836e-01
2.00000e-01 5.35499e-01
2.04000e-01 5.05889e-01
2.08000e-01 4.50735e-01
2.12000e-01 4.32120e-01
2.16000e-01 4.31604e-01
2.20000e-01 4.32432e-01
2.24000e-01 4.35888e-01
2.28000e-01 4.43738e-01
2.32000e-01 4.56735e-01
2.36000e-01 4.70743e-01
2.40000e-01 4.77286e-01
2.44000e-01 4.78215e-01
2.48000e-01 4.78327e-01
2.52000e-01 4.78428e-01
2.56000e-01 4.78704e-01
2.60000e-01 4.79664e-01
2.64000e-01 4.82883e-01
2.68000e-01 4.91246e-01
2.72000e-01 5.00842e-01
2.76000e-01 5.02734e-01
2.80000e-01 5.01690e-01
2.84000e-01 4.92525e-01
2.88000e-01 4.67932e-01
2.92000e-01 4.52439e-01
2.96000e-01 4.51218e-01
3.00000e-01 4.51823e-01
3.04000e-01 4.55253e-01
3.08000e-01 4.64609e-01
3.12000e-01 4.79086e-01
3.16000e-01 4.88150e-01
3.20000e-01 4.89552e-01
3.24000e-01 4.89598e-01
3.28000e-01 4.89608e-01
3.32000e-01 4.89630e-01
3.36000e-01 4.89702e-01
3.40000e-01 4.89917e-01
3.44000e-01 4.90479e-01
3.48000e-01 4.91815e-01
3.52000e-01 4.94871e-01
3.56000e-01 5.01759e-01
3.60000e-01 5.15303e-01
3.64000e-01 5.30334e-01
3.68000e-01 5.35023e-01
3.72000e-01 5.35073e-01
3.76000e-01 5.33592e-01
3.80000e-01 5.23421e-01
3.84000e-01 4.96654e-01
3.88000e-01 4.78592e-01
3.92000e-01 4.76500e-01
3.96000e-01 4.76483e-01
4.00000e-01 4.76516e-01
4.04000e-01 4.76676e-01
4.08000e-01 4.77134e-01
4.12000e-01 4.78157e-01
4.16000e-01 4.80152e-01
4.20000e-01 4.83863e-01
4.24000e-01 4.90803e-01
4.28000e-01 5.03087e-01
4.32000e-01 5.18115e-01
4.36000e-01 5.25375e-01
4.40000e-01 5.26150e-01
4.44000e-01 5.26162e-01
4.48000e-01 5.26163e-01
4.52000e-01 5.26166e-01
4.56000e-01 5.26193e-01
4.60000e-01 5.26403e-01
4.64000e-01 5.27220e-01
4.68000e-01 5.27739e-01
4.72000e-01 5.27445e-01
4.76000e-01 5.22968e-01
4.80000e-01 4.96931e-01
4.84000e-01 4.53193e-01
4.88000e-01 4.39555e-01
4.92000e-01 4.39343e-01
4.96000e-01 4.40665e-01
5.00000e-01 4.45241e-01
5.04000e-01 4.52847e-01
5.08000e-01 4.59858e-01
5.12000e-01 4.63910e-01
5.16000e-01 4.66192e-01
5.20000e-01 4.68226e-01
5.24000e-01 4.71082e-01
5.28000e-01 4.76173e-01
5.32000e-01 4.85915e-01
5.36000e-01 5.01064e-01
5.40000e-01 5.11647e-01
5.44000e-01 5.13033e-01
5.48000e-01 5.12499e-01
5.52000e-01 5.06207e-01
5.56000e-01 4.77324e-01
5.60000e-01 4.40607e-01
5.64000e-01 4.32440e-01
5.68000e-01 4.32584e-01
5.72000e-01 4.34709e-01
5.76000e-01 4.40389e-01
5.80000e-01 4.45615e-01
5.84000e-01 4.46785e-01
5.88000e-01 4.46827e-01
5.92000e-01 4.46829e-01
5.96000e-01 4.46833e-01
6.00000e-01 4.46843e-01
6.04000e-01 4.46876e-01
6.08000e-01 4.46963e-01
6.12000e-01 4.47165e-01
6.16000e-01 4.47586e-01
6.20000e-01 4.48377e-01
6.24000e-01 4.49727e-01
6.28000e-01 4.51816e-01
6.32000e-01 4.54701e-01
6.36000e-01 4.58094e-01
6.40000e-01 4.61253e-01
6.44000e-01 4.63493e-01
6.48000e-01 4.64844e-01
6.52000e-01 4.65756e-01
6.56000e-01 4.66592e-01
6.60000e-01 4.67587e-01
6.64000e-01 4.68921e-01
6.68000e-01 4.70728e-01
6.72000e-01 4.73070e-01
6.76000e-01 4.75891e-01
6.80000e-01 4.79006e-01
6.84000e-01 4.82147e-01
6.88000e-01 4.85075e-01
6.92000e-01 4.87708e-01
6.96000e-01 4.90151e-01
7.00000e-01 4.92670e-01
7.04000e-01 4.95728e-01
7.08000e-01 5.00226e-01
7.12000e-01 5.08025e-01
7.16000e-01 5.21456e-01
7.20000e-01 5.36258e-01
7.24000e-01 5.41748e-01
7.28000e-01 5.42059e-01
7.32000e-01 5.41915e-01
7.36000e-01 5.40041e-01
7.40000e-01 5.26706e-01
7.44000e-01 4.88135e-01
7.48000e-01 4.61569e-01
7.52000e-01 4.58765e-01
7.56000e-01 4.58865e-01
7.60000e-01 4.59723e-01
7.64000e-01 4.62494e-01
7.68000e-01 4.68653e-01
7.72000e-01 4.80057e-01
7.76000e-01 4.96357e-01
7.80000e-01 5.08154e-01
7.84000e-01 5.10581e-01
7.88000e-01 5.10661e-01
7.92000e-01 5.10661e-01
7.96000e-01 5.10661e-01
8.00000e-01 5.10661e-01
8.04000e-01 5.10660e-01
8.08000e-01 5.10659e-01
8.12000e-01 5.10653e-01
8.16000e-01 5.10637e-01
8.20000e-01 5.10591e-01
8.24000e-01 5.10419e-01
8.28000e-01 5.09576e-01
8.32000e-01 5.05224e-01
8.36000e-01 4.89576e-01
8.40000e-01 4.67631e-01
8.44000e-01 4.60356e-01
8.48000e-01 4.60024e-01
8.52000e-01 4.60058e-01
8.56000e-01 4.60295e-01
8.60000e-01 4.61084e-01
8.64000e-01 4.62924e-01
8.68000e-01 4.66282e-01
8.72000e-01 4.71238e-01
8.76000e-01 4.77248e-01
8.80000e-01 4.83679e-01
8.84000e-01 4.90795e-01
8.88000e-01 4.99678e-01
8.92000e-01 5.09155e-01
8.96000e-01 5.13775e-01
9.00000e-01 5.14295e-01
9.04000e-01 5.14291e-01
9.08000e-01 5.14158e-01
9.12000e-01 5.13178e-01
9.16000e-01 5.08126e-01
9.20000e-01 4.93662e-01
9.24000e-01 4.79364e-01
9.28000e-01 4.75929e-01
9.32000e-01 4.75501e-01
9.36000e-01 4.75016e-01
9.40000e-01 4.73022e-01
9.44000e-01 4.65469e-01
9.48000e-01 4.51635e-01
9.52000e-01 4.44421e-01
9.56000e-01 4.43823e-01
9.60000e-01 4.43897e-01
9.64000e-01 4.44411e-01
9.68000e-01 4.45911e-01
9.72000e-01 4.48251e-01
9.76000e-01 4.50068e-01
9.80000e-01 4.50860e-01
9.84000e-01 4.51272e-01
9.88000e-01 4.51736e-01
9.92000e-01 4.52561e-01
9.96000e-01 4.54135e-01
1.00000e+00 4.56920e-01
1.00400e+00 4.61334e-01
1.00800e+00 4.67163e-01
1.01200e+00 4.72460e-01
1.01600e+00 4.75083e-01
1.02000e+00 4.75843e-01
1.02400e+00 4.76138e-01
1.02800e+00 4.76409e-01
1.03200e+00 4.76827e-01
1.03600e+00 4.77569e-01
1.04000e+00 4.78903e-01
1.04400e+00 4.81360e-01
1.04800e+00 4.86095e-01
1.05200e+00 4.95085e-01
1.05600e+00 5.07859e-01
1.06000e+00 5.15874e-01
1.06400e+00 5.17119e-01
1.06800e+00 5.17145e-01
1.07200e+00 5.17145e-01
1.07600e+00 5.17145e-01
1.08000e+00 5.17145e-01
1.08400e+00 5.17145e-01
1.08800e+00 5.17145e-01
1.09200e+00 5.17143e-01
1.09600e+00 5.17125e-01
1.10000e+00 5.16983e-01
1.10400e+00 5.15873e-01
1.10800e+00 5.08613e-01
1.11200e+00 4.82316e-01
1.11600e+00 4.52892e-01
1.12000e+00 4.46281e-01
1.12400e+00 4.46108e-01
1.12800e+00 4.46131e-01
1.13200e+00 4.46274e-01
1.13600e+00 4.46696e-01
1.14000e+00 4.47551e-01
1.14400e+00 4.48785e-01
1.14800e+00 4.50010e-01
1.15200e+00 4.50873e-01
1.15600e+00 4.51427e-01
1.16000e+00 4.51891e-01
1.16400e+00 4.52451e-01
1.16800e+00 4.53314e-01
1.17200e+00 4.54841e-01
1.17600e+00 4.57749e-01
1.18000e+00 4.62979e-01
1.18400e+00 4.69275e-01
1.18800e+00 4.72273e-01
1.19200e+00 4.72618e-01
1.19600e+00 4.72633e-01
1.20000e+00 4.72641e-01
1.20400e+00 4.72661e-01
1.20800e+00 4.72718e-01
1.21200e+00 4.72867e-01
1.21600e+00 4.73196e-01
1.22000e+00 4.73829e-01
1.22400e+00 4.74896e-01
1.22800e+00 4.76532e-01
1.23200e+00 4.78895e-01
1.23600e+00 4.82133e-01
1.24000e+00 4.85964e-01
1.24400e+00 4.89073e-01
1.24800e+00 4.90454e-01
1.25200e+00 4.90847e-01
1.25600e+00 4.91015e-01
1.26000e+00 4.91177e-01
1.26400e+00 4.91417e-01
1.26800e+00 4.91801e-01
1.27200e+00 4.92379e-01
1.27600e+00 4.93186e-01
1.28000e+00 4.94286e-01
1.28400e+00 4.95922e-01
1.28800e+00 4.98841e-01
1.29200e+00 5.05030e-01
1.29600e+00 5.17187e-01
1.30000e+00 5.29338e-01
1.30400e+00 5.31919e-01
1.30800e+00 5.31398e-01
1.31200e+00 5.24510e-01
1.31600e+00 4.94132e-01
1.32000e+00 4.58885e-01
1.32400e+00 4.51532e-01
1.32800e+00 4.51452e-01
1.33200e+00 4.51899e-01
1.33600e+00 4.53745e-01
1.34000e+00 4.58400e-01
1.34400e+00 4.67615e-01
1.34800e+00 4.80572e-01
1.35200e+00 4.88955e-01
1.35600e+00 4.90387e-01
1.36000e+00 4.90423e-01
1.36400e+00 4.90423e-01
1.36800e+00 4.90423e-01
1.37200e+00 4.90423e-01
1.37600e+00 4.90423e-01
1.38000e+00 4.90423e-01
1.38400e+00 4.90424e-01
1.38800e+00 4.90424e-01
1.39200e+00 4.90425e-01
1.39600e+00 4.90429e-01
1.40000e+00 4.90437e-01
1.40400e+00 4.90458e-01
1.40800e+00 4.90504e-01
1.41200e+00 4.90600e-01
1.41600e+00 4.90788e-01
1.42000e+00 4.91142e-01
1.42400e+00 4.91800e-01
1.42800e+00 4.93066e-01
1.43200e+00 4.95661e-01
1.43600e+00 5.01226e-01
1.44000e+00 5.11949e-01
1.44400e+00 5.24343e-01
1.44800e+00 5.29090e-01
1.45200e+00 5.29401e-01
1.45600e+00 5.29373e-01
1.46000e+00 5.29049e-01
1.46400e+00 5.27054e-01
1.46800e+00 5.19497e-01
1.47200e+00 5.07760e-01
1.47600e+00 5.03326e-01
1.48000e+00 5.03138e-01
1.48400e+00 5.03309e-01
1.48800e+00 5.04409e-01
1.49200e+00 5.07842e-01
1.49600e+00 5.12685e-01
1.50000e+00 5.14652e-01
1.50400e+00 5.14784e-01
1.50800e+00 5.14780e-01
1.51200e+00 5.14724e-01
1.51600e+00 5.14325e-01
1.52000e+00 5.12000e-01
1.52400e+00 5.02450e-01
1.52800e+00 4.85178e-01
1.53200e+00 4.77153e-01
1.53600e+00 4.76662e-01
1.54000e+00 4.76865e-01
1.54400e+00 4.78231e-01
1.54800e+00 4.82821e-01
1.55200e+00 4.91005e-01
1.55600e+00 4.95896e-01
1.56000e+00 4.96346e-01
1.56400e+00 4.96136e-01
1.56800e+00 4.94347e-01
1.57200e+00 4.87345e-01
1.57600e+00 4.76134e-01
1.58000e+00 4.71404e-01
1.58400e+00 4.71095e-01
1.58800e+00 4.71113e-01
1.59200e+00 4.71258e-01
1.59600e+00 4.71732e-01
1.60000e+00 4.72507e-01
1.60400e+00 4.73055e-01
1.60800e+00 4.73243e-01
1.61200e+00 4.73337e-01
1.61600e+00 4.73478e-01
1.62000e+00 4.73839e-01
1.62400e+00 4.74849e-01
1.62800e+00 4.77533e-01
1.63200e+00 4.83704e-01
1.63600e+00 4.92960e-01
1.64000e+00 4.98362e-01
1.64400e+00 4.99037e-01
1.64800e+00 4.99033e-01
1.65200e+00 4.98904e-01
1.65600e+00 4.98121e-01
1.66000e+00 4.95031e-01
1.66400e+00 4.88416e-01
1.66800e+00 4.83549e-01
1.67200e+00 4.82745e-01
1.67600e+00 4.82702e-01
1.68000e+00 4.82674e-01
1.68400e+00 4.82580e-01
1.68800e+00 4.82174e-01
1.69200e+00 4.80727e-01
1.69600e+00 4.77582e-01
1.70000e+00 4.75035e-01
1.70400e+00 4.74594e-01
1.70800e+00 4.74595e-01
1.71200e+00 4.74677e-01
1.71600e+00 4.75093e-01
1.72000e+00 4.76532e-01
1.72400e+00 4.80099e-01
1.72800e+00 4.84802e-01
1.73200e+00 4.86807e-01
1.73600e+00 4.86973e-01
1.74000e+00 4.86974e-01
1.74400e+00 4.86974e-01
1.74800e+00 4.86974e-01
1.75200e+00 4.86974e-01
1.75600e+00 4.86974e-01
1.76000e+00 4.86974e-01
1.76400e+00 4.86974e-01
1.76800e+00 4.86974e-01
1.77200e+00 4.86974e-01
1.77600e+00 4.86974e-01
1.78000e+00 4.86974e-01
1.78400e+00 4.86974e-01
1.78800e+00 4.86974e-01
1.79200e+00 4.86975e-01
1.79600e+00 4.86977e-01
1.80000e+00 4.86982e-01
1.80400e+00 4.86996e-01
1.80800e+00 4.87040e-01
1.81200e+00 4.87174e-01
1.81600e+00 4.87587e-01
1.82000e+00 4.88823e-01
1.82400e+00 4.92078e-01
1.82800e+00 4.97771e-01
1.83200e+00 5.01813e-01
1.83600e+00 5.02496e-01
1.84000e+00 5.02512e-01
1.84400e+00 5.02512e-01
1.84800e+00 5.02512e-01
1.85200e+00 5.02512e-01
1.85600e+00 5.02512e-01
1.86000e+00 5.02512e-01
1.86400e+00 5.02512e-01
1.86800e+00 5.02512e-01
1.87200e+00 5.02513e-01
1.87600e+00 5.02515e-01
1.88000e+00 5.02522e-01
1.88400e+00 5.02545e-01
1.88800e+00 5.02622e-01
1.89200e+00 5.02873e-01
1.89600e+00 5.03692e-01
1.90000e+00 5.06112e-01
1.90400e+00 5.11299e-01
1.90800e+00 5.16414e-01
1.91200e+00 5.17766e-01
1.91600e+00 5.17823e-01
1.92000e+00 5.17823e-01
1.92400e+00 5.17823e-01
1.92800e+00 5.17823e-01
1.93200e+00 5.17823e-01
1.93600e+00 5.17824e-01
1.94000e+00 5.17828e-01
1.94400e+00 5.17837e-01
1.94800e+00 5.17863e-01
1.95200e+00 5.17925e-01
1.95600e+00 5.18066e-01
1.96000e+00 5.18370e-01
1.96400e+00 5.19010e-01
1.96800e+00 5.20365e-01
1.97200e+00 5.23349e-01
1.97600e+00 5.30070e-01
1.98000e+00 5.43303e-01
1.98400e+00 5.58264e-01
1.98800e+00 5.63652e-01
1.99200e+00 5.63974e-01
1.99600e+00 5.63975e-01
