0.00000e+00 4.85703e-01
4.00000e-03 4.85703e-01
8.00000e-03 4.85703e-01
1.20000e-02 4.85691e-01
1.60000e-02 4.85549e-01
2.00000e-02 4.84496e-01
2.40000e-02 4.80065e-01
2.80000e-02 4.72460e-01
3.20000e-02 4.68544e-01
3.60000e-02 4.67519e-01
4.00000e-02 4.66373e-01
4.40000e-02 4.62535e-01
4.80000e-02 4.53426e-01
5.20000e-02 4.46625e-01
5.60000e-02 4.45886e-01
6.00000e-02 4.46211e-01
6.40000e-02 4.48260e-01
6.80000e-02 4.54807e-01
7.20000e-02 4.70084e-01
7.60000e-02 4.92920e-01
8.00000e-02 5.04049e-01
8.40000e-02 5.04169e-01
8.80000e-02 4.97523e-01
9.20000e-02 4.64753e-01
9.60000e-02 4.27204e-01
1.00000e-01 4.20531e-01
1.04000e-01 4.20972e-01
1.08000e-01 4.24187e-01
1.12000e-01 4.32403e-01
1.16000e-01 4.45285e-01
1.20000e-01 4.60748e-01
1.24000e-01 4.77486e-01
1.28000e-01 4.96274e-01
1.32000e-01 5.19867e-01
1.36000e-01 5.49111e-01
1.40000e-01 5.71267e-01
1.44000e-01 5.76543e-01
1.48000e-01 5.76754e-01
1.52000e-01 5.76754e-01
1.56000e-01 5.76751e-01
1.60000e-01 5.76722e-01
1.64000e-01 5.76559e-01
1.68000e-01 5.75809e-01
1.72000e-01 5.73459e-01
1.76000e-01 5.69501e-01
1.80000e-01 5.66082e-01
1.84000e-01 5.63267e-01
1.88000e-01 5.58340e-01
1.92000e-01 5.47555e-01
1.96000e-01 5.37357e-01
2.00000e-01 5.35299e-01
2.04000e-01 5.35288e-01
2.08000e-01 5.35629e-01
2.12000e-01 5.37233e-01
2.16000e-01 5.38692e-01
2.20000e-01 5.38525e-01
2.24000e-01 5.33806e-01
2.28000e-01 5.02863e-01
2.32000e-01 4.49465e-01
2.36000e-01 4.33117e-01
2.40000e-01 4.32793e-01
2.44000e-01 4.33839e-01
2.48000e-01 4.37933e-01
2.52000e-01 4.46988e-01
2.56000e-01 4.61135e-01
2.60000e-01 4.73820e-01
2.64000e-01 4.77962e-01
2.68000e-01 4.78341e-01
2.72000e-01 4.78402e-01
2.76000e-01 4.78486e-01
2.80000e-01 4.78759e-01
2.84000e-01 4.79750e-01
2.88000e-01 4.83094e-01
2.92000e-01 4.91361e-01
2.96000e-01 4.99560e-01
3.00000e-01 5.00738e-01
3.04000e-01 4.99482e-01
3.08000e-01 4.89771e-01
3.12000e-01 4.66330e-01
3.16000e-01 4.53189e-01
3.20000e-01 4.52346e-01
3.24000e-01 4.53000e-01
3.28000e-01 4.56533e-01
3.32000e-01 4.65965e-01
3.36000e-01 4.80114e-01
3.40000e-01 4.88420e-01
3.44000e-01 4.89579e-01
3.48000e-01 4.89611e-01
3.52000e-01 4.89618e-01
3.56000e-01 4.89634e-01
3.60000e-01 4.89686e-01
3.64000e-01 4.89844e-01
3.68000e-01 4.90264e-01
3.72000e-01 4.91270e-01
3.76000e-01 4.93578e-01
3.80000e-01 4.98836e-01
3.84000e-01 5.10010e-01
3.88000e-01 5.25866e-01
3.92000e-01 5.33776e-01
3.96000e-01 5.34295e-01
4.00000e-01 5.33576e-01
4.04000e-01 5.27152e-01
4.08000e-01 5.04398e-01
4.12000e-01 4.81192e-01
4.16000e-01 4.76616e-01
4.20000e-01 4.76518e-01
4.24000e-01 4.76538e-01
4.28000e-01 4.76661e-01
4.32000e-01 4.77044e-01
4.36000e-01 4.77933e-01
4.40000e-01 4.79684e-01
4.44000e-01 4.82910e-01
4.48000e-01 4.88870e-01
4.52000e-01 4.99694e-01
4.56000e-01 5.14840e-01
4.60000e-01 5.24544e-01
4.64000e-01 5.26124e-01
4.68000e-01 5.26162e-01
4.72000e-01 5.26164e-01
4.76000e-01 5.26168e-01
4.80000e-01 5.26197e-01
4.84000e-01 5.26405e-01
4.88000e-01 5.26962e-01
4.92000e-01 5.27113e-01
4.96000e-01 5.26662e-01
5.00000e-01 5.21329e-01
5.04000e-01 4.93642e-01
5.08000e-01 4.52165e-01
5.12000e-01 4.40796e-01
5.16000e-01 4.40703e-01
5.20000e-01 4.42075e-01
5.24000e-01 4.46658e-01
5.28000e-01 4.54251e-01
5.32000e-01 4.61180e-01
5.36000e-01 4.65021e-01
5.40000e-01 4.67054e-01
5.44000e-01 4.68819e-01
5.48000e-01 4.71347e-01
5.52000e-01 4.76030e-01
5.56000e-01 4.85367e-01
5.60000e-01 5.00312e-01
5.64000e-01 5.10661e-01
5.68000e-01 5.11857e-01
5.72000e-01 5.11000e-01
5.76000e-01 5.02135e-01
5.80000e-01 4.69166e-01
5.84000e-01 4.38354e-01
5.88000e-01 4.33891e-01
5.92000e-01 4.34297e-01
5.96000e-01 4.37055e-01
6.00000e-01 4.42745e-01
6.04000e-01 4.46344e-01
6.08000e-01 4.46821e-01
6.12000e-01 4.46831e-01
6.16000e-01 4.46833e-01
6.20000e-01 4.46838e-01
6.24000e-01 4.46853e-01
6.28000e-01 4.46898e-01
6.32000e-01 4.47011e-01
6.36000e-01 4.47262e-01
6.40000e-01 4.47765e-01
6.44000e-01 4.48680e-01
6.48000e-01 4.50197e-01
6.52000e-01 4.52490e-01
6.56000e-01 4.55581e-01
6.60000e-01 4.59089e-01
6.64000e-01 4.62160e-01
6.68000e-01 4.64166e-01
6.72000e-01 4.65304e-01
6.76000e-01 4.66075e-01
6.80000e-01 4.66820e-01
6.84000e-01 4.67751e-01
6.88000e-01 4.69038e-01
6.92000e-01 4.70810e-01
6.96000e-01 4.73124e-01
7.00000e-01 4.75928e-01
7.04000e-01 4.79038e-01
7.08000e-01 4.82177e-01
7.12000e-01 4.85089e-01
7.16000e-01 4.87663e-01
7.20000e-01 4.89976e-01
7.24000e-01 4.92253e-01
7.28000e-01 4.94861e-01
7.32000e-01 4.98466e-01
7.36000e-01 5.04469e-01
7.40000e-01 5.15367e-01
7.44000e-01 5.30933e-01
7.48000e-01 5.40545e-01
7.52000e-01 5.41804e-01
7.56000e-01 5.41731e-01
7.60000e-01 5.40428e-01
7.64000e-01 5.30091e-01
7.68000e-01 4.94619e-01
7.72000e-01 4.63734e-01
7.76000e-01 4.59276e-01
7.80000e-01 4.59318e-01
7.84000e-01 4.60033e-01
7.88000e-01 4.62543e-01
7.92000e-01 4.68366e-01
7.96000e-01 4.79418e-01
8.00000e-01 4.95622e-01
8.04000e-01 5.07874e-01
8.08000e-01 5.10564e-01
8.12000e-01 5.10661e-01
8.16000e-01 5.10661e-01
8.20000e-01 5.10661e-01
8.24000e-01 5.10661e-01
8.28000e-01 5.10661e-01
8.32000e-01 5.10660e-01
8.36000e-01 5.10657e-01
8.40000e-01 5.10648e-01
8.44000e-01 5.10618e-01
8.48000e-01 5.10473e-01
8.52000e-01 5.09658e-01
8.56000e-01 5.05225e-01
8.60000e-01 4.89225e-01
8.64000e-01 4.67349e-01
8.68000e-01 4.60406e-01
8.72000e-01 4.60111e-01
8.76000e-01 4.60148e-01
8.80000e-01 4.60394e-01
8.84000e-01 4.61200e-01
8.88000e-01 4.63047e-01
8.92000e-01 4.66353e-01
8.96000e-01 4.71118e-01
9.00000e-01 4.76791e-01
9.04000e-01 4.82908e-01
9.08000e-01 4.89958e-01
9.12000e-01 4.99152e-01
9.16000e-01 5.09057e-01
9.20000e-01 5.13747e-01
9.24000e-01 5.14248e-01
9.28000e-01 5.14245e-01
9.32000e-01 5.14140e-01
9.36000e-01 5.13363e-01
9.40000e-01 5.09275e-01
9.44000e-01 4.96420e-01
9.48000e-01 4.81013e-01
9.52000e-01 4.75963e-01
9.56000e-01 4.75096e-01
9.60000e-01 4.74201e-01
9.64000e-01 4.71025e-01
9.68000e-01 4.61160e-01
9.72000e-01 4.48302e-01
9.76000e-01 4.44173e-01
9.80000e-01 4.44024e-01
9.84000e-01 4.44154e-01
9.88000e-01 4.44841e-01
9.92000e-01 4.46566e-01
9.96000e-01 4.48920e-01
1.00000e+00 4.50516e-01
1.00400e+00 4.51172e-01
1.00800e+00 4.51550e-01
1.01200e+00 4.52026e-01
1.01600e+00 4.52903e-01
1.02000e+00 4.54578e-01
1.02400e+00 4.57549e-01
1.02800e+00 4.62304e-01
1.03200e+00 4.68509e-01
1.03600e+00 4.73631e-01
1.04000e+00 4.75650e-01
1.04400e+00 4.76097e-01
1.04800e+00 4.76274e-01
1.05200e+00 4.76471e-01
1.05600e+00 4.76816e-01
1.06000e+00 4.77465e-01
1.06400e+00 4.78659e-01
1.06800e+00 4.80857e-01
1.07200e+00 4.85071e-01
1.07600e+00 4.93193e-01
1.08000e+00 5.05719e-01
1.08400e+00 5.15150e-01
1.08800e+00 5.17084e-01
1.09200e+00 5.17145e-01
1.09600e+00 5.17145e-01
1.10000e+00 5.17145e-01
1.10400e+00 5.17145e-01
1.10800e+00 5.17145e-01
1.11200e+00 5.17145e-01
1.11600e+00 5.17143e-01
1.12000e+00 5.17122e-01
1.12400e+00 5.16957e-01
1.12800e+00 5.15680e-01
1.13200e+00 5.07527e-01
1.13600e+00 4.79836e-01
1.14000e+00 4.51813e-01
1.14400e+00 4.46280e-01
1.14800e+00 4.46162e-01
1.15200e+00 4.46194e-01
1.15600e+00 4.46375e-01
1.16000e+00 4.46887e-01
1.16400e+00 4.47875e-01
1.16800e+00 4.49211e-01
1.17200e+00 4.50418e-01
1.17600e+00 4.51194e-01
1.18000e+00 4.51683e-01
1.18400e+00 4.52116e-01
1.18800e+00 4.52681e-01
1.19200e+00 4.53616e-01
1.19600e+00 4.55377e-01
1.20000e+00 4.58857e-01
1.20400e+00 4.64811e-01
1.20800e+00 4.70626e-01
1.21200e+00 4.72508e-01
1.21600e+00 4.72636e-01
1.22000e+00 4.72643e-01
1.22400e+00 4.72649e-01
1.22800e+00 4.72666e-01
1.23200e+00 4.72720e-01
1.23600e+00 4.72858e-01
1.24000e+00 4.73167e-01
1.24400e+00 4.73763e-01
1.24800e+00 4.74779e-01
1.25200e+00 4.76356e-01
1.25600e+00 4.78692e-01
1.26000e+00 4.82037e-01
1.26400e+00 4.86165e-01
1.26800e+00 4.89454e-01
1.27200e+00 4.90706e-01
1.27600e+00 4.90972e-01
1.28000e+00 4.91073e-01
1.28400e+00 4.91181e-01
1.28800e+00 4.91362e-01
1.29200e+00 4.91679e-01
1.29600e+00 4.92185e-01
1.30000e+00 4.92907e-01
1.30400e+00 4.93879e-01
1.30800e+00 4.95264e-01
1.31200e+00 4.97635e-01
1.31600e+00 5.02637e-01
1.32000e+00 5.13251e-01
1.32400e+00 5.26279e-01
1.32800e+00 5.30234e-01
1.33200e+00 5.29915e-01
1.33600e+00 5.24232e-01
1.34000e+00 4.96740e-01
1.34400e+00 4.60776e-01
1.34800e+00 4.52056e-01
1.35200e+00 4.51913e-01
1.35600e+00 4.52350e-01
1.36000e+00 4.54271e-01
1.36400e+00 4.59260e-01
1.36800e+00 4.69148e-01
1.37200e+00 4.82195e-01
1.37600e+00 4.89433e-01
1.38000e+00 4.90405e-01
1.38400e+00 4.90423e-01
1.38800e+00 4.90423e-01
1.39200e+00 4.90423e-01
1.39600e+00 4.90423e-01
1.40000e+00 4.90423e-01
1.40400e+00 4.90423e-01
1.40800e+00 4.90424e-01
1.41200e+00 4.90424e-01
1.41600e+00 4.90425e-01
1.42000e+00 4.90428e-01
1.42400e+00 4.90434e-01
1.42800e+00 4.90451e-01
1.43200e+00 4.90487e-01
1.43600e+00 4.90564e-01
1.44000e+00 4.90717e-01
1.44400e+00 4.91007e-01
1.44800e+00 4.91543e-01
1.45200e+00 4.92559e-01
1.45600e+00 4.94595e-01
1.46000e+00 4.98931e-01
1.46400e+00 5.07848e-01
1.46800e+00 5.20773e-01
1.47200e+00 5.28349e-01
1.47600e+00 5.29319e-01
1.48000e+00 5.29319e-01
1.48400e+00 5.29173e-01
1.48800e+00 5.28122e-01
1.49200e+00 5.23239e-01
1.49600e+00 5.11965e-01
1.50000e+00 5.04258e-01
1.50400e+00 5.03370e-01
1.50800e+00 5.03431e-01
1.51200e+00 5.04021e-01
1.51600e+00 5.06371e-01
1.52000e+00 5.11066e-01
1.52400e+00 5.14300e-01
1.52800e+00 5.14759e-01
1.53200e+00 5.14762e-01
1.53600e+00 5.14722e-01
1.54000e+00 5.14399e-01
1.54400e+00 5.12463e-01
1.54800e+00 5.04063e-01
1.55200e+00 4.87081e-01
1.55600e+00 4.77782e-01
1.56000e+00 4.77035e-01
1.56400e+00 4.77196e-01
1.56800e+00 4.78392e-01
1.57200e+00 4.82605e-01
1.57600e+00 4.90462e-01
1.58000e+00 4.95457e-01
1.58400e+00 4.95967e-01
1.58800e+00 4.95774e-01
1.59200e+00 4.94090e-01
1.59600e+00 4.87385e-01
1.60000e+00 4.76347e-01
1.60400e+00 4.71492e-01
1.60800e+00 4.71153e-01
1.61200e+00 4.71169e-01
1.61600e+00 4.71300e-01
1.62000e+00 4.71743e-01
1.62400e+00 4.72503e-01
1.62800e+00 4.73079e-01
1.63200e+00 4.73289e-01
1.63600e+00 4.73389e-01
1.64000e+00 4.73528e-01
1.64400e+00 4.73876e-01
1.64800e+00 4.74847e-01
1.65200e+00 4.77434e-01
1.65600e+00 4.83430e-01
1.66000e+00 4.92625e-01
1.66400e+00 4.98225e-01
1.66800e+00 4.98975e-01
1.67200e+00 4.98975e-01
1.67600e+00 4.98867e-01
1.68000e+00 4.98200e-01
1.68400e+00 4.95468e-01
1.68800e+00 4.89133e-01
1.69200e+00 4.83797e-01
1.69600e+00 4.82735e-01
1.70000e+00 4.82673e-01
1.70400e+00 4.82639e-01
1.70800e+00 4.82534e-01
1.71200e+00 4.82087e-01
1.71600e+00 4.80533e-01
1.72000e+00 4.77341e-01
1.72400e+00 4.74993e-01
1.72800e+00 4.74640e-01
1.73200e+00 4.74644e-01
1.73600e+00 4.74731e-01
1.74000e+00 4.75157e-01
1.74400e+00 4.76616e-01
1.74800e+00 4.80200e-01
1.75200e+00 4.84865e-01
1.75600e+00 4.86816e-01
1.76000e+00 4.86973e-01
1.76400e+00 4.86974e-01
1.76800e+00 4.86974e-01
1.77200e+00 4.86974e-01
1.77600e+00 4.86974e-01
1.78000e+00 4.86974e-01
1.78400e+00 4.86974e-01
1.78800e+00 4.86974e-01
1.79200e+00 4.86974e-01
1.79600e+00 4.86974e-01
1.80000e+00 4.86974e-01
1.80400e+00 4.86974e-01
1.80800e+00 4.86974e-01
1.81200e+00 4.86974e-01
1.81600e+00 4.86975e-01
1.82000e+00 4.86976e-01
1.82400e+00 4.86980e-01
1.82800e+00 4.86993e-01
1.83200e+00 4.87030e-01
1.83600e+00 4.87144e-01
1.84000e+00 4.87497e-01
1.84400e+00 4.88563e-01
1.84800e+00 4.91453e-01
1.85200e+00 4.96943e-01
1.85600e+00 5.01509e-01
1.86000e+00 5.02481e-01
1.86400e+00 5.02512e-01
1.86800e+00 5.02512e-01
1.87200e+00 5.02512e-01
1.87600e+00 5.02512e-01
1.88000e+00 5.02512e-01
1.88400e+00 5.02512e-01
1.88800e+00 5.02512e-01
1.89200e+00 5.02512e-01
1.89600e+00 5.02512e-01
1.90000e+00 5.02514e-01
1.90400e+00 5.02519e-01
1.90800e+00 5.02534e-01
1.91200e+00 5.02585e-01
1.91600e+00 5.02754e-01
1.92000e+00 5.03311e-01
1.92400e+00 5.05036e-01
1.92800e+00 5.09316e-01
1.93200e+00 5.15110e-01
1.93600e+00 5.17617e-01
1.94000e+00 5.17821e-01
1.94400e+00 5.17823e-01
1.94800e+00 5.17823e-01
1.95200e+00 5.17823e-01
1.95600e+00 5.17823e-01
1.96000e+00 5.17823e-01
1.96400e+00 5.17825e-01
1.96800e+00 5.17830e-01
1.97200e+00 5.17844e-01
1.97600e+00 5.17878e-01
1.98000e+00 5.17959e-01
1.98400e+00 5.18147e-01
1.98800e+00 5.18464e-01
1.99200e+00 5.20701e-01
1.99600e+00 5.20930e-01
