0.00000e+00 4.41600e-01
4.00000e-03 4.41600e-01
8.00000e-03 4.41606e-01
1.20000e-02 4.41693e-01
1.60000e-02 4.42431e-01
2.00000e-02 4.46222e-01
2.40000e-02 4.57981e-01
2.80000e-02 4.76071e-01
3.20000e-02 4.84776e-01
3.60000e-02 4.85438e-01
4.00000e-02 4.85293e-01
4.40000e-02 4.84120e-01
4.80000e-02 4.79959e-01
5.20000e-02 4.73219e-01
5.60000e-02 4.68858e-01
6.00000e-02 4.66887e-01
6.40000e-02 4.64525e-01
6.80000e-02 4.58793e-01
7.20000e-02 4.50123e-01
7.60000e-02 4.46591e-01
8.00000e-02 4.46492e-01
8.40000e-02 4.47017e-01
8.80000e-02 4.49536e-01
9.20000e-02 4.56892e-01
9.60000e-02 4.73262e-01
1.00000e-01 4.94113e-01
1.04000e-01 5.00852e-01
1.08000e-01 5.00062e-01
1.12000e-01 4.88841e-01
1.16000e-01 4.51561e-01
1.20000e-01 4.24860e-01
1.24000e-01 4.22437e-01
1.28000e-01 4.23224e-01
1.32000e-01 4.27181e-01
1.36000e-01 4.35908e-01
1.40000e-01 4.48451e-01
1.44000e-01 4.62578e-01
1.48000e-01 4.76936e-01
1.52000e-01 4.91893e-01
1.56000e-01 5.09512e-01
1.60000e-01 5.32917e-01
1.64000e-01 5.59836e-01
1.68000e-01 5.74674e-01
1.72000e-01 5.76716e-01
1.76000e-01 5.76753e-01
1.80000e-01 5.76753e-01
1.84000e-01 5.76750e-01
1.88000e-01 5.76729e-01
1.92000e-01 5.76615e-01
1.96000e-01 5.76108e-01
2.00000e-01 5.74489e-01
2.04000e-01 5.71362e-01
2.08000e-01 5.67632e-01
2.12000e-01 5.63168e-01
2.16000e-01 5.55061e-01
2.20000e-01 5.42612e-01
2.24000e-01 5.36064e-01
2.28000e-01 5.35513e-01
2.32000e-01 5.35641e-01
2.36000e-01 5.36556e-01
2.40000e-01 5.37434e-01
2.44000e-01 5.37170e-01
2.48000e-01 5.31939e-01
2.52000e-01 4.99870e-01
2.56000e-01 4.48596e-01
2.60000e-01 4.34268e-01
2.64000e-01 4.34087e-01
2.68000e-01 4.35374e-01
2.72000e-01 4.40162e-01
2.76000e-01 4.50512e-01
2.80000e-01 4.65404e-01
2.84000e-01 4.75971e-01
2.88000e-01 4.78270e-01
2.92000e-01 4.78413e-01
2.96000e-01 4.78451e-01
3.00000e-01 4.78529e-01
3.04000e-01 4.78810e-01
3.08000e-01 4.79854e-01
3.12000e-01 4.83362e-01
3.16000e-01 4.91479e-01
3.20000e-01 4.98285e-01
3.24000e-01 4.98937e-01
3.28000e-01 4.97430e-01
3.32000e-01 4.87145e-01
3.36000e-01 4.64920e-01
3.40000e-01 4.53946e-01
3.44000e-01 4.53394e-01
3.48000e-01 4.54103e-01
3.52000e-01 4.57739e-01
3.56000e-01 4.67230e-01
3.60000e-01 4.81023e-01
3.64000e-01 4.88633e-01
3.68000e-01 4.89597e-01
3.72000e-01 4.89620e-01
3.76000e-01 4.89625e-01
3.80000e-01 4.89636e-01
3.84000e-01 4.89674e-01
3.88000e-01 4.89791e-01
3.92000e-01 4.90106e-01
3.96000e-01 4.90867e-01
4.00000e-01 4.92618e-01
4.04000e-01 4.96625e-01
4.08000e-01 5.05545e-01
4.12000e-01 5.20726e-01
4.16000e-01 5.31883e-01
4.20000e-01 5.33472e-01
4.24000e-01 5.33148e-01
4.28000e-01 5.29320e-01
4.32000e-01 5.11678e-01
4.36000e-01 4.85377e-01
4.40000e-01 4.76922e-01
4.44000e-01 4.76557e-01
4.48000e-01 4.76568e-01
4.52000e-01 4.76658e-01
4.56000e-01 4.76972e-01
4.60000e-01 4.77738e-01
4.64000e-01 4.79275e-01
4.68000e-01 4.82095e-01
4.72000e-01 4.87232e-01
4.76000e-01 4.96656e-01
4.80000e-01 5.11240e-01
4.84000e-01 5.23185e-01
4.88000e-01 5.26046e-01
4.92000e-01 5.26163e-01
4.96000e-01 5.26166e-01
5.00000e-01 5.26170e-01
5.04000e-01 5.26203e-01
5.08000e-01 5.26397e-01
5.12000e-01 5.26710e-01
5.16000e-01 5.26721e-01
5.20000e-01 5.26093e-01
5.24000e-01 5.19875e-01
5.28000e-01 4.90625e-01
5.32000e-01 4.51414e-01
5.36000e-01 4.41975e-01
5.40000e-01 4.41970e-01
5.44000e-01 4.43401e-01
5.48000e-01 4.48018e-01
5.52000e-01 4.55618e-01
5.56000e-01 4.62446e-01
5.60000e-01 4.66049e-01
5.64000e-01 4.67834e-01
5.68000e-01 4.69355e-01
5.72000e-01 4.71596e-01
5.76000e-01 4.75948e-01
5.80000e-01 4.85011e-01
5.84000e-01 4.99746e-01
5.88000e-01 5.09498e-01
5.92000e-01 5.10408e-01
5.96000e-01 5.09082e-01
6.00000e-01 4.97236e-01
6.04000e-01 4.61973e-01
6.08000e-01 4.37632e-01
6.12000e-01 4.35400e-01
6.16000e-01 4.36034e-01
6.20000e-01 4.39280e-01
6.24000e-01 4.44425e-01
6.28000e-01 4.46654e-01
6.32000e-01 4.46831e-01
6.36000e-01 4.46835e-01
6.40000e-01 4.46837e-01
6.44000e-01 4.46844e-01
6.48000e-01 4.46865e-01
6.52000e-01 4.46925e-01
6.56000e-01 4.47069e-01
6.60000e-01 4.47376e-01
6.64000e-01 4.47971e-01
6.68000e-01 4.49019e-01
6.72000e-01 4.50714e-01
6.76000e-01 4.53220e-01
6.80000e-01 4.56522e-01
6.84000e-01 4.60120e-01
6.88000e-01 4.63047e-01
6.92000e-01 4.64782e-01
6.96000e-01 4.65708e-01
7.00000e-01 4.66350e-01
7.04000e-01 4.67012e-01
7.08000e-01 4.67887e-01
7.12000e-01 4.69133e-01
7.16000e-01 4.70875e-01
7.20000e-01 4.73167e-01
7.24000e-01 4.75958e-01
7.28000e-01 4.79067e-01
7.32000e-01 4.82214e-01
7.36000e-01 4.85122e-01
7.40000e-01 4.87654e-01
7.44000e-01 4.89866e-01
7.48000e-01 4.91952e-01
7.52000e-01 4.94217e-01
7.56000e-01 4.97161e-01
7.60000e-01 5.01811e-01
7.64000e-01 5.10300e-01
7.68000e-01 5.24623e-01
7.72000e-01 5.37954e-01
7.76000e-01 5.41372e-01
7.80000e-01 5.41411e-01
7.84000e-01 5.40555e-01
7.88000e-01 5.32776e-01
7.92000e-01 5.01272e-01
7.96000e-01 4.66620e-01
8.00000e-01 4.59841e-01
8.04000e-01 4.59799e-01
8.08000e-01 4.60373e-01
8.12000e-01 4.62619e-01
8.16000e-01 4.68083e-01
8.20000e-01 4.78742e-01
8.24000e-01 4.94808e-01
8.28000e-01 5.07541e-01
8.32000e-01 5.10542e-01
8.36000e-01 5.10661e-01
8.40000e-01 5.10661e-01
8.44000e-01 5.10661e-01
8.48000e-01 5.10661e-01
8.52000e-01 5.10661e-01
8.56000e-01 5.10660e-01
8.60000e-01 5.10659e-01
8.64000e-01 5.10654e-01
8.68000e-01 5.10630e-01
8.72000e-01 5.10497e-01
8.76000e-01 5.09688e-01
8.80000e-01 5.05175e-01
8.84000e-01 4.88933e-01
8.88000e-01 4.67166e-01
8.92000e-01 4.60470e-01
8.96000e-01 4.60199e-01
9.00000e-01 4.60238e-01
9.04000e-01 4.60492e-01
9.08000e-01 4.61312e-01
9.12000e-01 4.63164e-01
9.16000e-01 4.66419e-01
9.20000e-01 4.71009e-01
9.24000e-01 4.76392e-01
9.28000e-01 4.82232e-01
9.32000e-01 4.89179e-01
9.36000e-01 4.98554e-01
9.40000e-01 5.08824e-01
9.44000e-01 5.13690e-01
9.48000e-01 5.14208e-01
9.52000e-01 5.14207e-01
9.56000e-01 5.14127e-01
9.60000e-01 5.13528e-01
9.64000e-01 5.10314e-01
9.68000e-01 4.99293e-01
9.72000e-01 4.83301e-01
9.76000e-01 4.76146e-01
9.80000e-01 4.74467e-01
9.84000e-01 4.72869e-01
9.88000e-01 4.68093e-01
9.92000e-01 4.56478e-01
9.96000e-01 4.46157e-01
1.00000e+00 4.44218e-01
1.00400e+00 4.44209e-01
1.00800e+00 4.44427e-01
1.01200e+00 4.45313e-01
1.01600e+00 4.47258e-01
1.02000e+00 4.49567e-01
1.02400e+00 4.50924e-01
1.02800e+00 4.51462e-01
1.03200e+00 4.51815e-01
1.03600e+00 4.52306e-01
1.04000e+00 4.53239e-01
1.04400e+00 4.55026e-01
1.04800e+00 4.58230e-01
1.05200e+00 4.63431e-01
1.05600e+00 4.70019e-01
1.06000e+00 4.74691e-01
1.06400e+00 4.76039e-01
1.06800e+00 4.76261e-01
1.07200e+00 4.76364e-01
1.07600e+00 4.76507e-01
1.08000e+00 4.76794e-01
1.08400e+00 4.77364e-01
1.08800e+00 4.78434e-01
1.09200e+00 4.80405e-01
1.09600e+00 4.84159e-01
1.10000e+00 4.91456e-01
1.10400e+00 5.03485e-01
1.10800e+00 5.14168e-01
1.11200e+00 5.17015e-01
1.11600e+00 5.17145e-01
1.12000e+00 5.17145e-01
1.12400e+00 5.17145e-01
1.12800e+00 5.17145e-01
1.13200e+00 5.17145e-01
1.13600e+00 5.17145e-01
1.14000e+00 5.17142e-01
1.14400e+00 5.17119e-01
1.14800e+00 5.16928e-01
1.15200e+00 5.15460e-01
1.15600e+00 5.06335e-01
1.16000e+00 4.77357e-01
1.16400e+00 4.50881e-01
1.16800e+00 4.46300e-01
1.17200e+00 4.46223e-01
1.17600e+00 4.46268e-01
1.18000e+00 4.46495e-01
1.18400e+00 4.47110e-01
1.18800e+00 4.48243e-01
1.19200e+00 4.49664e-01
1.19600e+00 4.50818e-01
1.20000e+00 4.51494e-01
1.20400e+00 4.51918e-01
1.20800e+00 4.52326e-01
1.21200e+00 4.52910e-01
1.21600e+00 4.53954e-01
1.22000e+00 4.56038e-01
1.22400e+00 4.60208e-01
1.22800e+00 4.66696e-01
1.23200e+00 4.71573e-01
1.23600e+00 4.72604e-01
1.24000e+00 4.72645e-01
1.24400e+00 4.72648e-01
1.24800e+00 4.72654e-01
1.25200e+00 4.72670e-01
1.25600e+00 4.72720e-01
1.26000e+00 4.72850e-01
1.26400e+00 4.73140e-01
1.26800e+00 4.73702e-01
1.27200e+00 4.74664e-01
1.27600e+00 4.76177e-01
1.28000e+00 4.78489e-01
1.28400e+00 4.81975e-01
1.28800e+00 4.86448e-01
1.29200e+00 4.89854e-01
1.29600e+00 4.90905e-01
1.30000e+00 4.91060e-01
1.30400e+00 4.91114e-01
1.30800e+00 4.91182e-01
1.31200e+00 4.91315e-01
1.31600e+00 4.91571e-01
1.32000e+00 4.92008e-01
1.32400e+00 4.92654e-01
1.32800e+00 4.93522e-01
1.33200e+00 4.94717e-01
1.33600e+00 4.96679e-01
1.34000e+00 5.00770e-01
1.34400e+00 5.09920e-01
1.34800e+00 5.23049e-01
1.35200e+00 5.28312e-01
1.35600e+00 5.28192e-01
1.36000e+00 5.23544e-01
1.36400e+00 4.98946e-01
1.36800e+00 4.62803e-01
1.37200e+00 4.52647e-01
1.37600e+00 4.52415e-01
1.38000e+00 4.52846e-01
1.38400e+00 4.54847e-01
1.38800e+00 4.60178e-01
1.39200e+00 4.70686e-01
1.39600e+00 4.83612e-01
1.40000e+00 4.89761e-01
1.40400e+00 4.90415e-01
1.40800e+00 4.90423e-01
1.41200e+00 4.90423e-01
1.41600e+00 4.90423e-01
1.42000e+00 4.90423e-01
1.42400e+00 4.90423e-01
1.42800e+00 4.90423e-01
1.43200e+00 4.90423e-01
1.43600e+00 4.90424e-01
1.44000e+00 4.90425e-01
1.44400e+00 4.90427e-01
1.44800e+00 4.90432e-01
1.45200e+00 4.90445e-01
1.45600e+00 4.90474e-01
1.46000e+00 4.90536e-01
1.46400e+00 4.90660e-01
1.46800e+00 4.90897e-01
1.47200e+00 4.91336e-01
1.47600e+00 4.92156e-01
1.48000e+00 4.93765e-01
1.48400e+00 4.97138e-01
1.48800e+00 5.04303e-01
1.49200e+00 5.16556e-01
1.49600e+00 5.26865e-01
1.50000e+00 5.29193e-01
1.50400e+00 5.29255e-01
1.50800e+00 5.29196e-01
1.51200e+00 5.28670e-01
1.51600e+00 5.25800e-01
1.52000e+00 5.16694e-01
1.52400e+00 5.06230e-01
1.52800e+00 5.03651e-01
1.53200e+00 5.03619e-01
1.53600e+00 5.03898e-01
1.54000e+00 5.05363e-01
1.54400e+00 5.09270e-01
1.54800e+00 5.13532e-01
1.55200e+00 5.14696e-01
1.55600e+00 5.14734e-01
1.56000e+00 5.14707e-01
1.56400e+00 5.14453e-01
1.56800e+00 5.12855e-01
1.57200e+00 5.05553e-01
1.57600e+00 4.89106e-01
1.58000e+00 4.78512e-01
1.58400e+00 4.77415e-01
1.58800e+00 4.77540e-01
1.59200e+00 4.78579e-01
1.59600e+00 4.82423e-01
1.60000e+00 4.89933e-01
1.60400e+00 4.95013e-01
1.60800e+00 4.95586e-01
1.61200e+00 4.95409e-01
1.61600e+00 4.93824e-01
1.62000e+00 4.87405e-01
1.62400e+00 4.76548e-01
1.62800e+00 4.71578e-01
1.63200e+00 4.71209e-01
1.63600e+00 4.71222e-01
1.64000e+00 4.71341e-01
1.64400e+00 4.71754e-01
1.64800e+00 4.72497e-01
1.65200e+00 4.73102e-01
1.65600e+00 4.73335e-01
1.66000e+00 4.73441e-01
1.66400e+00 4.73579e-01
1.66800e+00 4.73916e-01
1.67200e+00 4.74848e-01
1.67600e+00 4.77339e-01
1.68000e+00 4.83161e-01
1.68400e+00 4.92287e-01
1.68800e+00 4.98085e-01
1.69200e+00 4.98917e-01
1.69600e+00 4.98920e-01
1.70000e+00 4.98832e-01
1.70400e+00 4.98264e-01
1.70800e+00 4.95860e-01
1.71200e+00 4.89856e-01
1.71600e+00 4.84100e-01
1.72000e+00 4.82728e-01
1.72400e+00 4.82637e-01
1.72800e+00 4.82597e-01
1.73200e+00 4.82480e-01
1.73600e+00 4.81991e-01
1.74000e+00 4.80332e-01
1.74400e+00 4.77115e-01
1.74800e+00 4.74964e-01
1.75200e+00 4.74683e-01
1.75600e+00 4.74690e-01
1.76000e+00 4.74782e-01
1.76400e+00 4.75219e-01
1.76800e+00 4.76698e-01
1.77200e+00 4.80302e-01
1.77600e+00 4.84929e-01
1.78000e+00 4.86825e-01
1.78400e+00 4.86973e-01
1.78800e+00 4.86974e-01
1.79200e+00 4.86974e-01
1.79600e+00 4.86974e-01
1.80000e+00 4.86974e-01
1.80400e+00 4.86974e-01
1.80800e+00 4.86974e-01
1.81200e+00 4.86974e-01
1.81600e+00 4.86974e-01
1.82000e+00 4.86974e-01
1.82400e+00 4.86974e-01
1.82800e+00 4.86974e-01
1.83200e+00 4.86974e-01
1.83600e+00 4.86974e-01
1.84000e+00 4.86975e-01
1.84400e+00 4.86976e-01
1.84800e+00 4.86979e-01
1.85200e+00 4.86990e-01
1.85600e+00 4.87021e-01
1.86000e+00 4.87119e-01
1.86400e+00 4.87421e-01
1.86800e+00 4.88338e-01
1.87200e+00 4.90887e-01
1.87600e+00 4.96098e-01
1.88000e+00 5.01121e-01
1.88400e+00 5.02454e-01
1.88800e+00 5.02511e-01
1.89200e+00 5.02512e-01
1.89600e+00 5.02512e-01
1.90000e+00 5.02512e-01
1.90400e+00 5.02512e-01
1.90800e+00 5.02512e-01
1.91200e+00 5.02512e-01
1.91600e+00 5.02512e-01
1.92000e+00 5.02512e-01
1.92400e+00 5.02513e-01
1.92800e+00 5.02516e-01
1.93200e+00 5.02527e-01
1.93600e+00 5.02561e-01
1.94000e+00 5.02674e-01
1.94400e+00 5.03050e-01
1.94800e+00 5.04252e-01
1.95200e+00 5.07562e-01
1.95600e+00 5.13354e-01
1.96000e+00 5.17230e-01
1.96400e+00 5.17812e-01
1.96800e+00 5.17823e-01
1.97200e+00 5.17823e-01
1.97600e+00 5.17823e-01
1.98000e+00 5.17823e-01
1.98400e+00 5.17823e-01
1.98800e+00 5.17824e-01
1.99200e+00 5.17836e-01
1.99600e+00 5.17837e-01
