0.00000e+00 4.95750e-01
4.00000e-03 4.95750e-01
8.00000e-03 4.95749e-01
1.20000e-02 4.95717e-01
1.60000e-02 4.95291e-01
2.00000e-02 4.91639e-01
2.40000e-02 4.74951e-01
2.80000e-02 4.50030e-01
3.20000e-02 4.42641e-01
3.60000e-02 4.42595e-01
4.00000e-02 4.43885e-01
4.40000e-02 4.49149e-01
4.80000e-02 4.61661e-01
5.20000e-02 4.77747e-01
5.60000e-02 4.84657e-01
6.00000e-02 4.85133e-01
6.40000e-02 4.84996e-01
6.80000e-02 4.83939e-01
7.20000e-02 4.80306e-01
7.60000e-02 4.74161e-01
8.00000e-02 4.69190e-01
8.40000e-02 4.65928e-01
8.80000e-02 4.61766e-01
9.20000e-02 4.54432e-01
9.60000e-02 4.48069e-01
1.00000e-01 4.46898e-01
1.04000e-01 4.46980e-01
1.08000e-01 4.47779e-01
1.12000e-01 4.50868e-01
1.16000e-01 4.59379e-01
1.20000e-01 4.76966e-01
1.24000e-01 4.94270e-01
1.28000e-01 4.97308e-01
1.32000e-01 4.95329e-01
1.36000e-01 4.78525e-01
1.40000e-01 4.41225e-01
1.44000e-01 4.24776e-01
1.48000e-01 4.24177e-01
1.52000e-01 4.25370e-01
1.56000e-01 4.30037e-01
1.60000e-01 4.39149e-01
1.64000e-01 4.51358e-01
1.68000e-01 4.64423e-01
1.72000e-01 4.77061e-01
1.76000e-01 4.89430e-01
1.80000e-01 5.02914e-01
1.84000e-01 5.20161e-01
1.88000e-01 5.43836e-01
1.92000e-01 5.67295e-01
1.96000e-01 5.76083e-01
2.00000e-01 5.76747e-01
2.04000e-01 5.76752e-01
2.08000e-01 5.76752e-01
2.12000e-01 5.76750e-01
2.16000e-01 5.76735e-01
2.20000e-01 5.76659e-01
2.24000e-01 5.76338e-01
2.28000e-01 5.75340e-01
2.32000e-01 5.73204e-01
2.36000e-01 5.69599e-01
2.40000e-01 5.62863e-01
2.44000e-01 5.50159e-01
2.48000e-01 5.38417e-01
2.52000e-01 5.35863e-01
2.56000e-01 5.35858e-01
2.60000e-01 5.36234e-01
2.64000e-01 5.36506e-01
2.68000e-01 5.36094e-01
2.72000e-01 5.30165e-01
2.76000e-01 4.96897e-01
2.80000e-01 4.47954e-01
2.84000e-01 4.35539e-01
2.88000e-01 4.35478e-01
2.92000e-01 4.37044e-01
2.96000e-01 4.42602e-01
3.00000e-01 4.54259e-01
3.04000e-01 4.69205e-01
3.08000e-01 4.77262e-01
3.12000e-01 4.78400e-01
3.16000e-01 4.78458e-01
3.20000e-01 4.78487e-01
3.24000e-01 4.78564e-01
3.28000e-01 4.78860e-01
3.32000e-01 4.79979e-01
3.36000e-01 4.83682e-01
3.40000e-01 4.91564e-01
3.44000e-01 4.97019e-01
3.48000e-01 4.97314e-01
3.52000e-01 4.95502e-01
3.56000e-01 4.84644e-01
3.60000e-01 4.63716e-01
3.64000e-01 4.54699e-01
3.68000e-01 4.54364e-01
3.72000e-01 4.55136e-01
3.76000e-01 4.58873e-01
3.80000e-01 4.68411e-01
3.84000e-01 4.81831e-01
3.88000e-01 4.88804e-01
3.92000e-01 4.89610e-01
3.96000e-01 4.89626e-01
4.00000e-01 4.89630e-01
4.04000e-01 4.89638e-01
4.08000e-01 4.89666e-01
4.12000e-01 4.89753e-01
4.16000e-01 4.89989e-01
4.20000e-01 4.90567e-01
4.24000e-01 4.91901e-01
4.28000e-01 4.94959e-01
4.32000e-01 5.01949e-01
4.36000e-01 5.15473e-01
4.40000e-01 5.29119e-01
4.44000e-01 5.32572e-01
4.48000e-01 5.32493e-01
4.52000e-01 5.30324e-01
4.56000e-01 5.17684e-01
4.60000e-01 4.91091e-01
4.64000e-01 4.77669e-01
4.68000e-01 4.76603e-01
4.72000e-01 4.76604e-01
4.76000e-01 4.76666e-01
4.80000e-01 4.76917e-01
4.84000e-01 4.77570e-01
4.88000e-01 4.78917e-01
4.92000e-01 4.81391e-01
4.96000e-01 4.85841e-01
5.00000e-01 4.93994e-01
5.04000e-01 5.07539e-01
5.08000e-01 5.21203e-01
5.12000e-01 5.25855e-01
5.16000e-01 5.26162e-01
5.20000e-01 5.26168e-01
5.24000e-01 5.26174e-01
5.28000e-01 5.26210e-01
5.32000e-01 5.26372e-01
5.36000e-01 5.26511e-01
5.40000e-01 5.26470e-01
5.44000e-01 5.25661e-01
5.48000e-01 5.18553e-01
5.52000e-01 4.87909e-01
5.56000e-01 4.50935e-01
5.60000e-01 4.43102e-01
5.64000e-01 4.43164e-01
5.68000e-01 4.44654e-01
5.72000e-01 4.49329e-01
5.76000e-01 4.56957e-01
5.80000e-01 4.63660e-01
5.84000e-01 4.66994e-01
5.88000e-01 4.68534e-01
5.92000e-01 4.69835e-01
5.96000e-01 4.71835e-01
6.00000e-01 4.75940e-01
6.04000e-01 4.84865e-01
6.08000e-01 4.99346e-01
6.12000e-01 5.08140e-01
6.16000e-01 5.08717e-01
6.20000e-01 5.06736e-01
6.24000e-01 4.91721e-01
6.28000e-01 4.56127e-01
6.32000e-01 4.37868e-01
6.36000e-01 4.36870e-01
6.40000e-01 4.37729e-01
6.44000e-01 4.41235e-01
6.48000e-01 4.45498e-01
6.52000e-01 4.46773e-01
6.56000e-01 4.46836e-01
6.60000e-01 4.46839e-01
6.64000e-01 4.46842e-01
6.68000e-01 4.46851e-01
6.72000e-01 4.46881e-01
6.76000e-01 4.46959e-01
6.80000e-01 4.47139e-01
6.84000e-01 4.47511e-01
6.88000e-01 4.48207e-01
6.92000e-01 4.49398e-01
6.96000e-01 4.51279e-01
7.00000e-01 4.54012e-01
7.04000e-01 4.57530e-01
7.08000e-01 4.61183e-01
7.12000e-01 4.63896e-01
7.16000e-01 4.65331e-01
7.20000e-01 4.66055e-01
7.24000e-01 4.66582e-01
7.28000e-01 4.67171e-01
7.32000e-01 4.67996e-01
7.36000e-01 4.69208e-01
7.40000e-01 4.70925e-01
7.44000e-01 4.73199e-01
7.48000e-01 4.75981e-01
7.52000e-01 4.79094e-01
7.56000e-01 4.82254e-01
7.60000e-01 4.85169e-01
7.64000e-01 4.87676e-01
7.68000e-01 4.89808e-01
7.72000e-01 4.91741e-01
7.76000e-01 4.93739e-01
7.80000e-01 4.96188e-01
7.84000e-01 4.99840e-01
7.88000e-01 5.06349e-01
7.92000e-01 5.18384e-01
7.96000e-01 5.33674e-01
8.00000e-01 5.40514e-01
8.04000e-01 5.40933e-01
8.08000e-01 5.40415e-01
8.12000e-01 5.34756e-01
8.16000e-01 5.07799e-01
8.20000e-01 4.70371e-01
8.24000e-01 4.60501e-01
8.28000e-01 4.60303e-01
8.32000e-01 4.60745e-01
8.36000e-01 4.62729e-01
8.40000e-01 4.67814e-01
8.44000e-01 4.78035e-01
8.48000e-01 4.93910e-01
8.52000e-01 5.07145e-01
8.56000e-01 5.10512e-01
8.60000e-01 5.10660e-01
8.64000e-01 5.10661e-01
8.68000e-01 5.10661e-01
8.72000e-01 5.10661e-01
8.76000e-01 5.10661e-01
8.80000e-01 5.10661e-01
8.84000e-01 5.10660e-01
8.88000e-01 5.10656e-01
8.92000e-01 5.10635e-01
8.96000e-01 5.10506e-01
9.00000e-01 5.09692e-01
9.04000e-01 5.05102e-01
9.08000e-01 4.88679e-01
9.12000e-01 4.67036e-01
9.16000e-01 4.60540e-01
9.20000e-01 4.60288e-01
9.24000e-01 4.60328e-01
9.28000e-01 4.60589e-01
9.32000e-01 4.61420e-01
9.36000e-01 4.63274e-01
9.40000e-01 4.66480e-01
9.44000e-01 4.70916e-01
9.48000e-01 4.76047e-01
9.52000e-01 4.81640e-01
9.56000e-01 4.88447e-01
9.60000e-01 4.97886e-01
9.64000e-01 5.08472e-01
9.68000e-01 5.13608e-01
9.72000e-01 5.14174e-01
9.76000e-01 5.14175e-01
9.80000e-01 5.14116e-01
9.84000e-01 5.13668e-01
9.88000e-01 5.11230e-01
9.92000e-01 5.02220e-01
9.96000e-01 4.86451e-01
1.00000e+00 4.76748e-01
1.00400e+00 4.73574e-01
1.00800e+00 4.70742e-01
1.01200e+00 4.63981e-01
1.01600e+00 4.51952e-01
1.02000e+00 4.45051e-01
1.02400e+00 4.44353e-01
1.02800e+00 4.44392e-01
1.03200e+00 4.44723e-01
1.03600e+00 4.45840e-01
1.04000e+00 4.47985e-01
1.04400e+00 4.50178e-01
1.04800e+00 4.51292e-01
1.05200e+00 4.51731e-01
1.05600e+00 4.52063e-01
1.06000e+00 4.52574e-01
1.06400e+00 4.53569e-01
1.06800e+00 4.55491e-01
1.07200e+00 4.59006e-01
1.07600e+00 4.64783e-01
1.08000e+00 4.71632e-01
1.08400e+00 4.75512e-01
1.08800e+00 4.76261e-01
1.09200e+00 4.76358e-01
1.09600e+00 4.76418e-01
1.10000e+00 4.76526e-01
1.10400e+00 4.76766e-01
1.10800e+00 4.77268e-01
1.11200e+00 4.78228e-01
1.11600e+00 4.80000e-01
1.12000e+00 4.83349e-01
1.12400e+00 4.89878e-01
1.12800e+00 5.01227e-01
1.13200e+00 5.12906e-01
1.13600e+00 5.16888e-01
1.14000e+00 5.17144e-01
1.14400e+00 5.17145e-01
1.14800e+00 5.17145e-01
1.15200e+00 5.17145e-01
1.15600e+00 5.17145e-01
1.16000e+00 5.17145e-01
1.16400e+00 5.17142e-01
1.16800e+00 5.17114e-01
1.17200e+00 5.16894e-01
1.17600e+00 5.15210e-01
1.18000e+00 5.05032e-01
1.18400e+00 4.74902e-01
1.18800e+00 4.50092e-01
1.19200e+00 4.46339e-01
1.19600e+00 4.46293e-01
1.20000e+00 4.46352e-01
1.20400e+00 4.46636e-01
1.20800e+00 4.47371e-01
1.21200e+00 4.48657e-01
1.21600e+00 4.50136e-01
1.22000e+00 4.51200e-01
1.22400e+00 4.51767e-01
1.22800e+00 4.52132e-01
1.23200e+00 4.52524e-01
1.23600e+00 4.53146e-01
1.24000e+00 4.54348e-01
1.24400e+00 4.56857e-01
1.24800e+00 4.61795e-01
1.25200e+00 4.68463e-01
1.25600e+00 4.72148e-01
1.26000e+00 4.72638e-01
1.26400e+00 4.72650e-01
1.26800e+00 4.72652e-01
1.27200e+00 4.72657e-01
1.27600e+00 4.72673e-01
1.28000e+00 4.72721e-01
1.28400e+00 4.72843e-01
1.28800e+00 4.73115e-01
1.29200e+00 4.73643e-01
1.29600e+00 4.74550e-01
1.30000e+00 4.75998e-01
1.30400e+00 4.78300e-01
1.30800e+00 4.81978e-01
1.31200e+00 4.86822e-01
1.31600e+00 4.90222e-01
1.32000e+00 4.91034e-01
1.32400e+00 4.91112e-01
1.32800e+00 4.91140e-01
1.33200e+00 4.91182e-01
1.33600e+00 4.91276e-01
1.34000e+00 4.91479e-01
1.34400e+00 4.91849e-01
1.34800e+00 4.92423e-01
1.35200e+00 4.93203e-01
1.35600e+00 4.94250e-01
1.36000e+00 4.95906e-01
1.36400e+00 4.99303e-01
1.36800e+00 5.07177e-01
1.37200e+00 5.19896e-01
1.37600e+00 5.26228e-01
1.38000e+00 5.26300e-01
1.38400e+00 5.22517e-01
1.38800e+00 5.00670e-01
1.39200e+00 4.64881e-01
1.39600e+00 4.53311e-01
1.40000e+00 4.52967e-01
1.40400e+00 4.53391e-01
1.40800e+00 4.55471e-01
1.41200e+00 4.61139e-01
1.41600e+00 4.72191e-01
1.42000e+00 4.84815e-01
1.42400e+00 4.89980e-01
1.42800e+00 4.90419e-01
1.43200e+00 4.90423e-01
1.43600e+00 4.90423e-01
1.44000e+00 4.90423e-01
1.44400e+00 4.90423e-01
1.44800e+00 4.90423e-01
1.45200e+00 4.90423e-01
1.45600e+00 4.90423e-01
1.46000e+00 4.90424e-01
1.46400e+00 4.90424e-01
1.46800e+00 4.90426e-01
1.47200e+00 4.90430e-01
1.47600e+00 4.90440e-01
1.48000e+00 4.90463e-01
1.48400e+00 4.90513e-01
1.48800e+00 4.90614e-01
1.49200e+00 4.90808e-01
1.49600e+00 4.91169e-01
1.50000e+00 4.91835e-01
1.50400e+00 4.93116e-01
1.50800e+00 4.95747e-01
1.51200e+00 5.01389e-01
1.51600e+00 5.12179e-01
1.52000e+00 5.24386e-01
1.52400e+00 5.28907e-01
1.52800e+00 5.29193e-01
1.53200e+00 5.29172e-01
1.53600e+00 5.28921e-01
1.54000e+00 5.27349e-01
1.54400e+00 5.20986e-01
1.54800e+00 5.09560e-01
1.55200e+00 5.04177e-01
1.55600e+00 5.03832e-01
1.56000e+00 5.03945e-01
1.56400e+00 5.04778e-01
1.56800e+00 5.07646e-01
1.57200e+00 5.12268e-01
1.57600e+00 5.14513e-01
1.58000e+00 5.14694e-01
1.58400e+00 5.14678e-01
1.58800e+00 5.14482e-01
1.59200e+00 5.13180e-01
1.59600e+00 5.06908e-01
1.60000e+00 4.91228e-01
1.60400e+00 4.79367e-01
1.60800e+00 4.77806e-01
1.61200e+00 4.77897e-01
1.61600e+00 4.78790e-01
1.62000e+00 4.82278e-01
1.62400e+00 4.89421e-01
1.62800e+00 4.94565e-01
1.63200e+00 4.95203e-01
1.63600e+00 4.95042e-01
1.64000e+00 4.93549e-01
1.64400e+00 4.87402e-01
1.64800e+00 4.76736e-01
1.65200e+00 4.71662e-01
1.65600e+00 4.71262e-01
1.66000e+00 4.71273e-01
1.66400e+00 4.71381e-01
1.66800e+00 4.71766e-01
1.67200e+00 4.72490e-01
1.67600e+00 4.73122e-01
1.68000e+00 4.73380e-01
1.68400e+00 4.73494e-01
1.68800e+00 4.73632e-01
1.69200e+00 4.73957e-01
1.69600e+00 4.74852e-01
1.70000e+00 4.77250e-01
1.70400e+00 4.82898e-01
1.70800e+00 4.91945e-01
1.71200e+00 4.97942e-01
1.71600e+00 4.98863e-01
1.72000e+00 4.98870e-01
1.72400e+00 4.98797e-01
1.72800e+00 4.98314e-01
1.73200e+00 4.96208e-01
1.73600e+00 4.90576e-01
1.74000e+00 4.84464e-01
1.74400e+00 4.82727e-01
1.74800e+00 4.82596e-01
1.75200e+00 4.82547e-01
1.75600e+00 4.82416e-01
1.76000e+00 4.81884e-01
1.76400e+00 4.80125e-01
1.76800e+00 4.76904e-01
1.77200e+00 4.74947e-01
1.77600e+00 4.74725e-01
1.78000e+00 4.74734e-01
1.78400e+00 4.74830e-01
1.78800e+00 4.75279e-01
1.79200e+00 4.76780e-01
1.79600e+00 4.80405e-01
1.80000e+00 4.84993e-01
1.80400e+00 4.86834e-01
1.80800e+00 4.86973e-01
1.81200e+00 4.86974e-01
1.81600e+00 4.86974e-01
1.82000e+00 4.86974e-01
1.82400e+00 4.86974e-01
1.82800e+00 4.86974e-01
1.83200e+00 4.86974e-01
1.83600e+00 4.86974e-01
1.84000e+00 4.86974e-01
1.84400e+00 4.86974e-01
1.84800e+00 4.86974e-01
1.85200e+00 4.86974e-01
1.85600e+00 4.86974e-01
1.86000e+00 4.86974e-01
1.86400e+00 4.86975e-01
1.86800e+00 4.86976e-01
1.87200e+00 4.86979e-01
1.87600e+00 4.86987e-01
1.88000e+00 4.87014e-01
1.88400e+00 4.87098e-01
1.88800e+00 4.87355e-01
1.89200e+00 4.88143e-01
1.89600e+00 4.90379e-01
1.90000e+00 4.95254e-01
1.90400e+00 5.00645e-01
1.90800e+00 5.02410e-01
1.91200e+00 5.02511e-01
1.91600e+00 5.02512e-01
1.92000e+00 5.02512e-01
1.92400e+00 5.02512e-01
1.92800e+00 5.02512e-01
1.93200e+00 5.02512e-01
1.93600e+00 5.02512e-01
1.94000e+00 5.02512e-01
1.94400e+00 5.02512e-01
1.94800e+00 5.02513e-01
1.95200e+00 5.02515e-01
1.95600e+00 5.02522e-01
1.96000e+00 5.02544e-01
1.96400e+00 5.02620e-01
1.96800e+00 5.02873e-01
1.97200e+00 5.03698e-01
1.97600e+00 5.06139e-01
1.98000e+00 5.11350e-01
1.98400e+00 5.16442e-01
1.98800e+00 5.17768e-01
1.99200e+00 5.17823e-01
1.99600e+00 5.17823e-01
