0.00000e+00 5.84024e-01
4.00000e-03 5.84024e-01
8.00000e-03 5.84024e-01
1.20000e-02 5.84024e-01
1.60000e-02 5.84016e-01
2.00000e-02 5.83904e-01
2.40000e-02 5.82829e-01
2.80000e-02 5.76835e-01
3.20000e-02 5.64002e-01
3.60000e-02 5.57104e-01
4.00000e-02 5.56101e-01
4.40000e-02 5.55509e-01
4.80000e-02 5.52881e-01
5.20000e-02 5.40390e-01
5.60000e-02 5.15217e-01
6.00000e-02 4.98684e-01
6.40000e-02 4.91277e-01
6.80000e-02 4.81107e-01
7.20000e-02 4.61006e-01
7.60000e-02 4.46268e-01
8.00000e-02 4.44489e-01
8.40000e-02 4.44806e-01
8.80000e-02 4.47009e-01
9.20000e-02 4.53975e-01
9.60000e-02 4.67644e-01
1.00000e-01 4.80871e-01
1.04000e-01 4.84583e-01
1.08000e-01 4.84711e-01
1.12000e-01 4.84597e-01
1.16000e-01 4.83854e-01
1.20000e-01 4.81439e-01
1.24000e-01 4.76636e-01
1.28000e-01 4.69937e-01
1.32000e-01 4.61528e-01
1.36000e-01 4.52522e-01
1.40000e-01 4.47919e-01
1.44000e-01 4.47394e-01
1.48000e-01 4.47435e-01
1.52000e-01 4.47821e-01
1.56000e-01 4.49429e-01
1.60000e-01 4.54308e-01
1.64000e-01 4.66199e-01
1.68000e-01 4.83595e-01
1.72000e-01 4.90651e-01
1.76000e-01 4.90326e-01
1.80000e-01 4.83231e-01
1.84000e-01 4.56095e-01
1.88000e-01 4.30650e-01
1.92000e-01 4.26910e-01
1.96000e-01 4.27237e-01
2.00000e-01 4.29486e-01
2.04000e-01 4.35409e-01
2.08000e-01 4.45029e-01
2.12000e-01 4.56553e-01
2.16000e-01 4.67964e-01
2.20000e-01 4.78266e-01
2.24000e-01 4.87527e-01
2.28000e-01 4.96445e-01
2.32000e-01 5.06201e-01
2.36000e-01 5.18824e-01
2.40000e-01 5.37366e-01
2.44000e-01 5.60681e-01
2.48000e-01 5.74624e-01
2.52000e-01 5.76710e-01
2.56000e-01 5.76752e-01
2.60000e-01 5.76752e-01
2.64000e-01 5.76752e-01
2.68000e-01 5.76750e-01
2.72000e-01 5.76744e-01
2.76000e-01 5.76717e-01
2.80000e-01 5.76623e-01
2.84000e-01 5.76338e-01
2.88000e-01 5.75366e-01
2.92000e-01 5.71404e-01
2.96000e-01 5.58566e-01
3.00000e-01 5.41708e-01
3.04000e-01 5.36448e-01
3.08000e-01 5.36106e-01
3.12000e-01 5.35962e-01
3.16000e-01 5.35086e-01
3.20000e-01 5.27298e-01
3.24000e-01 4.91201e-01
3.28000e-01 4.47251e-01
3.32000e-01 4.38384e-01
3.36000e-01 4.38547e-01
3.40000e-01 4.40780e-01
3.44000e-01 4.48060e-01
3.48000e-01 4.61757e-01
3.52000e-01 4.74529e-01
3.56000e-01 4.78266e-01
3.60000e-01 4.78494e-01
3.64000e-01 4.78511e-01
3.68000e-01 4.78535e-01
3.72000e-01 4.78622e-01
3.76000e-01 4.78973e-01
3.80000e-01 4.80301e-01
3.84000e-01 4.84440e-01
3.88000e-01 4.91499e-01
3.92000e-01 4.94596e-01
3.96000e-01 4.94506e-01
4.00000e-01 4.91935e-01
4.04000e-01 4.80002e-01
4.08000e-01 4.61923e-01
4.12000e-01 4.56159e-01
4.16000e-01 4.56090e-01
4.20000e-01 4.57003e-01
4.24000e-01 4.60940e-01
4.28000e-01 4.70546e-01
4.32000e-01 4.83201e-01
4.36000e-01 4.89056e-01
4.40000e-01 4.89625e-01
4.44000e-01 4.89635e-01
4.48000e-01 4.89636e-01
4.52000e-01 4.89641e-01
4.56000e-01 4.89656e-01
4.60000e-01 4.89704e-01
4.64000e-01 4.89839e-01
4.68000e-01 4.90175e-01
4.72000e-01 4.90958e-01
4.76000e-01 4.92757e-01
4.80000e-01 4.96953e-01
4.84000e-01 5.06328e-01
4.88000e-01 5.21138e-01
4.92000e-01 5.30031e-01
4.96000e-01 5.30859e-01
5.00000e-01 5.30292e-01
5.04000e-01 5.24899e-01
5.08000e-01 5.04672e-01
5.12000e-01 4.81945e-01
5.16000e-01 4.76822e-01
5.20000e-01 4.76691e-01
5.24000e-01 4.76714e-01
5.28000e-01 4.76859e-01
5.32000e-01 4.77311e-01
5.36000e-01 4.78327e-01
5.40000e-01 4.80244e-01
5.44000e-01 4.83634e-01
5.48000e-01 4.89718e-01
5.52000e-01 5.00568e-01
5.56000e-01 5.15444e-01
5.60000e-01 5.24676e-01
5.64000e-01 5.26131e-01
5.68000e-01 5.26178e-01
5.72000e-01 5.26191e-01
5.76000e-01 5.26228e-01
5.80000e-01 5.26291e-01
5.84000e-01 5.26297e-01
5.88000e-01 5.26195e-01
5.92000e-01 5.25037e-01
5.96000e-01 5.16217e-01
6.00000e-01 4.83449e-01
6.04000e-01 4.50702e-01
6.08000e-01 4.45224e-01
6.12000e-01 4.45379e-01
6.16000e-01 4.46997e-01
6.20000e-01 4.51853e-01
6.24000e-01 4.59578e-01
6.28000e-01 4.65917e-01
6.32000e-01 4.68623e-01
6.36000e-01 4.69707e-01
6.40000e-01 4.70653e-01
6.44000e-01 4.72311e-01
6.48000e-01 4.76188e-01
6.52000e-01 4.85225e-01
6.56000e-01 4.98788e-01
6.60000e-01 5.04842e-01
6.64000e-01 5.04827e-01
6.68000e-01 5.00846e-01
6.72000e-01 4.79971e-01
6.76000e-01 4.48582e-01
6.80000e-01 4.39578e-01
6.84000e-01 4.39514e-01
6.88000e-01 4.40764e-01
6.92000e-01 4.44057e-01
6.96000e-01 4.46471e-01
7.00000e-01 4.46835e-01
7.04000e-01 4.46844e-01
7.08000e-01 4.46847e-01
7.12000e-01 4.46853e-01
7.16000e-01 4.46872e-01
7.20000e-01 4.46925e-01
7.24000e-01 4.47053e-01
7.28000e-01 4.47325e-01
7.32000e-01 4.47850e-01
7.36000e-01 4.48773e-01
7.40000e-01 4.50277e-01
7.44000e-01 4.52571e-01
7.48000e-01 4.55818e-01
7.52000e-01 4.59783e-01
7.56000e-01 4.63355e-01
7.60000e-01 4.65383e-01
7.64000e-01 4.66186e-01
7.68000e-01 4.66574e-01
7.72000e-01 4.66921e-01
7.76000e-01 4.67396e-01
7.80000e-01 4.68145e-01
7.84000e-01 4.69305e-01
7.88000e-01 4.70988e-01
7.92000e-01 4.73239e-01
7.96000e-01 4.76010e-01
8.00000e-01 4.79137e-01
8.04000e-01 4.82340e-01
8.08000e-01 4.85296e-01
8.12000e-01 4.87790e-01
8.16000e-01 4.89812e-01
8.20000e-01 4.91519e-01
8.24000e-01 4.93131e-01
8.28000e-01 4.94912e-01
8.32000e-01 4.97281e-01
8.36000e-01 5.01145e-01
8.40000e-01 5.08574e-01
8.44000e-01 5.22106e-01
8.48000e-01 5.35811e-01
8.52000e-01 5.39397e-01
8.56000e-01 5.39311e-01
8.60000e-01 5.36658e-01
8.64000e-01 5.19152e-01
8.68000e-01 4.80681e-01
8.72000e-01 4.62460e-01
8.76000e-01 4.61364e-01
8.80000e-01 4.61608e-01
8.84000e-01 4.63069e-01
8.88000e-01 4.67344e-01
8.92000e-01 4.76562e-01
8.96000e-01 4.91859e-01
9.00000e-01 5.06115e-01
9.04000e-01 5.10420e-01
9.08000e-01 5.10660e-01
9.12000e-01 5.10661e-01
9.16000e-01 5.10661e-01
9.20000e-01 5.10661e-01
9.24000e-01 5.10661e-01
9.28000e-01 5.10661e-01
9.32000e-01 5.10660e-01
9.36000e-01 5.10657e-01
9.40000e-01 5.10638e-01
9.44000e-01 5.10509e-01
9.48000e-01 5.09671e-01
9.52000e-01 5.04937e-01
9.56000e-01 4.88241e-01
9.60000e-01 4.66859e-01
9.64000e-01 4.60691e-01
9.68000e-01 4.60466e-01
9.72000e-01 4.60509e-01
9.76000e-01 4.60779e-01
9.80000e-01 4.61626e-01
9.84000e-01 4.63477e-01
9.88000e-01 4.66593e-01
9.92000e-01 4.70775e-01
9.96000e-01 4.75505e-01
1.00000e+00 4.80664e-01
1.00400e+00 4.87102e-01
1.00800e+00 4.96384e-01
1.01200e+00 5.07451e-01
1.01600e+00 5.13364e-01
1.02000e+00 5.14118e-01
1.02400e+00 5.14126e-01
1.02800e+00 5.14098e-01
1.03200e+00 5.13875e-01
1.03600e+00 5.12661e-01
1.04000e+00 5.07722e-01
1.04400e+00 4.95596e-01
1.04800e+00 4.81155e-01
1.05200e+00 4.71016e-01
1.05600e+00 4.62178e-01
1.06000e+00 4.51991e-01
1.06400e+00 4.45595e-01
1.06800e+00 4.44618e-01
1.07200e+00 4.44621e-01
1.07600e+00 4.44779e-01
1.08000e+00 4.45446e-01
1.08400e+00 4.47096e-01
1.08800e+00 4.49496e-01
1.09200e+00 4.51241e-01
1.09600e+00 4.51907e-01
1.10000e+00 4.52201e-01
1.10400e+00 4.52512e-01
1.10800e+00 4.53077e-01
1.11200e+00 4.54236e-01
1.11600e+00 4.56582e-01
1.12000e+00 4.61098e-01
1.12400e+00 4.68225e-01
1.12800e+00 4.74463e-01
1.13200e+00 4.76285e-01
1.13600e+00 4.76421e-01
1.14000e+00 4.76441e-01
1.14400e+00 4.76468e-01
1.14800e+00 4.76536e-01
1.15200e+00 4.76712e-01
1.15600e+00 4.77104e-01
1.16000e+00 4.77876e-01
1.16400e+00 4.79311e-01
1.16800e+00 4.81988e-01
1.17200e+00 4.87180e-01
1.17600e+00 4.96868e-01
1.18000e+00 5.09566e-01
1.18400e+00 5.16314e-01
1.18800e+00 5.17133e-01
1.19200e+00 5.17145e-01
1.19600e+00 5.17145e-01
1.20000e+00 5.17145e-01
1.20400e+00 5.17145e-01
1.20800e+00 5.17145e-01
1.21200e+00 5.17140e-01
1.21600e+00 5.17104e-01
1.22000e+00 5.16810e-01
1.22400e+00 5.14602e-01
1.22800e+00 5.02087e-01
1.23200e+00 4.70153e-01
1.23600e+00 4.48899e-01
1.24000e+00 4.46467e-01
1.24400e+00 4.46458e-01
1.24800e+00 4.46565e-01
1.25200e+00 4.47002e-01
1.25600e+00 4.48035e-01
1.26000e+00 4.49624e-01
1.26400e+00 4.51081e-01
1.26800e+00 4.51861e-01
1.27200e+00 4.52223e-01
1.27600e+00 4.52504e-01
1.28000e+00 4.52905e-01
1.28400e+00 4.53687e-01
1.28800e+00 4.55394e-01
1.29200e+00 4.59084e-01
1.29600e+00 4.65444e-01
1.30000e+00 4.71086e-01
1.30400e+00 4.72582e-01
1.30800e+00 4.72654e-01
1.31200e+00 4.72656e-01
1.31600e+00 4.72657e-01
1.32000e+00 4.72662e-01
1.32400e+00 4.72677e-01
1.32800e+00 4.72720e-01
1.33200e+00 4.72830e-01
1.33600e+00 4.73070e-01
1.34000e+00 4.73531e-01
1.34400e+00 4.74329e-01
1.34800e+00 4.75669e-01
1.35200e+00 4.78038e-01
1.35600e+00 4.82235e-01
1.36000e+00 4.87677e-01
1.36400e+00 4.90703e-01
1.36800e+00 4.91136e-01
1.37200e+00 4.91155e-01
1.37600e+00 4.91163e-01
1.38000e+00 4.91180e-01
1.38400e+00 4.91227e-01
1.38800e+00 4.91345e-01
1.39200e+00 4.91594e-01
1.39600e+00 4.92026e-01
1.40000e+00 4.92649e-01
1.40400e+00 4.93475e-01
1.40800e+00 4.94716e-01
1.41200e+00 4.97185e-01
1.41600e+00 5.03146e-01
1.42000e+00 5.14383e-01
1.42400e+00 5.21893e-01
1.42800e+00 5.22317e-01
1.43200e+00 5.19766e-01
1.43600e+00 5.02639e-01
1.44000e+00 4.68845e-01
1.44400e+00 4.54854e-01
1.44800e+00 4.54220e-01
1.45200e+00 4.54632e-01
1.45600e+00 4.56849e-01
1.46000e+00 4.63119e-01
1.46400e+00 4.74964e-01
1.46800e+00 4.86618e-01
1.47200e+00 4.90219e-01
1.47600e+00 4.90422e-01
1.48000e+00 4.90423e-01
1.48400e+00 4.90423e-01
1.48800e+00 4.90423e-01
1.49200e+00 4.90423e-01
1.49600e+00 4.90423e-01
1.50000e+00 4.90423e-01
1.50400e+00 4.90423e-01
1.50800e+00 4.90424e-01
1.51200e+00 4.90424e-01
1.51600e+00 4.90425e-01
1.52000e+00 4.90427e-01
1.52400e+00 4.90434e-01
1.52800e+00 4.90448e-01
1.53200e+00 4.90480e-01
1.53600e+00 4.90546e-01
1.54000e+00 4.90676e-01
1.54400e+00 4.90920e-01
1.54800e+00 4.91367e-01
1.55200e+00 4.92198e-01
1.55600e+00 4.93829e-01
1.56000e+00 4.97252e-01
1.56400e+00 5.04509e-01
1.56800e+00 5.16772e-01
1.57200e+00 5.26827e-01
1.57600e+00 5.29019e-01
1.58000e+00 5.29076e-01
1.58400e+00 5.29032e-01
1.58800e+00 5.28627e-01
1.59200e+00 5.26356e-01
1.59600e+00 5.18487e-01
1.60000e+00 5.07771e-01
1.60400e+00 5.04380e-01
1.60800e+00 5.04279e-01
1.61200e+00 5.04471e-01
1.61600e+00 5.05616e-01
1.62000e+00 5.08992e-01
1.62400e+00 5.13186e-01
1.62800e+00 5.14513e-01
1.63200e+00 5.14554e-01
1.63600e+00 5.14457e-01
1.64000e+00 5.13633e-01
1.64400e+00 5.09187e-01
1.64800e+00 4.95629e-01
1.65200e+00 4.81557e-01
1.65600e+00 4.78634e-01
1.66000e+00 4.78647e-01
1.66400e+00 4.79283e-01
1.66800e+00 4.82098e-01
1.67200e+00 4.88457e-01
1.67600e+00 4.93653e-01
1.68000e+00 4.94432e-01
1.68400e+00 4.94299e-01
1.68800e+00 4.92973e-01
1.69200e+00 4.87338e-01
1.69600e+00 4.77075e-01
1.70000e+00 4.71822e-01
1.70400e+00 4.71361e-01
1.70800e+00 4.71368e-01
1.71200e+00 4.71457e-01
1.71600e+00 4.71792e-01
1.72000e+00 4.72474e-01
1.72400e+00 4.73153e-01
1.72800e+00 4.73469e-01
1.73200e+00 4.73602e-01
1.73600e+00 4.73741e-01
1.74000e+00 4.74045e-01
1.74400e+00 4.74870e-01
1.74800e+00 4.77087e-01
1.75200e+00 4.82389e-01
1.75600e+00 4.91252e-01
1.76000e+00 4.97642e-01
1.76400e+00 4.98763e-01
1.76800e+00 4.98780e-01
1.77200e+00 4.98732e-01
1.77600e+00 4.98385e-01
1.78000e+00 4.96791e-01
1.78400e+00 4.91979e-01
1.78800e+00 4.85391e-01
1.79200e+00 4.82762e-01
1.79600e+00 4.82489e-01
1.80000e+00 4.82415e-01
1.80400e+00 4.82254e-01
1.80800e+00 4.81635e-01
1.81200e+00 4.79695e-01
1.81600e+00 4.76532e-01
1.82000e+00 4.74939e-01
1.82400e+00 4.74802e-01
1.82800e+00 4.74814e-01
1.83200e+00 4.74920e-01
1.83600e+00 4.75392e-01
1.84000e+00 4.76941e-01
1.84400e+00 4.80613e-01
1.84800e+00 4.85123e-01
1.85200e+00 4.86850e-01
1.85600e+00 4.86973e-01
1.86000e+00 4.86974e-01
1.86400e+00 4.86974e-01
1.86800e+00 4.86974e-01
1.87200e+00 4.86974e-01
1.87600e+00 4.86974e-01
1.88000e+00 4.86974e-01
1.88400e+00 4.86974e-01
1.88800e+00 4.86974e-01
1.89200e+00 4.86974e-01
1.89600e+00 4.86974e-01
1.90000e+00 4.86974e-01
1.90400e+00 4.86974e-01
1.90800e+00 4.86974e-01
1.91200e+00 4.86974e-01
1.91600e+00 4.86975e-01
1.92000e+00 4.86977e-01
1.92400e+00 4.86984e-01
1.92800e+00 4.87003e-01
1.93200e+00 4.87064e-01
1.93600e+00 4.87251e-01
1.94000e+00 4.87830e-01
1.94400e+00 4.89527e-01
1.94800e+00 4.93638e-01
1.95200e+00 4.99428e-01
1.95600e+00 5.02233e-01
1.96000e+00 5.02509e-01
1.96400e+00 5.02512e-01
1.96800e+00 5.02512e-01
1.97200e+00 5.02512e-01
1.97600e+00 5.02512e-01
1.98000e+00 5.02512e-01
1.98400e+00 5.02512e-01
1.98800e+00 5.02512e-01
1.99200e+00 5.02513e-01
1.99600e+00 5.02513e-01
