0.00000e+00 5.58745e-01
4.00000e-03 5.58745e-01
8.00000e-03 5.58745e-01
1.20000e-02 5.58746e-01
1.60000e-02 5.58760e-01
2.00000e-02 5.58912e-01
2.40000e-02 5.60011e-01
2.80000e-02 5.65000e-01
3.20000e-02 5.75921e-01
3.60000e-02 5.83135e-01
4.00000e-02 5.83982e-01
4.40000e-02 5.83981e-01
4.80000e-02 5.83852e-01
5.20000e-02 5.82812e-01
5.60000e-02 5.77668e-01
6.00000e-02 5.66115e-01
6.40000e-02 5.57988e-01
6.80000e-02 5.55784e-01
7.20000e-02 5.54189e-01
7.60000e-02 5.49234e-01
8.00000e-02 5.33854e-01
8.40000e-02 5.10514e-01
8.80000e-02 4.90173e-01
9.20000e-02 4.70179e-01
9.60000e-02 4.51672e-01
1.00000e-01 4.45475e-01
1.04000e-01 4.45267e-01
1.08000e-01 4.45807e-01
1.12000e-01 4.48577e-01
1.16000e-01 4.56367e-01
1.20000e-01 4.70318e-01
1.24000e-01 4.81928e-01
1.28000e-01 4.84524e-01
1.32000e-01 4.84584e-01
1.36000e-01 4.84488e-01
1.40000e-01 4.83916e-01
1.44000e-01 4.82055e-01
1.48000e-01 4.77631e-01
1.52000e-01 4.68955e-01
1.56000e-01 4.56666e-01
1.60000e-01 4.48802e-01
1.64000e-01 4.47521e-01
1.68000e-01 4.47512e-01
1.72000e-01 4.47634e-01
1.76000e-01 4.48276e-01
1.80000e-01 4.50490e-01
1.84000e-01 4.56730e-01
1.88000e-01 4.70408e-01
1.92000e-01 4.84943e-01
1.96000e-01 4.87898e-01
2.00000e-01 4.86652e-01
2.04000e-01 4.75439e-01
2.08000e-01 4.46372e-01
2.12000e-01 4.29332e-01
2.16000e-01 4.28100e-01
2.20000e-01 4.28665e-01
2.24000e-01 4.31489e-01
2.28000e-01 4.37967e-01
2.32000e-01 4.47722e-01
2.36000e-01 4.58885e-01
2.40000e-01 4.69607e-01
2.44000e-01 4.79052e-01
2.48000e-01 4.87319e-01
2.52000e-01 4.94972e-01
2.56000e-01 5.02823e-01
2.60000e-01 5.12139e-01
2.64000e-01 5.25211e-01
2.68000e-01 5.44897e-01
2.72000e-01 5.66607e-01
2.76000e-01 5.75911e-01
2.80000e-01 5.76743e-01
2.84000e-01 5.76752e-01
2.88000e-01 5.76752e-01
2.92000e-01 5.76752e-01
2.96000e-01 5.76751e-01
3.00000e-01 5.76747e-01
3.04000e-01 5.76733e-01
3.08000e-01 5.76686e-01
3.12000e-01 5.76501e-01
3.16000e-01 5.75578e-01
3.20000e-01 5.70867e-01
3.24000e-01 5.56055e-01
3.28000e-01 5.40302e-01
3.32000e-01 5.36414e-01
3.36000e-01 5.35819e-01
3.40000e-01 5.34623e-01
3.44000e-01 5.25965e-01
3.48000e-01 4.88773e-01
3.52000e-01 4.47365e-01
3.56000e-01 4.39945e-01
3.60000e-01 4.40212e-01
3.64000e-01 4.42815e-01
3.68000e-01 4.50950e-01
3.72000e-01 4.65105e-01
3.76000e-01 4.76062e-01
3.80000e-01 4.78416e-01
3.84000e-01 4.78517e-01
3.88000e-01 4.78529e-01
3.92000e-01 4.78553e-01
3.96000e-01 4.78649e-01
4.00000e-01 4.79039e-01
4.04000e-01 4.80502e-01
4.08000e-01 4.84852e-01
4.12000e-01 4.91310e-01
4.16000e-01 4.93480e-01
4.20000e-01 4.93262e-01
4.24000e-01 4.90269e-01
4.28000e-01 4.77861e-01
4.32000e-01 4.61320e-01
4.36000e-01 4.56851e-01
4.40000e-01 4.56855e-01
4.44000e-01 4.57845e-01
4.48000e-01 4.61883e-01
4.52000e-01 4.71517e-01
4.56000e-01 4.83788e-01
4.60000e-01 4.89150e-01
4.64000e-01 4.89630e-01
4.68000e-01 4.89637e-01
4.72000e-01 4.89638e-01
4.76000e-01 4.89641e-01
4.80000e-01 4.89653e-01
4.84000e-01 4.89689e-01
4.88000e-01 4.89791e-01
4.92000e-01 4.90048e-01
4.96000e-01 4.90651e-01
5.00000e-01 4.92039e-01
5.04000e-01 4.95283e-01
5.08000e-01 5.02793e-01
5.12000e-01 5.16533e-01
5.16000e-01 5.27995e-01
5.20000e-01 5.29992e-01
5.24000e-01 5.29737e-01
5.28000e-01 5.26469e-01
5.32000e-01 5.10880e-01
5.36000e-01 4.86014e-01
5.40000e-01 4.77176e-01
5.44000e-01 4.76738e-01
5.48000e-01 4.76751e-01
5.52000e-01 4.76855e-01
5.56000e-01 4.77219e-01
5.60000e-01 4.78089e-01
5.64000e-01 4.79775e-01
5.68000e-01 4.82753e-01
5.72000e-01 4.88026e-01
5.76000e-01 4.97524e-01
5.80000e-01 5.11942e-01
5.84000e-01 5.23399e-01
5.88000e-01 5.26061e-01
5.92000e-01 5.26189e-01
5.96000e-01 5.26209e-01
6.00000e-01 5.26240e-01
6.04000e-01 5.26260e-01
6.08000e-01 5.26253e-01
6.12000e-01 5.26120e-01
6.16000e-01 5.24798e-01
6.20000e-01 5.15200e-01
6.24000e-01 4.81720e-01
6.28000e-01 4.50877e-01
6.32000e-01 4.46232e-01
6.36000e-01 4.46421e-01
6.40000e-01 4.48110e-01
6.44000e-01 4.53085e-01
6.48000e-01 4.60863e-01
6.52000e-01 4.66942e-01
6.56000e-01 4.69300e-01
6.60000e-01 4.70188e-01
6.64000e-01 4.71003e-01
6.68000e-01 4.72564e-01
6.72000e-01 4.76463e-01
6.76000e-01 4.85697e-01
6.80000e-01 4.98450e-01
6.84000e-01 5.02984e-01
6.88000e-01 5.02699e-01
6.92000e-01 4.97404e-01
6.96000e-01 4.74269e-01
7.00000e-01 4.46525e-01
7.04000e-01 4.40569e-01
7.08000e-01 4.40658e-01
7.12000e-01 4.42012e-01
7.16000e-01 4.44952e-01
7.20000e-01 4.46655e-01
7.24000e-01 4.46843e-01
7.28000e-01 4.46849e-01
7.32000e-01 4.46852e-01
7.36000e-01 4.46860e-01
7.40000e-01 4.46886e-01
7.44000e-01 4.46955e-01
7.48000e-01 4.47115e-01
7.52000e-01 4.47444e-01
7.56000e-01 4.48057e-01
7.60000e-01 4.49106e-01
7.64000e-01 4.50782e-01
7.68000e-01 4.53314e-01
7.72000e-01 4.56869e-01
7.76000e-01 4.61048e-01
7.80000e-01 4.64403e-01
7.84000e-01 4.65961e-01
7.88000e-01 4.66482e-01
7.92000e-01 4.66751e-01
7.96000e-01 4.67033e-01
8.00000e-01 4.67468e-01
8.04000e-01 4.68190e-01
8.08000e-01 4.69333e-01
8.12000e-01 4.71004e-01
8.16000e-01 4.73248e-01
8.20000e-01 4.76017e-01
8.24000e-01 4.79154e-01
8.28000e-01 4.82383e-01
8.32000e-01 4.85372e-01
8.36000e-01 4.87875e-01
8.40000e-01 4.89862e-01
8.44000e-01 4.91483e-01
8.48000e-01 4.92952e-01
8.52000e-01 4.94501e-01
8.56000e-01 4.96455e-01
8.60000e-01 4.99486e-01
8.64000e-01 5.05202e-01
8.68000e-01 5.16503e-01
8.72000e-01 5.31578e-01
8.76000e-01 5.38125e-01
8.80000e-01 5.38353e-01
8.84000e-01 5.36690e-01
8.88000e-01 5.23414e-01
8.92000e-01 4.87015e-01
8.96000e-01 4.64035e-01
9.00000e-01 4.61929e-01
9.04000e-01 4.62097e-01
9.08000e-01 4.63310e-01
9.12000e-01 4.67160e-01
9.16000e-01 4.75816e-01
9.20000e-01 4.90709e-01
9.24000e-01 5.05454e-01
9.28000e-01 5.10349e-01
9.32000e-01 5.10659e-01
9.36000e-01 5.10661e-01
9.40000e-01 5.10661e-01
9.44000e-01 5.10661e-01
9.48000e-01 5.10661e-01
9.52000e-01 5.10661e-01
9.56000e-01 5.10660e-01
9.60000e-01 5.10657e-01
9.64000e-01 5.10638e-01
9.68000e-01 5.10507e-01
9.72000e-01 5.09656e-01
9.76000e-01 5.04855e-01
9.80000e-01 4.88048e-01
9.84000e-01 4.66797e-01
9.88000e-01 4.60769e-01
9.92000e-01 4.60555e-01
9.96000e-01 4.60599e-01
1.00000e+00 4.60873e-01
1.00400e+00 4.61724e-01
1.00800e+00 4.63570e-01
1.01200e+00 4.66648e-01
1.01600e+00 4.70728e-01
1.02000e+00 4.75297e-01
1.02400e+00 4.80263e-01
1.02800e+00 4.86484e-01
1.03200e+00 4.95575e-01
1.03600e+00 5.06796e-01
1.04000e+00 5.13193e-01
1.04400e+00 5.14094e-01
1.04800e+00 5.14107e-01
1.05200e+00 5.14089e-01
1.05600e+00 5.13945e-01
1.06000e+00 5.13167e-01
1.06400e+00 5.09958e-01
1.06800e+00 5.00889e-01
1.07200e+00 4.85488e-01
1.07600e+00 4.68670e-01
1.08000e+00 4.54300e-01
1.08400e+00 4.46316e-01
1.08800e+00 4.44730e-01
1.09200e+00 4.44687e-01
1.09600e+00 4.44731e-01
1.10000e+00 4.45005e-01
1.10400e+00 4.45909e-01
1.10800e+00 4.47844e-01
1.11200e+00 4.50240e-01
1.11600e+00 4.51671e-01
1.12000e+00 4.52157e-01
1.12400e+00 4.52403e-01
1.12800e+00 4.52712e-01
1.13200e+00 4.53318e-01
1.13600e+00 4.54605e-01
1.14000e+00 4.57289e-01
1.14400e+00 4.62508e-01
1.14800e+00 4.70114e-01
1.15200e+00 4.75369e-01
1.15600e+00 4.76397e-01
1.16000e+00 4.76447e-01
1.16400e+00 4.76459e-01
1.16800e+00 4.76479e-01
1.17200e+00 4.76537e-01
1.17600e+00 4.76690e-01
1.18000e+00 4.77036e-01
1.18400e+00 4.77729e-01
1.18800e+00 4.79021e-01
1.19200e+00 4.81418e-01
1.19600e+00 4.86042e-01
1.20000e+00 4.94854e-01
1.20400e+00 5.07558e-01
1.20800e+00 5.15779e-01
1.21200e+00 5.17115e-01
1.21600e+00 5.17145e-01
1.22000e+00 5.17145e-01
1.22400e+00 5.17145e-01
1.22800e+00 5.17145e-01
1.23200e+00 5.17145e-01
1.23600e+00 5.17140e-01
1.24000e+00 5.17097e-01
1.24400e+00 5.16759e-01
1.24800e+00 5.14236e-01
1.25200e+00 5.00446e-01
1.25600e+00 4.67903e-01
1.26000e+00 4.48475e-01
1.26400e+00 4.46554e-01
1.26800e+00 4.46557e-01
1.27200e+00 4.46699e-01
1.27600e+00 4.47238e-01
1.28000e+00 4.48452e-01
1.28400e+00 4.50165e-01
1.28800e+00 4.51514e-01
1.29200e+00 4.52127e-01
1.29600e+00 4.52409e-01
1.30000e+00 4.52669e-01
1.30400e+00 4.53101e-01
1.30800e+00 4.54019e-01
1.31200e+00 4.56099e-01
1.31600e+00 4.60524e-01
1.32000e+00 4.67278e-01
1.32400e+00 4.71840e-01
1.32800e+00 4.72634e-01
1.33200e+00 4.72656e-01
1.33600e+00 4.72657e-01
1.34000e+00 4.72659e-01
1.34400e+00 4.72663e-01
1.34800e+00 4.72678e-01
1.35200e+00 4.72720e-01
1.35600e+00 4.72824e-01
1.36000e+00 4.73049e-01
1.36400e+00 4.73477e-01
1.36800e+00 4.74226e-01
1.37200e+00 4.75535e-01
1.37600e+00 4.77979e-01
1.38000e+00 4.82454e-01
1.38400e+00 4.88062e-01
1.38800e+00 4.90832e-01
1.39200e+00 4.91153e-01
1.39600e+00 4.91164e-01
1.40000e+00 4.91169e-01
1.40400e+00 4.91179e-01
1.40800e+00 4.91212e-01
1.41200e+00 4.91301e-01
1.41600e+00 4.91499e-01
1.42000e+00 4.91863e-01
1.42400e+00 4.92408e-01
1.42800e+00 4.93144e-01
1.43200e+00 4.94238e-01
1.43600e+00 4.96397e-01
1.44000e+00 5.01680e-01
1.44400e+00 5.12123e-01
1.44800e+00 5.19780e-01
1.45200e+00 5.20352e-01
1.45600e+00 5.18199e-01
1.46000e+00 5.02972e-01
1.46400e+00 4.70591e-01
1.46800e+00 4.55714e-01
1.47200e+00 4.54919e-01
1.47600e+00 4.55324e-01
1.48000e+00 4.57593e-01
1.48400e+00 4.64102e-01
1.48800e+00 4.76182e-01
1.49200e+00 4.87260e-01
1.49600e+00 4.90280e-01
1.50000e+00 4.90423e-01
1.50400e+00 4.90423e-01
1.50800e+00 4.90423e-01
1.51200e+00 4.90423e-01
1.51600e+00 4.90423e-01
1.52000e+00 4.90423e-01
1.52400e+00 4.90423e-01
1.52800e+00 4.90423e-01
1.53200e+00 4.90424e-01
1.53600e+00 4.90424e-01
1.54000e+00 4.90425e-01
1.54400e+00 4.90426e-01
1.54800e+00 4.90431e-01
1.55200e+00 4.90443e-01
1.55600e+00 4.90468e-01
1.56000e+00 4.90522e-01
1.56400e+00 4.90628e-01
1.56800e+00 4.90829e-01
1.57200e+00 4.91197e-01
1.57600e+00 4.91874e-01
1.58000e+00 4.93172e-01
1.58400e+00 4.95842e-01
1.58800e+00 5.01565e-01
1.59200e+00 5.12424e-01
1.59600e+00 5.24453e-01
1.60000e+00 5.28763e-01
1.60400e+00 5.29026e-01
1.60800e+00 5.29011e-01
1.61200e+00 5.28820e-01
1.61600e+00 5.27598e-01
1.62000e+00 5.22340e-01
1.62400e+00 5.11461e-01
1.62800e+00 5.05074e-01
1.63200e+00 5.04485e-01
1.63600e+00 5.04558e-01
1.64000e+00 5.05190e-01
1.64400e+00 5.07587e-01
1.64800e+00 5.11893e-01
1.65200e+00 5.14252e-01
1.65600e+00 5.14451e-01
1.66000e+00 5.14390e-01
1.66400e+00 5.13758e-01
1.66800e+00 5.10100e-01
1.67200e+00 4.97828e-01
1.67600e+00 4.82942e-01
1.68000e+00 4.79084e-01
1.68400e+00 4.79044e-01
1.68800e+00 4.79563e-01
1.69200e+00 4.82063e-01
1.69600e+00 4.88008e-01
1.70000e+00 4.93192e-01
1.70400e+00 4.94043e-01
1.70800e+00 4.93922e-01
1.71200e+00 4.92673e-01
1.71600e+00 4.87277e-01
1.72000e+00 4.77225e-01
1.72400e+00 4.71899e-01
1.72800e+00 4.71407e-01
1.73200e+00 4.71412e-01
1.73600e+00 4.71493e-01
1.74000e+00 4.71805e-01
1.74400e+00 4.72466e-01
1.74800e+00 4.73165e-01
1.75200e+00 4.73512e-01
1.75600e+00 4.73657e-01
1.76000e+00 4.73797e-01
1.76400e+00 4.74092e-01
1.76800e+00 4.74884e-01
1.77200e+00 4.77013e-01
1.77600e+00 4.82144e-01
1.78000e+00 4.90900e-01
1.78400e+00 4.97484e-01
1.78800e+00 4.98717e-01
1.79200e+00 4.98740e-01
1.79600e+00 4.98701e-01
1.80000e+00 4.98408e-01
1.80400e+00 4.97031e-01
1.80800e+00 4.92648e-01
1.81200e+00 4.85958e-01
1.81600e+00 4.82811e-01
1.82000e+00 4.82422e-01
1.82400e+00 4.82330e-01
1.82800e+00 4.82152e-01
1.83200e+00 4.81489e-01
1.83600e+00 4.79472e-01
1.84000e+00 4.76370e-01
1.84400e+00 4.74944e-01
1.84800e+00 4.74838e-01
1.85200e+00 4.74851e-01
1.85600e+00 4.74963e-01
1.86000e+00 4.75447e-01
1.86400e+00 4.77021e-01
1.86800e+00 4.80718e-01
1.87200e+00 4.85188e-01
1.87600e+00 4.86858e-01
1.88000e+00 4.86973e-01
1.88400e+00 4.86974e-01
1.88800e+00 4.86974e-01
1.89200e+00 4.86974e-01
1.89600e+00 4.86974e-01
1.90000e+00 4.86974e-01
1.90400e+00 4.86974e-01
1.90800e+00 4.86974e-01
1.91200e+00 4.86974e-01
1.91600e+00 4.86974e-01
1.92000e+00 4.86974e-01
1.92400e+00 4.86974e-01
1.92800e+00 4.86974e-01
1.93200e+00 4.86974e-01
1.93600e+00 4.86974e-01
1.94000e+00 4.86975e-01
1.94400e+00 4.86977e-01
1.94800e+00 4.86982e-01
1.95200e+00 4.86999e-01
1.95600e+00 4.87050e-01
1.96000e+00 4.87211e-01
1.96400e+00 4.87706e-01
1.96800e+00 4.89177e-01
1.97200e+00 4.92891e-01
1.97600e+00 4.98704e-01
1.98000e+00 5.02078e-01
1.98400e+00 5.02505e-01
1.98800e+00 5.02512e-01
1.99200e+00 5.02512e-01
1.99600e+00 5.02512e-01
