0.00000e+00 5.61557e-01
4.00000e-03 5.61557e-01
8.00000e-03 5.61557e-01
1.20000e-02 5.61557e-01
1.60000e-02 5.61556e-01
2.00000e-02 5.61537e-01
2.40000e-02 5.61388e-01
2.80000e-02 5.60701e-01
3.20000e-02 5.59405e-01
3.60000e-02 5.58805e-01
4.00000e-02 5.58772e-01
4.40000e-02 5.58796e-01
4.80000e-02 5.59010e-01
5.20000e-02 5.60144e-01
5.60000e-02 5.64512e-01
6.00000e-02 5.74407e-01
6.40000e-02 5.82521e-01
6.80000e-02 5.83905e-01
7.20000e-02 5.83920e-01
7.60000e-02 5.83821e-01
8.00000e-02 5.83001e-01
8.40000e-02 5.78952e-01
8.80000e-02 5.68851e-01
9.20000e-02 5.59355e-01
9.60000e-02 5.55287e-01
1.00000e-01 5.52360e-01
1.04000e-01 5.46090e-01
1.08000e-01 5.28400e-01
1.12000e-01 4.91985e-01
1.16000e-01 4.56587e-01
1.20000e-01 4.46135e-01
1.24000e-01 4.45630e-01
1.28000e-01 4.45763e-01
1.32000e-01 4.46725e-01
1.36000e-01 4.50201e-01
1.40000e-01 4.58843e-01
1.44000e-01 4.72814e-01
1.48000e-01 4.82716e-01
1.52000e-01 4.84470e-01
1.56000e-01 4.84497e-01
1.60000e-01 4.84423e-01
1.64000e-01 4.83995e-01
1.68000e-01 4.82423e-01
1.72000e-01 4.77490e-01
1.76000e-01 4.65688e-01
1.80000e-01 4.52154e-01
1.84000e-01 4.47795e-01
1.88000e-01 4.47580e-01
1.92000e-01 4.47612e-01
1.96000e-01 4.47855e-01
2.00000e-01 4.48828e-01
2.04000e-01 4.51844e-01
2.08000e-01 4.59803e-01
2.12000e-01 4.74489e-01
2.16000e-01 4.84532e-01
2.20000e-01 4.85213e-01
2.24000e-01 4.82543e-01
2.28000e-01 4.66525e-01
2.32000e-01 4.39070e-01
2.36000e-01 4.29406e-01
2.40000e-01 4.29182e-01
2.44000e-01 4.30065e-01
2.48000e-01 4.33486e-01
2.52000e-01 4.40453e-01
2.56000e-01 4.50275e-01
2.60000e-01 4.61062e-01
2.64000e-01 4.71149e-01
2.68000e-01 4.79859e-01
2.72000e-01 4.87334e-01
2.76000e-01 4.94067e-01
2.80000e-01 5.00664e-01
2.84000e-01 5.07921e-01
2.88000e-01 5.17228e-01
2.92000e-01 5.31173e-01
2.96000e-01 5.51890e-01
3.00000e-01 5.70862e-01
3.04000e-01 5.76460e-01
3.08000e-01 5.76750e-01
3.12000e-01 5.76752e-01
3.16000e-01 5.76752e-01
3.20000e-01 5.76752e-01
3.24000e-01 5.76751e-01
3.28000e-01 5.76749e-01
3.32000e-01 5.76742e-01
3.36000e-01 5.76712e-01
3.40000e-01 5.76547e-01
3.44000e-01 5.75519e-01
3.48000e-01 5.70052e-01
3.52000e-01 5.54605e-01
3.56000e-01 5.40472e-01
3.60000e-01 5.36363e-01
3.64000e-01 5.33839e-01
3.68000e-01 5.23847e-01
3.72000e-01 4.86203e-01
3.76000e-01 4.47762e-01
3.80000e-01 4.41587e-01
3.84000e-01 4.41949e-01
3.88000e-01 4.44922e-01
3.92000e-01 4.53821e-01
3.96000e-01 4.67989e-01
4.00000e-01 4.77044e-01
4.04000e-01 4.78486e-01
4.08000e-01 4.78534e-01
4.12000e-01 4.78545e-01
4.16000e-01 4.78570e-01
4.20000e-01 4.78677e-01
4.24000e-01 4.79114e-01
4.28000e-01 4.80731e-01
4.32000e-01 4.85262e-01
4.36000e-01 4.91010e-01
4.40000e-01 4.92440e-01
4.44000e-01 4.92108e-01
4.48000e-01 4.88654e-01
4.52000e-01 4.75845e-01
4.56000e-01 4.60895e-01
4.60000e-01 4.57507e-01
4.64000e-01 4.57567e-01
4.68000e-01 4.58630e-01
4.72000e-01 4.62773e-01
4.76000e-01 4.72433e-01
4.80000e-01 4.84322e-01
4.84000e-01 4.89229e-01
4.88000e-01 4.89634e-01
4.92000e-01 4.89639e-01
4.96000e-01 4.89640e-01
5.00000e-01 4.89642e-01
5.04000e-01 4.89651e-01
5.08000e-01 4.89678e-01
5.12000e-01 4.89755e-01
5.16000e-01 4.89952e-01
5.20000e-01 4.90418e-01
5.24000e-01 4.91491e-01
5.28000e-01 4.94004e-01
5.32000e-01 4.99946e-01
5.36000e-01 5.12038e-01
5.40000e-01 5.25271e-01
5.44000e-01 5.29061e-01
5.48000e-01 5.29026e-01
5.52000e-01 5.27126e-01
5.56000e-01 5.15878e-01
5.60000e-01 4.91269e-01
5.64000e-01 4.77957e-01
5.68000e-01 4.76793e-01
5.72000e-01 4.76793e-01
5.76000e-01 4.76865e-01
5.80000e-01 4.77151e-01
5.84000e-01 4.77887e-01
5.88000e-01 4.79363e-01
5.92000e-01 4.81987e-01
5.96000e-01 4.86577e-01
6.00000e-01 4.94831e-01
6.04000e-01 5.08288e-01
6.08000e-01 5.21494e-01
6.12000e-01 5.25892e-01
6.16000e-01 5.26220e-01
6.20000e-01 5.26243e-01
6.24000e-01 5.26247e-01
6.28000e-01 5.26247e-01
6.32000e-01 5.26233e-01
6.36000e-01 5.26071e-01
6.40000e-01 5.24595e-01
6.44000e-01 5.14293e-01
6.48000e-01 4.80318e-01
6.52000e-01 4.51200e-01
6.56000e-01 4.47217e-01
6.60000e-01 4.47435e-01
6.64000e-01 4.49198e-01
6.68000e-01 4.54308e-01
6.72000e-01 4.62125e-01
6.76000e-01 4.67877e-01
6.80000e-01 4.69885e-01
6.84000e-01 4.70607e-01
6.88000e-01 4.71325e-01
6.92000e-01 4.72837e-01
6.96000e-01 4.76849e-01
7.00000e-01 4.86321e-01
7.04000e-01 4.97944e-01
7.08000e-01 5.01071e-01
7.12000e-01 5.00497e-01
7.16000e-01 4.93697e-01
7.20000e-01 4.68943e-01
7.24000e-01 4.45282e-01
7.28000e-01 4.41501e-01
7.32000e-01 4.41677e-01
7.36000e-01 4.43059e-01
7.40000e-01 4.45583e-01
7.44000e-01 4.46752e-01
7.48000e-01 4.46850e-01
7.52000e-01 4.46854e-01
7.56000e-01 4.46857e-01
7.60000e-01 4.46869e-01
7.64000e-01 4.46903e-01
7.68000e-01 4.46992e-01
7.72000e-01 4.47190e-01
7.76000e-01 4.47583e-01
7.80000e-01 4.48292e-01
7.84000e-01 4.49474e-01
7.88000e-01 4.51336e-01
7.92000e-01 4.54144e-01
7.96000e-01 4.58061e-01
8.00000e-01 4.62400e-01
8.04000e-01 4.65347e-01
8.08000e-01 4.66394e-01
8.12000e-01 4.66696e-01
8.16000e-01 4.66879e-01
8.20000e-01 4.67114e-01
8.24000e-01 4.67517e-01
8.28000e-01 4.68219e-01
8.32000e-01 4.69349e-01
8.36000e-01 4.71013e-01
8.40000e-01 4.73252e-01
8.44000e-01 4.76020e-01
8.48000e-01 4.79167e-01
8.52000e-01 4.82426e-01
8.56000e-01 4.85453e-01
8.60000e-01 4.87975e-01
8.64000e-01 4.89938e-01
8.68000e-01 4.91486e-01
8.72000e-01 4.92833e-01
8.76000e-01 4.94192e-01
8.80000e-01 4.95827e-01
8.84000e-01 4.98239e-01
8.88000e-01 5.02649e-01
8.92000e-01 5.11730e-01
8.96000e-01 5.26544e-01
9.00000e-01 5.36236e-01
9.04000e-01 5.37176e-01
9.08000e-01 5.36193e-01
9.12000e-01 5.26538e-01
9.16000e-01 4.93720e-01
9.20000e-01 4.66239e-01
9.24000e-01 4.62526e-01
9.28000e-01 4.62619e-01
9.32000e-01 4.63606e-01
9.36000e-01 4.67025e-01
9.40000e-01 4.75078e-01
9.44000e-01 4.89483e-01
9.48000e-01 5.04677e-01
9.52000e-01 5.10252e-01
9.56000e-01 5.10658e-01
9.60000e-01 5.10661e-01
9.64000e-01 5.10661e-01
9.68000e-01 5.10661e-01
9.72000e-01 5.10661e-01
9.76000e-01 5.10661e-01
9.80000e-01 5.10660e-01
9.84000e-01 5.10657e-01
9.88000e-01 5.10638e-01
9.92000e-01 5.10505e-01
9.96000e-01 5.09641e-01
1.00000e+00 5.04777e-01
1.00400e+00 4.87871e-01
1.00800e+00 4.66747e-01
1.01200e+00 4.60848e-01
1.01600e+00 4.60644e-01
1.02000e+00 4.60689e-01
1.02400e+00 4.60965e-01
1.02800e+00 4.61819e-01
1.03200e+00 4.63660e-01
1.03600e+00 4.66703e-01
1.04000e+00 4.70696e-01
1.04400e+00 4.75124e-01
1.04800e+00 4.79909e-01
1.05200e+00 4.85900e-01
1.05600e+00 4.94744e-01
1.06000e+00 5.06053e-01
1.06400e+00 5.12982e-01
1.06800e+00 5.14072e-01
1.07200e+00 5.14092e-01
1.07600e+00 5.14082e-01
1.08000e+00 5.13995e-01
1.08400e+00 5.13539e-01
1.08800e+00 5.11659e-01
1.09200e+00 5.05311e-01
1.09600e+00 4.88729e-01
1.10000e+00 4.62860e-01
1.10400e+00 4.47166e-01
1.10800e+00 4.44769e-01
1.11200e+00 4.44719e-01
1.11600e+00 4.44735e-01
1.12000e+00 4.44847e-01
1.12400e+00 4.45283e-01
1.12800e+00 4.46472e-01
1.13200e+00 4.48671e-01
1.13600e+00 4.50936e-01
1.14000e+00 4.52027e-01
1.14400e+00 4.52370e-01
1.14800e+00 4.52582e-01
1.15200e+00 4.52899e-01
1.15600e+00 4.53564e-01
1.16000e+00 4.55026e-01
1.16400e+00 4.58156e-01
1.16800e+00 4.64157e-01
1.17200e+00 4.71885e-01
1.17600e+00 4.75927e-01
1.18000e+00 4.76443e-01
1.18400e+00 4.76462e-01
1.18800e+00 4.76469e-01
1.19200e+00 4.76486e-01
1.19600e+00 4.76536e-01
1.20000e+00 4.76670e-01
1.20400e+00 4.76977e-01
1.20800e+00 4.77599e-01
1.21200e+00 4.78763e-01
1.21600e+00 4.80913e-01
1.22000e+00 4.85030e-01
1.22400e+00 4.92984e-01
1.22800e+00 5.05400e-01
1.23200e+00 5.15016e-01
1.23600e+00 5.17076e-01
1.24000e+00 5.17145e-01
1.24400e+00 5.17145e-01
1.24800e+00 5.17145e-01
1.25200e+00 5.17145e-01
1.25600e+00 5.17145e-01
1.26000e+00 5.17139e-01
1.26400e+00 5.17090e-01
1.26800e+00 5.16699e-01
1.27200e+00 5.13824e-01
1.27600e+00 4.98698e-01
1.28000e+00 4.65761e-01
1.28400e+00 4.48154e-01
1.28800e+00 4.46656e-01
1.29200e+00 4.46670e-01
1.29600e+00 4.46857e-01
1.30000e+00 4.47521e-01
1.30400e+00 4.48933e-01
1.30800e+00 4.50719e-01
1.31200e+00 4.51894e-01
1.31600e+00 4.52349e-01
1.32000e+00 4.52574e-01
1.32400e+00 4.52827e-01
1.32800e+00 4.53311e-01
1.33200e+00 4.54413e-01
1.33600e+00 4.56963e-01
1.34000e+00 4.62166e-01
1.34400e+00 4.68933e-01
1.34800e+00 4.72281e-01
1.35200e+00 4.72652e-01
1.35600e+00 4.72658e-01
1.36000e+00 4.72658e-01
1.36400e+00 4.72660e-01
1.36800e+00 4.72664e-01
1.37200e+00 4.72679e-01
1.37600e+00 4.72719e-01
1.38000e+00 4.72818e-01
1.38400e+00 4.73028e-01
1.38800e+00 4.73426e-01
1.39200e+00 4.74134e-01
1.39600e+00 4.75426e-01
1.40000e+00 4.77962e-01
1.40400e+00 4.82698e-01
1.40800e+00 4.88396e-01
1.41200e+00 4.90919e-01
1.41600e+00 4.91163e-01
1.42000e+00 4.91169e-01
1.42400e+00 4.91172e-01
1.42800e+00 4.91179e-01
1.43200e+00 4.91203e-01
1.43600e+00 4.91269e-01
1.44000e+00 4.91424e-01
1.44400e+00 4.91723e-01
1.44800e+00 4.92193e-01
1.45200e+00 4.92843e-01
1.45600e+00 4.93814e-01
1.46000e+00 4.95730e-01
1.46400e+00 5.00473e-01
1.46800e+00 5.10178e-01
1.47200e+00 5.17779e-01
1.47600e+00 5.18447e-01
1.48000e+00 5.16599e-01
1.48400e+00 5.02970e-01
1.48800e+00 4.72120e-01
1.49200e+00 4.56614e-01
1.49600e+00 4.55660e-01
1.50000e+00 4.56057e-01
1.50400e+00 4.58361e-01
1.50800e+00 4.65058e-01
1.51200e+00 4.77267e-01
1.51600e+00 4.87763e-01
1.52000e+00 4.90320e-01
1.52400e+00 4.90423e-01
1.52800e+00 4.90423e-01
1.53200e+00 4.90423e-01
1.53600e+00 4.90423e-01
1.54000e+00 4.90423e-01
1.54400e+00 4.90423e-01
1.54800e+00 4.90423e-01
1.55200e+00 4.90423e-01
1.55600e+00 4.90423e-01
1.56000e+00 4.90424e-01
1.56400e+00 4.90424e-01
1.56800e+00 4.90426e-01
1.57200e+00 4.90430e-01
1.57600e+00 4.90439e-01
1.58000e+00 4.90459e-01
1.58400e+00 4.90502e-01
1.58800e+00 4.90589e-01
1.59200e+00 4.90754e-01
1.59600e+00 4.91058e-01
1.60000e+00 4.91612e-01
1.60400e+00 4.92655e-01
1.60800e+00 4.94748e-01
1.61200e+00 4.99215e-01
1.61600e+00 5.08316e-01
1.62000e+00 5.21082e-01
1.62400e+00 5.28134e-01
1.62800e+00 5.28972e-01
1.63200e+00 5.28975e-01
1.63600e+00 5.28890e-01
1.64000e+00 5.28264e-01
1.64400e+00 5.25095e-01
1.64800e+00 5.15903e-01
1.65200e+00 5.06631e-01
1.65600e+00 5.04721e-01
1.66000e+00 5.04716e-01
1.66400e+00 5.05032e-01
1.66800e+00 5.06578e-01
1.67200e+00 5.10370e-01
1.67600e+00 5.13721e-01
1.68000e+00 5.14310e-01
1.68400e+00 5.14279e-01
1.68800e+00 5.13811e-01
1.69200e+00 5.10857e-01
1.69600e+00 4.99964e-01
1.70000e+00 4.84548e-01
1.70400e+00 4.79577e-01
1.70800e+00 4.79452e-01
1.71200e+00 4.79867e-01
1.71600e+00 4.82066e-01
1.72000e+00 4.87587e-01
1.72400e+00 4.92725e-01
1.72800e+00 4.93652e-01
1.73200e+00 4.93544e-01
1.73600e+00 4.92365e-01
1.74000e+00 4.87199e-01
1.74400e+00 4.77361e-01
1.74800e+00 4.71973e-01
1.75200e+00 4.71450e-01
1.75600e+00 4.71455e-01
1.76000e+00 4.71528e-01
1.76400e+00 4.71819e-01
1.76800e+00 4.72457e-01
1.77200e+00 4.73174e-01
1.77600e+00 4.73554e-01
1.78000e+00 4.73712e-01
1.78400e+00 4.73854e-01
1.78800e+00 4.74140e-01
1.79200e+00 4.74901e-01
1.79600e+00 4.76945e-01
1.80000e+00 4.81905e-01
1.80400e+00 4.90546e-01
1.80800e+00 4.97319e-01
1.81200e+00 4.98674e-01
1.81600e+00 4.98703e-01
1.82000e+00 4.98672e-01
1.82400e+00 4.98426e-01
1.82800e+00 4.97241e-01
1.83200e+00 4.93288e-01
1.83600e+00 4.86595e-01
1.84000e+00 4.82895e-01
1.84400e+00 4.82347e-01
1.84800e+00 4.82231e-01
1.85200e+00 4.82033e-01
1.85600e+00 4.81327e-01
1.86000e+00 4.79245e-01
1.86400e+00 4.76224e-01
1.86800e+00 4.74954e-01
1.87200e+00 4.74873e-01
1.87600e+00 4.74887e-01
1.88000e+00 4.75003e-01
1.88400e+00 4.75500e-01
1.88800e+00 4.77100e-01
1.89200e+00 4.80824e-01
1.89600e+00 4.85252e-01
1.90000e+00 4.86866e-01
1.90400e+00 4.86973e-01
1.90800e+00 4.86974e-01
1.91200e+00 4.86974e-01
1.91600e+00 4.86974e-01
1.92000e+00 4.86974e-01
1.92400e+00 4.86974e-01
1.92800e+00 4.86974e-01
1.93200e+00 4.86974e-01
1.93600e+00 4.86974e-01
1.94000e+00 4.86974e-01
1.94400e+00 4.86974e-01
1.94800e+00 4.86974e-01
1.95200e+00 4.86974e-01
1.95600e+00 4.86974e-01
1.96000e+00 4.86974e-01
1.96400e+00 4.86975e-01
1.96800e+00 4.86976e-01
1.97200e+00 4.86981e-01
1.97600e+00 4.86995e-01
1.98000e+00 4.87039e-01
1.98400e+00 4.87179e-01
1.98800e+00 4.87553e-01
1.99200e+00 4.90496e-01
1.99600e+00 4.90778e-01
