0.00000e+00 5.68009e-01
4.00000e-03 5.68009e-01
8.00000e-03 5.68009e-01
1.20000e-02 5.68009e-01
1.60000e-02 5.68006e-01
2.00000e-02 5.67969e-01
2.40000e-02 5.67668e-01
2.80000e-02 5.66200e-01
3.20000e-02 5.63247e-01
3.60000e-02 5.61704e-01
4.00000e-02 5.61556e-01
4.40000e-02 5.61540e-01
4.80000e-02 5.61506e-01
5.20000e-02 5.61324e-01
5.60000e-02 5.60612e-01
6.00000e-02 5.59377e-01
6.40000e-02 5.58836e-01
6.80000e-02 5.58808e-01
7.20000e-02 5.58833e-01
7.60000e-02 5.59042e-01
8.00000e-02 5.60074e-01
8.40000e-02 5.63960e-01
8.80000e-02 5.73226e-01
9.20000e-02 5.81959e-01
9.60000e-02 5.83819e-01
1.00000e-01 5.83856e-01
1.04000e-01 5.83791e-01
1.08000e-01 5.83225e-01
1.12000e-01 5.80340e-01
1.16000e-01 5.71988e-01
1.20000e-01 5.61475e-01
1.24000e-01 5.55393e-01
1.28000e-01 5.50434e-01
1.32000e-01 5.36217e-01
1.36000e-01 4.92990e-01
1.40000e-01 4.52774e-01
1.44000e-01 4.45957e-01
1.48000e-01 4.45888e-01
1.52000e-01 4.46185e-01
1.56000e-01 4.47619e-01
1.60000e-01 4.51890e-01
1.64000e-01 4.61415e-01
1.68000e-01 4.75146e-01
1.72000e-01 4.83302e-01
1.76000e-01 4.84430e-01
1.80000e-01 4.84440e-01
1.84000e-01 4.84378e-01
1.88000e-01 4.83997e-01
1.92000e-01 4.82279e-01
1.96000e-01 4.75868e-01
2.00000e-01 4.61386e-01
2.04000e-01 4.49724e-01
2.08000e-01 4.47683e-01
2.12000e-01 4.47655e-01
2.16000e-01 4.47728e-01
2.20000e-01 4.48130e-01
2.24000e-01 4.49533e-01
2.28000e-01 4.53618e-01
2.32000e-01 4.63525e-01
2.36000e-01 4.77566e-01
2.40000e-01 4.82922e-01
2.44000e-01 4.82669e-01
2.48000e-01 4.77571e-01
2.52000e-01 4.57148e-01
2.56000e-01 4.34561e-01
2.60000e-01 4.30070e-01
2.64000e-01 4.30177e-01
2.68000e-01 4.31474e-01
2.72000e-01 4.35481e-01
2.76000e-01 4.42877e-01
2.80000e-01 4.52698e-01
2.84000e-01 4.63094e-01
2.88000e-01 4.72589e-01
2.92000e-01 4.80651e-01
2.96000e-01 4.87468e-01
3.00000e-01 4.93498e-01
3.04000e-01 4.99230e-01
3.08000e-01 5.05193e-01
3.12000e-01 5.12195e-01
3.16000e-01 5.21831e-01
3.20000e-01 5.36962e-01
3.24000e-01 5.58227e-01
3.28000e-01 5.73635e-01
3.32000e-01 5.76663e-01
3.36000e-01 5.76752e-01
3.40000e-01 5.76752e-01
3.44000e-01 5.76752e-01
3.48000e-01 5.76752e-01
3.52000e-01 5.76751e-01
3.56000e-01 5.76750e-01
3.60000e-01 5.76746e-01
3.64000e-01 5.76719e-01
3.68000e-01 5.76542e-01
3.72000e-01 5.75390e-01
3.76000e-01 5.69746e-01
3.80000e-01 5.55916e-01
3.84000e-01 5.43052e-01
3.88000e-01 5.34869e-01
3.92000e-01 5.20007e-01
3.96000e-01 4.81072e-01
4.00000e-01 4.47761e-01
4.04000e-01 4.43255e-01
4.08000e-01 4.43723e-01
4.12000e-01 4.47062e-01
4.16000e-01 4.56580e-01
4.20000e-01 4.70356e-01
4.24000e-01 4.77646e-01
4.28000e-01 4.78523e-01
4.32000e-01 4.78548e-01
4.36000e-01 4.78558e-01
4.40000e-01 4.78586e-01
4.44000e-01 4.78707e-01
4.48000e-01 4.79199e-01
4.52000e-01 4.80989e-01
4.56000e-01 4.85652e-01
4.60000e-01 4.90605e-01
4.64000e-01 4.91482e-01
4.68000e-01 4.91029e-01
4.72000e-01 4.87074e-01
4.76000e-01 4.73963e-01
4.80000e-01 4.60630e-01
4.84000e-01 4.58124e-01
4.88000e-01 4.58227e-01
4.92000e-01 4.59364e-01
4.96000e-01 4.63615e-01
5.00000e-01 4.73301e-01
5.04000e-01 4.84809e-01
5.08000e-01 4.89296e-01
5.12000e-01 4.89636e-01
5.16000e-01 4.89640e-01
5.20000e-01 4.89641e-01
5.24000e-01 4.89643e-01
5.28000e-01 4.89649e-01
5.32000e-01 4.89670e-01
5.36000e-01 4.89728e-01
5.40000e-01 4.89879e-01
5.44000e-01 4.90239e-01
5.48000e-01 4.91073e-01
5.52000e-01 4.93023e-01
5.56000e-01 4.97693e-01
5.60000e-01 5.07937e-01
5.64000e-01 5.21917e-01
5.68000e-01 5.27975e-01
5.72000e-01 5.28216e-01
5.76000e-01 5.27188e-01
5.80000e-01 5.19493e-01
5.84000e-01 4.97205e-01
5.88000e-01 4.79456e-01
5.92000e-01 4.76871e-01
5.96000e-01 4.76842e-01
6.00000e-01 4.76886e-01
6.04000e-01 4.77106e-01
6.08000e-01 4.77718e-01
6.12000e-01 4.79002e-01
6.16000e-01 4.81318e-01
6.20000e-01 4.85332e-01
6.24000e-01 4.92472e-01
6.28000e-01 5.04662e-01
6.32000e-01 5.19001e-01
6.36000e-01 5.25581e-01
6.40000e-01 5.26239e-01
6.44000e-01 5.26247e-01
6.48000e-01 5.26247e-01
6.52000e-01 5.26245e-01
6.56000e-01 5.26226e-01
6.60000e-01 5.26040e-01
6.64000e-01 5.24424e-01
6.68000e-01 5.13506e-01
6.72000e-01 4.79227e-01
6.76000e-01 4.51648e-01
6.80000e-01 4.48182e-01
6.84000e-01 4.48426e-01
6.88000e-01 4.50269e-01
6.92000e-01 4.55525e-01
6.96000e-01 4.63346e-01
7.00000e-01 4.68709e-01
7.04000e-01 4.70385e-01
7.08000e-01 4.70976e-01
7.12000e-01 4.71627e-01
7.16000e-01 4.73138e-01
7.20000e-01 4.77350e-01
7.24000e-01 4.87032e-01
7.28000e-01 4.97220e-01
7.32000e-01 4.99153e-01
7.36000e-01 4.98245e-01
7.40000e-01 4.89760e-01
7.44000e-01 4.64124e-01
7.48000e-01 4.44626e-01
7.52000e-01 4.42335e-01
7.56000e-01 4.42561e-01
7.60000e-01 4.43917e-01
7.64000e-01 4.46017e-01
7.68000e-01 4.46803e-01
7.72000e-01 4.46855e-01
7.76000e-01 4.46859e-01
7.80000e-01 4.46864e-01
7.84000e-01 4.46880e-01
7.88000e-01 4.46925e-01
7.92000e-01 4.47037e-01
7.96000e-01 4.47278e-01
8.00000e-01 4.47742e-01
8.04000e-01 4.48554e-01
8.08000e-01 4.49879e-01
8.12000e-01 4.51950e-01
8.16000e-01 4.55097e-01
8.20000e-01 4.59436e-01
8.24000e-01 4.63790e-01
8.28000e-01 4.66098e-01
8.32000e-01 4.66681e-01
8.36000e-01 4.66840e-01
8.40000e-01 4.66966e-01
8.44000e-01 4.67168e-01
8.48000e-01 4.67549e-01
8.52000e-01 4.68235e-01
8.56000e-01 4.69358e-01
8.60000e-01 4.71017e-01
8.64000e-01 4.73251e-01
8.68000e-01 4.76019e-01
8.72000e-01 4.79176e-01
8.76000e-01 4.82466e-01
8.80000e-01 4.85538e-01
8.84000e-01 4.88089e-01
8.88000e-01 4.90037e-01
8.92000e-01 4.91522e-01
8.96000e-01 4.92762e-01
9.00000e-01 4.93964e-01
9.04000e-01 4.95346e-01
9.08000e-01 4.97292e-01
9.12000e-01 5.00723e-01
9.16000e-01 5.07889e-01
9.20000e-01 5.21334e-01
9.24000e-01 5.33571e-01
9.28000e-01 5.35825e-01
9.32000e-01 5.35274e-01
9.36000e-01 5.28513e-01
9.40000e-01 5.00319e-01
9.44000e-01 4.69229e-01
9.48000e-01 4.63184e-01
9.52000e-01 4.63180e-01
9.56000e-01 4.63954e-01
9.60000e-01 4.66945e-01
9.64000e-01 4.74364e-01
9.68000e-01 4.88191e-01
9.72000e-01 5.03768e-01
9.76000e-01 5.10120e-01
9.80000e-01 5.10656e-01
9.84000e-01 5.10661e-01
9.88000e-01 5.10661e-01
9.92000e-01 5.10661e-01
9.96000e-01 5.10661e-01
1.00000e+00 5.10661e-01
1.00400e+00 5.10660e-01
1.00800e+00 5.10657e-01
1.01200e+00 5.10637e-01
1.01600e+00 5.10503e-01
1.02000e+00 5.09625e-01
1.02400e+00 5.04703e-01
1.02800e+00 4.87709e-01
1.03200e+00 4.66708e-01
1.03600e+00 4.60928e-01
1.04000e+00 4.60733e-01
1.04400e+00 4.60778e-01
1.04800e+00 4.61056e-01
1.05200e+00 4.61911e-01
1.05600e+00 4.63746e-01
1.06000e+00 4.66758e-01
1.06400e+00 4.70678e-01
1.06800e+00 4.74984e-01
1.07200e+00 4.79599e-01
1.07600e+00 4.85352e-01
1.08000e+00 4.93901e-01
1.08400e+00 5.05228e-01
1.08800e+00 5.12722e-01
1.09200e+00 5.14049e-01
1.09600e+00 5.14081e-01
1.10000e+00 5.14076e-01
1.10400e+00 5.14030e-01
1.10800e+00 5.13785e-01
1.11200e+00 5.12629e-01
1.11600e+00 5.07174e-01
1.12000e+00 4.87395e-01
1.12400e+00 4.57084e-01
1.12800e+00 4.45457e-01
1.13200e+00 4.44743e-01
1.13600e+00 4.44745e-01
1.14000e+00 4.44788e-01
1.14400e+00 4.44991e-01
1.14800e+00 4.45631e-01
1.15200e+00 4.47148e-01
1.15600e+00 4.49552e-01
1.16000e+00 4.51548e-01
1.16400e+00 4.52310e-01
1.16800e+00 4.52550e-01
1.17200e+00 4.52741e-01
1.17600e+00 4.53077e-01
1.18000e+00 4.53827e-01
1.18400e+00 4.55525e-01
1.18800e+00 4.59210e-01
1.19200e+00 4.65987e-01
1.19600e+00 4.73394e-01
1.20000e+00 4.76231e-01
1.20400e+00 4.76463e-01
1.20800e+00 4.76471e-01
1.21200e+00 4.76476e-01
1.21600e+00 4.76490e-01
1.22000e+00 4.76534e-01
1.22400e+00 4.76653e-01
1.22800e+00 4.76926e-01
1.23200e+00 4.77485e-01
1.23600e+00 4.78534e-01
1.24000e+00 4.80464e-01
1.24400e+00 4.84132e-01
1.24800e+00 4.91270e-01
1.25200e+00 5.03158e-01
1.25600e+00 5.13990e-01
1.26000e+00 5.17000e-01
1.26400e+00 5.17145e-01
1.26800e+00 5.17145e-01
1.27200e+00 5.17145e-01
1.27600e+00 5.17145e-01
1.28000e+00 5.17144e-01
1.28400e+00 5.17138e-01
1.28800e+00 5.17081e-01
1.29200e+00 5.16632e-01
1.29600e+00 5.13361e-01
1.30000e+00 4.96848e-01
1.30400e+00 4.63744e-01
1.30800e+00 4.47925e-01
1.31200e+00 4.46773e-01
1.31600e+00 4.46800e-01
1.32000e+00 4.47043e-01
1.32400e+00 4.47859e-01
1.32800e+00 4.49476e-01
1.33200e+00 4.51257e-01
1.33600e+00 4.52209e-01
1.34000e+00 4.52533e-01
1.34400e+00 4.52720e-01
1.34800e+00 4.52982e-01
1.35200e+00 4.53546e-01
1.35600e+00 4.54891e-01
1.36000e+00 4.58011e-01
1.36400e+00 4.63953e-01
1.36800e+00 4.70289e-01
1.37200e+00 4.72506e-01
1.37600e+00 4.72657e-01
1.38000e+00 4.72659e-01
1.38400e+00 4.72659e-01
1.38800e+00 4.72661e-01
1.39200e+00 4.72665e-01
1.39600e+00 4.72679e-01
1.40000e+00 4.72718e-01
1.40400e+00 4.72811e-01
1.40800e+00 4.73007e-01
1.41200e+00 4.73377e-01
1.41600e+00 4.74053e-01
1.42000e+00 4.75340e-01
1.42400e+00 4.77978e-01
1.42800e+00 4.82952e-01
1.43200e+00 4.88681e-01
1.43600e+00 4.90978e-01
1.44000e+00 4.91168e-01
1.44400e+00 4.91172e-01
1.44800e+00 4.91174e-01
1.45200e+00 4.91179e-01
1.45600e+00 4.91196e-01
1.46000e+00 4.91245e-01
1.46400e+00 4.91365e-01
1.46800e+00 4.91608e-01
1.47200e+00 4.92005e-01
1.47600e+00 4.92572e-01
1.48000e+00 4.93434e-01
1.48400e+00 4.95154e-01
1.48800e+00 4.99468e-01
1.49200e+00 5.08511e-01
1.49600e+00 5.15907e-01
1.50000e+00 5.16632e-01
1.50400e+00 5.15008e-01
1.50800e+00 5.02707e-01
1.51200e+00 4.73425e-01
1.51600e+00 4.57533e-01
1.52000e+00 4.56436e-01
1.52400e+00 4.56824e-01
1.52800e+00 4.59144e-01
1.53200e+00 4.65972e-01
1.53600e+00 4.78216e-01
1.54000e+00 4.88153e-01
1.54400e+00 4.90347e-01
1.54800e+00 4.90423e-01
1.55200e+00 4.90423e-01
1.55600e+00 4.90423e-01
1.56000e+00 4.90423e-01
1.56400e+00 4.90423e-01
1.56800e+00 4.90423e-01
1.57200e+00 4.90423e-01
1.57600e+00 4.90423e-01
1.58000e+00 4.90423e-01
1.58400e+00 4.90424e-01
1.58800e+00 4.90424e-01
1.59200e+00 4.90425e-01
1.59600e+00 4.90428e-01
1.60000e+00 4.90435e-01
1.60400e+00 4.90451e-01
1.60800e+00 4.90486e-01
1.61200e+00 4.90557e-01
1.61600e+00 4.90693e-01
1.62000e+00 4.90944e-01
1.62400e+00 4.91400e-01
1.62800e+00 4.92244e-01
1.63200e+00 4.93898e-01
1.63600e+00 4.97373e-01
1.64000e+00 5.04724e-01
1.64400e+00 5.17001e-01
1.64800e+00 5.26815e-01
1.65200e+00 5.28881e-01
1.65600e+00 5.28934e-01
1.66000e+00 5.28901e-01
1.66400e+00 5.28593e-01
1.66800e+00 5.26823e-01
1.67200e+00 5.20165e-01
1.67600e+00 5.09461e-01
1.68000e+00 5.05126e-01
1.68400e+00 5.04912e-01
1.68800e+00 5.05046e-01
1.69200e+00 5.05963e-01
1.69600e+00 5.08906e-01
1.70000e+00 5.12831e-01
1.70400e+00 5.14101e-01
1.70800e+00 5.14116e-01
1.71200e+00 5.13788e-01
1.71600e+00 5.11451e-01
1.72000e+00 5.01985e-01
1.72400e+00 4.86382e-01
1.72800e+00 4.80135e-01
1.73200e+00 4.79870e-01
1.73600e+00 4.80195e-01
1.74000e+00 4.82106e-01
1.74400e+00 4.87194e-01
1.74800e+00 4.92256e-01
1.75200e+00 4.93258e-01
1.75600e+00 4.93161e-01
1.76000e+00 4.92050e-01
1.76400e+00 4.87104e-01
1.76800e+00 4.77484e-01
1.77200e+00 4.72045e-01
1.77600e+00 4.71492e-01
1.78000e+00 4.71495e-01
1.78400e+00 4.71562e-01
1.78800e+00 4.71833e-01
1.79200e+00 4.72448e-01
1.79600e+00 4.73180e-01
1.80000e+00 4.73594e-01
1.80400e+00 4.73767e-01
1.80800e+00 4.73913e-01
1.81200e+00 4.74191e-01
1.81600e+00 4.74921e-01
1.82000e+00 4.76882e-01
1.82400e+00 4.81674e-01
1.82800e+00 4.90189e-01
1.83200e+00 4.97146e-01
1.83600e+00 4.98631e-01
1.84000e+00 4.98669e-01
1.84400e+00 4.98644e-01
1.84800e+00 4.98438e-01
1.85200e+00 4.97425e-01
1.85600e+00 4.93894e-01
1.86000e+00 4.87298e-01
1.86400e+00 4.83026e-01
1.86800e+00 4.82264e-01
1.87200e+00 4.82114e-01
1.87600e+00 4.81893e-01
1.88000e+00 4.81145e-01
1.88400e+00 4.79012e-01
1.88800e+00 4.76092e-01
1.89200e+00 4.74968e-01
1.89600e+00 4.74905e-01
1.90000e+00 4.74921e-01
1.90400e+00 4.75043e-01
1.90800e+00 4.75552e-01
1.91200e+00 4.77179e-01
1.91600e+00 4.80930e-01
1.92000e+00 4.85316e-01
1.92400e+00 4.86873e-01
1.92800e+00 4.86973e-01
1.93200e+00 4.86974e-01
1.93600e+00 4.86974e-01
1.94000e+00 4.86974e-01
1.94400e+00 4.86974e-01
1.94800e+00 4.86974e-01
1.95200e+00 4.86974e-01
1.95600e+00 4.86974e-01
1.96000e+00 4.86974e-01
1.96400e+00 4.86974e-01
1.96800e+00 4.86974e-01
1.97200e+00 4.86974e-01
1.97600e+00 4.86974e-01
1.98000e+00 4.86974e-01
1.98400e+00 4.86974e-01
1.98800e+00 4.86975e-01
1.99200e+00 4.86985e-01
1.99600e+00 4.86987e-01
