0.00000e+00 4.45698e-01
4.00000e-03 4.45698e-01
8.00000e-03 4.45709e-01
1.20000e-02 4.45861e-01
1.60000e-02 4.47094e-01
2.00000e-02 4.53048e-01
2.40000e-02 4.71458e-01
2.80000e-02 5.09308e-01
3.20000e-02 5.51729e-01
3.60000e-02 5.67026e-01
4.00000e-02 5.67986e-01
4.40000e-02 5.67987e-01
4.80000e-02 5.67940e-01
5.20000e-02 5.67609e-01
5.60000e-02 5.66199e-01
6.00000e-02 5.63388e-01
6.40000e-02 5.61745e-01
6.80000e-02 5.61541e-01
7.20000e-02 5.61515e-01
7.60000e-02 5.61470e-01
8.00000e-02 5.61266e-01
8.40000e-02 5.60523e-01
8.80000e-02 5.59335e-01
9.20000e-02 5.58862e-01
9.60000e-02 5.58841e-01
1.00000e-01 5.58865e-01
1.04000e-01 5.59054e-01
1.08000e-01 5.59971e-01
1.12000e-01 5.63434e-01
1.16000e-01 5.72137e-01
1.20000e-01 5.81367e-01
1.24000e-01 5.83730e-01
1.28000e-01 5.83800e-01
1.32000e-01 5.83762e-01
1.36000e-01 5.83394e-01
1.40000e-01 5.81420e-01
1.44000e-01 5.75351e-01
1.48000e-01 5.66410e-01
1.52000e-01 5.57189e-01
1.56000e-01 5.38842e-01
1.60000e-01 4.92483e-01
1.64000e-01 4.52530e-01
1.68000e-01 4.46255e-01
1.72000e-01 4.46224e-01
1.76000e-01 4.46662e-01
1.80000e-01 4.48527e-01
1.84000e-01 4.53606e-01
1.88000e-01 4.64022e-01
1.92000e-01 4.77282e-01
1.96000e-01 4.83728e-01
2.00000e-01 4.84398e-01
2.04000e-01 4.84398e-01
2.08000e-01 4.84328e-01
2.12000e-01 4.83874e-01
2.16000e-01 4.81604e-01
2.20000e-01 4.73140e-01
2.24000e-01 4.57365e-01
2.28000e-01 4.48609e-01
2.32000e-01 4.47727e-01
2.36000e-01 4.47735e-01
2.40000e-01 4.47874e-01
2.44000e-01 4.48486e-01
2.48000e-01 4.50469e-01
2.52000e-01 4.55957e-01
2.56000e-01 4.67615e-01
2.60000e-01 4.78947e-01
2.64000e-01 4.80929e-01
2.68000e-01 4.79941e-01
2.72000e-01 4.71498e-01
2.76000e-01 4.48382e-01
2.80000e-01 4.32477e-01
2.84000e-01 4.30860e-01
2.88000e-01 4.31148e-01
2.92000e-01 4.32894e-01
2.96000e-01 4.37487e-01
3.00000e-01 4.45239e-01
3.04000e-01 4.54999e-01
3.08000e-01 4.64993e-01
3.12000e-01 4.73929e-01
3.16000e-01 4.81409e-01
3.20000e-01 4.87662e-01
3.24000e-01 4.93128e-01
3.28000e-01 4.98229e-01
3.32000e-01 5.03344e-01
3.36000e-01 5.08955e-01
3.40000e-01 5.15949e-01
3.44000e-01 5.26199e-01
3.48000e-01 5.42695e-01
3.52000e-01 5.63704e-01
3.56000e-01 5.75260e-01
3.60000e-01 5.76728e-01
3.64000e-01 5.76752e-01
3.68000e-01 5.76752e-01
3.72000e-01 5.76752e-01
3.76000e-01 5.76752e-01
3.80000e-01 5.76752e-01
3.84000e-01 5.76751e-01
3.88000e-01 5.76747e-01
3.92000e-01 5.76719e-01
3.96000e-01 5.76531e-01
4.00000e-01 5.75442e-01
4.04000e-01 5.71124e-01
4.08000e-01 5.61506e-01
4.12000e-01 5.46512e-01
4.16000e-01 5.17708e-01
4.20000e-01 4.70823e-01
4.24000e-01 4.46565e-01
4.28000e-01 4.44770e-01
4.32000e-01 4.45412e-01
4.36000e-01 4.49201e-01
4.40000e-01 4.59205e-01
4.44000e-01 4.72252e-01
4.48000e-01 4.78010e-01
4.52000e-01 4.78545e-01
4.56000e-01 4.78560e-01
4.60000e-01 4.78570e-01
4.64000e-01 4.78602e-01
4.68000e-01 4.78740e-01
4.72000e-01 4.79297e-01
4.76000e-01 4.81275e-01
4.80000e-01 4.85996e-01
4.84000e-01 4.90120e-01
4.88000e-01 4.90602e-01
4.92000e-01 4.90012e-01
4.96000e-01 4.85518e-01
5.00000e-01 4.72225e-01
5.04000e-01 4.60505e-01
5.08000e-01 4.58701e-01
5.12000e-01 4.58838e-01
5.16000e-01 4.60051e-01
5.20000e-01 4.64416e-01
5.24000e-01 4.74127e-01
5.28000e-01 4.85257e-01
5.32000e-01 4.89352e-01
5.36000e-01 4.89638e-01
5.40000e-01 4.89641e-01
5.44000e-01 4.89642e-01
5.48000e-01 4.89643e-01
5.52000e-01 4.89648e-01
5.56000e-01 4.89663e-01
5.60000e-01 4.89708e-01
5.64000e-01 4.89824e-01
5.68000e-01 4.90103e-01
5.72000e-01 4.90751e-01
5.76000e-01 4.92269e-01
5.80000e-01 4.95929e-01
5.84000e-01 5.04384e-01
5.88000e-01 5.18120e-01
5.92000e-01 5.26584e-01
5.96000e-01 5.27395e-01
6.00000e-01 5.26857e-01
6.04000e-01 5.21830e-01
6.08000e-01 5.03155e-01
6.12000e-01 4.81937e-01
6.16000e-01 4.77021e-01
6.20000e-01 4.76891e-01
6.24000e-01 4.76918e-01
6.28000e-01 4.77081e-01
6.32000e-01 4.77582e-01
6.36000e-01 4.78690e-01
6.40000e-01 4.80732e-01
6.44000e-01 4.84249e-01
6.48000e-01 4.90432e-01
6.52000e-01 5.01305e-01
6.56000e-01 5.15995e-01
6.60000e-01 5.24886e-01
6.64000e-01 5.26219e-01
6.68000e-01 5.26247e-01
6.72000e-01 5.26247e-01
6.76000e-01 5.26244e-01
6.80000e-01 5.26222e-01
6.84000e-01 5.26019e-01
6.88000e-01 5.24284e-01
6.92000e-01 5.12853e-01
6.96000e-01 4.78438e-01
7.00000e-01 4.52196e-01
7.04000e-01 4.49136e-01
7.08000e-01 4.49403e-01
7.12000e-01 4.51328e-01
7.16000e-01 4.56731e-01
7.20000e-01 4.64505e-01
7.24000e-01 4.69429e-01
7.28000e-01 4.70810e-01
7.32000e-01 4.71305e-01
7.36000e-01 4.71918e-01
7.40000e-01 4.73477e-01
7.44000e-01 4.77969e-01
7.48000e-01 4.87756e-01
7.52000e-01 4.96260e-01
7.56000e-01 4.97282e-01
7.60000e-01 4.95945e-01
7.64000e-01 4.85626e-01
7.68000e-01 4.59884e-01
7.72000e-01 4.44372e-01
7.76000e-01 4.43059e-01
7.80000e-01 4.43316e-01
7.84000e-01 4.44608e-01
7.88000e-01 4.46311e-01
7.92000e-01 4.46832e-01
7.96000e-01 4.46861e-01
8.00000e-01 4.46865e-01
8.04000e-01 4.46872e-01
8.08000e-01 4.46893e-01
8.12000e-01 4.46952e-01
8.16000e-01 4.47092e-01
8.20000e-01 4.47383e-01
8.24000e-01 4.47923e-01
8.28000e-01 4.48844e-01
8.32000e-01 4.50322e-01
8.36000e-01 4.52648e-01
8.40000e-01 4.56234e-01
8.44000e-01 4.61026e-01
8.48000e-01 4.65084e-01
8.52000e-01 4.66591e-01
8.56000e-01 4.66848e-01
8.60000e-01 4.66929e-01
8.64000e-01 4.67022e-01
8.68000e-01 4.67203e-01
8.72000e-01 4.67568e-01
8.76000e-01 4.68244e-01
8.80000e-01 4.69360e-01
8.84000e-01 4.71015e-01
8.88000e-01 4.73247e-01
8.92000e-01 4.76014e-01
8.96000e-01 4.79181e-01
9.00000e-01 4.82502e-01
9.04000e-01 4.85625e-01
9.08000e-01 4.88216e-01
9.12000e-01 4.90158e-01
9.16000e-01 4.91587e-01
9.20000e-01 4.92733e-01
9.24000e-01 4.93798e-01
9.28000e-01 4.94976e-01
9.32000e-01 4.96564e-01
9.36000e-01 4.99262e-01
9.40000e-01 5.04883e-01
9.44000e-01 5.16465e-01
9.48000e-01 5.30178e-01
9.52000e-01 5.34281e-01
9.56000e-01 5.34054e-01
9.60000e-01 5.29472e-01
9.64000e-01 5.06321e-01
9.68000e-01 4.73074e-01
9.72000e-01 4.63948e-01
9.76000e-01 4.63779e-01
9.80000e-01 4.64356e-01
9.84000e-01 4.66929e-01
9.88000e-01 4.73686e-01
9.92000e-01 4.86847e-01
9.96000e-01 5.02715e-01
1.00000e+00 5.09941e-01
1.00400e+00 5.10653e-01
1.00800e+00 5.10661e-01
1.01200e+00 5.10661e-01
1.01600e+00 5.10661e-01
1.02000e+00 5.10661e-01
1.02400e+00 5.10661e-01
1.02800e+00 5.10660e-01
1.03200e+00 5.10657e-01
1.03600e+00 5.10637e-01
1.04000e+00 5.10500e-01
1.04400e+00 5.09611e-01
1.04800e+00 5.04635e-01
1.05200e+00 4.87562e-01
1.05600e+00 4.66679e-01
1.06000e+00 4.61009e-01
1.06400e+00 4.60821e-01
1.06800e+00 4.60867e-01
1.07200e+00 4.61146e-01
1.07600e+00 4.62001e-01
1.08000e+00 4.63829e-01
1.08400e+00 4.66815e-01
1.08800e+00 4.70672e-01
1.09200e+00 4.74872e-01
1.09600e+00 4.79329e-01
1.10000e+00 4.84840e-01
1.10400e+00 4.93059e-01
1.10800e+00 5.04328e-01
1.11200e+00 5.12403e-01
1.11600e+00 5.14025e-01
1.12000e+00 5.14074e-01
1.12400e+00 5.14071e-01
1.12800e+00 5.14047e-01
1.13200e+00 5.13887e-01
1.13600e+00 5.12888e-01
1.14000e+00 5.06957e-01
1.14400e+00 4.84311e-01
1.14800e+00 4.54017e-01
1.15200e+00 4.45128e-01
1.15600e+00 4.44770e-01
1.16000e+00 4.44780e-01
1.16400e+00 4.44861e-01
1.16800e+00 4.45179e-01
1.17200e+00 4.46071e-01
1.17600e+00 4.47945e-01
1.18000e+00 4.50439e-01
1.18400e+00 4.52044e-01
1.18800e+00 4.52529e-01
1.19200e+00 4.52702e-01
1.19600e+00 4.52884e-01
1.20000e+00 4.53255e-01
1.20400e+00 4.54121e-01
1.20800e+00 4.56124e-01
1.21200e+00 4.60467e-01
1.21600e+00 4.67906e-01
1.22000e+00 4.74563e-01
1.22400e+00 4.76379e-01
1.22800e+00 4.76473e-01
1.23200e+00 4.76477e-01
1.23600e+00 4.76481e-01
1.24000e+00 4.76493e-01
1.24400e+00 4.76532e-01
1.24800e+00 4.76638e-01
1.25200e+00 4.76882e-01
1.25600e+00 4.77384e-01
1.26000e+00 4.78331e-01
1.26400e+00 4.80066e-01
1.26800e+00 4.83337e-01
1.27200e+00 4.89717e-01
1.27600e+00 5.00901e-01
1.28000e+00 5.12681e-01
1.28400e+00 5.16860e-01
1.28800e+00 5.17143e-01
1.29200e+00 5.17145e-01
1.29600e+00 5.17145e-01
1.30000e+00 5.17145e-01
1.30400e+00 5.17144e-01
1.30800e+00 5.17136e-01
1.31200e+00 5.17071e-01
1.31600e+00 5.16555e-01
1.32000e+00 5.12843e-01
1.32400e+00 4.94905e-01
1.32800e+00 4.61868e-01
1.33200e+00 4.47779e-01
1.33600e+00 4.46909e-01
1.34000e+00 4.46950e-01
1.34400e+00 4.47265e-01
1.34800e+00 4.48262e-01
1.35200e+00 4.50066e-01
1.35600e+00 4.51744e-01
1.36000e+00 4.52459e-01
1.36400e+00 4.52688e-01
1.36800e+00 4.52855e-01
1.37200e+00 4.53142e-01
1.37600e+00 4.53818e-01
1.38000e+00 4.55475e-01
1.38400e+00 4.59262e-01
1.38800e+00 4.65793e-01
1.39200e+00 4.71289e-01
1.39600e+00 4.72606e-01
1.40000e+00 4.72659e-01
1.40400e+00 4.72659e-01
1.40800e+00 4.72660e-01
1.41200e+00 4.72661e-01
1.41600e+00 4.72666e-01
1.42000e+00 4.72680e-01
1.42400e+00 4.72717e-01
1.42800e+00 4.72804e-01
1.43200e+00 4.72986e-01
1.43600e+00 4.73333e-01
1.44000e+00 4.73983e-01
1.44400e+00 4.75276e-01
1.44800e+00 4.78017e-01
1.45200e+00 4.83204e-01
1.45600e+00 4.88924e-01
1.46000e+00 4.91021e-01
1.46400e+00 4.91172e-01
1.46800e+00 4.91175e-01
1.47200e+00 4.91176e-01
1.47600e+00 4.91179e-01
1.48000e+00 4.91192e-01
1.48400e+00 4.91228e-01
1.48800e+00 4.91320e-01
1.49200e+00 4.91513e-01
1.49600e+00 4.91842e-01
1.50000e+00 4.92330e-01
1.50400e+00 4.93094e-01
1.50800e+00 4.94649e-01
1.51200e+00 4.98617e-01
1.51600e+00 5.07081e-01
1.52000e+00 5.14175e-01
1.52400e+00 5.14915e-01
1.52800e+00 5.13459e-01
1.53200e+00 5.02256e-01
1.53600e+00 4.74512e-01
1.54000e+00 4.58459e-01
1.54400e+00 4.57238e-01
1.54800e+00 4.57614e-01
1.55200e+00 4.59935e-01
1.55600e+00 4.66835e-01
1.56000e+00 4.79032e-01
1.56400e+00 4.88452e-01
1.56800e+00 4.90364e-01
1.57200e+00 4.90423e-01
1.57600e+00 4.90423e-01
1.58000e+00 4.90423e-01
1.58400e+00 4.90423e-01
1.58800e+00 4.90423e-01
1.59200e+00 4.90423e-01
1.59600e+00 4.90423e-01
1.60000e+00 4.90423e-01
1.60400e+00 4.90423e-01
1.60800e+00 4.90424e-01
1.61200e+00 4.90424e-01
1.61600e+00 4.90425e-01
1.62000e+00 4.90427e-01
1.62400e+00 4.90433e-01
1.62800e+00 4.90446e-01
1.63200e+00 4.90473e-01
1.63600e+00 4.90531e-01
1.64000e+00 4.90643e-01
1.64400e+00 4.90851e-01
1.64800e+00 4.91227e-01
1.65200e+00 4.91915e-01
1.65600e+00 4.93233e-01
1.66000e+00 4.95943e-01
1.66400e+00 5.01749e-01
1.66800e+00 5.12679e-01
1.67200e+00 5.24537e-01
1.67600e+00 5.28652e-01
1.68000e+00 5.28895e-01
1.68400e+00 5.28883e-01
1.68800e+00 5.28739e-01
1.69200e+00 5.27803e-01
1.69600e+00 5.23539e-01
1.70000e+00 5.13435e-01
1.70400e+00 5.06067e-01
1.70800e+00 5.05120e-01
1.71200e+00 5.05165e-01
1.71600e+00 5.05664e-01
1.72000e+00 5.07724e-01
1.72400e+00 5.11630e-01
1.72800e+00 5.13764e-01
1.73200e+00 5.13899e-01
1.73600e+00 5.13686e-01
1.74000e+00 5.11884e-01
1.74400e+00 5.03841e-01
1.74800e+00 4.88432e-01
1.75200e+00 4.80787e-01
1.75600e+00 4.80297e-01
1.76000e+00 4.80548e-01
1.76400e+00 4.82185e-01
1.76800e+00 4.86832e-01
1.77200e+00 4.91786e-01
1.77600e+00 4.92860e-01
1.78000e+00 4.92776e-01
1.78400e+00 4.91728e-01
1.78800e+00 4.86993e-01
1.79200e+00 4.77595e-01
1.79600e+00 4.72115e-01
1.80000e+00 4.71532e-01
1.80400e+00 4.71534e-01
1.80800e+00 4.71594e-01
1.81200e+00 4.71847e-01
1.81600e+00 4.72440e-01
1.82000e+00 4.73183e-01
1.82400e+00 4.73633e-01
1.82800e+00 4.73823e-01
1.83200e+00 4.73972e-01
1.83600e+00 4.74244e-01
1.84000e+00 4.74944e-01
1.84400e+00 4.76825e-01
1.84800e+00 4.81449e-01
1.85200e+00 4.89831e-01
1.85600e+00 4.96965e-01
1.86000e+00 4.98590e-01
1.86400e+00 4.98638e-01
1.86800e+00 4.98618e-01
1.87200e+00 4.98446e-01
1.87600e+00 4.97585e-01
1.88000e+00 4.94462e-01
1.88400e+00 4.88063e-01
1.88800e+00 4.83221e-01
1.89200e+00 4.82174e-01
1.89600e+00 4.81977e-01
1.90000e+00 4.81730e-01
1.90400e+00 4.80942e-01
1.90800e+00 4.78774e-01
1.91200e+00 4.75973e-01
1.91600e+00 4.74984e-01
1.92000e+00 4.74937e-01
1.92400e+00 4.74954e-01
1.92800e+00 4.75081e-01
1.93200e+00 4.75602e-01
1.93600e+00 4.77258e-01
1.94000e+00 4.81037e-01
1.94400e+00 4.85379e-01
1.94800e+00 4.86881e-01
1.95200e+00 4.86973e-01
1.95600e+00 4.86974e-01
1.96000e+00 4.86974e-01
1.96400e+00 4.86974e-01
1.96800e+00 4.86974e-01
1.97200e+00 4.86974e-01
1.97600e+00 4.86974e-01
1.98000e+00 4.86974e-01
1.98400e+00 4.86974e-01
1.98800e+00 4.86974e-01
1.99200e+00 4.86974e-01
1.99600e+00 4.86974e-01
