0.00000e+00 5.01547e-01
4.00000e-03 5.01547e-01
8.00000e-03 5.01546e-01
1.20000e-02 5.01518e-01
1.60000e-02 5.01146e-01
2.00000e-02 4.97799e-01
2.40000e-02 4.81529e-01
2.80000e-02 4.55397e-01
3.20000e-02 4.47116e-01
3.60000e-02 4.47082e-01
4.00000e-02 4.48737e-01
4.40000e-02 4.54953e-01
4.80000e-02 4.69240e-01
5.20000e-02 4.94991e-01
5.60000e-02 5.31763e-01
6.00000e-02 5.60828e-01
6.40000e-02 5.67711e-01
6.80000e-02 5.67969e-01
7.20000e-02 5.67966e-01
7.60000e-02 5.67917e-01
8.00000e-02 5.67595e-01
8.40000e-02 5.66246e-01
8.80000e-02 5.63487e-01
9.20000e-02 5.61760e-01
9.60000e-02 5.61517e-01
1.00000e-01 5.61483e-01
1.04000e-01 5.61431e-01
1.08000e-01 5.61207e-01
1.12000e-01 5.60435e-01
1.16000e-01 5.59294e-01
1.20000e-01 5.58884e-01
1.24000e-01 5.58869e-01
1.28000e-01 5.58891e-01
1.32000e-01 5.59059e-01
1.36000e-01 5.59867e-01
1.40000e-01 5.62952e-01
1.44000e-01 5.71097e-01
1.48000e-01 5.80720e-01
1.52000e-01 5.83635e-01
1.56000e-01 5.83752e-01
1.60000e-01 5.83730e-01
1.64000e-01 5.83504e-01
1.68000e-01 5.82445e-01
1.72000e-01 5.79485e-01
1.76000e-01 5.72390e-01
1.80000e-01 5.49092e-01
1.84000e-01 4.91600e-01
1.88000e-01 4.51370e-01
1.92000e-01 4.46593e-01
1.96000e-01 4.46620e-01
2.00000e-01 4.47209e-01
2.04000e-01 4.49489e-01
2.08000e-01 4.55370e-01
2.12000e-01 4.66627e-01
2.16000e-01 4.79152e-01
2.20000e-01 4.84005e-01
2.24000e-01 4.84365e-01
2.28000e-01 4.84359e-01
2.32000e-01 4.84260e-01
2.36000e-01 4.83621e-01
2.40000e-01 4.80440e-01
2.44000e-01 4.69686e-01
2.48000e-01 4.54063e-01
2.52000e-01 4.48141e-01
2.56000e-01 4.47802e-01
2.60000e-01 4.47831e-01
2.64000e-01 4.48061e-01
2.68000e-01 4.48965e-01
2.72000e-01 4.51742e-01
2.76000e-01 4.58964e-01
2.80000e-01 4.71377e-01
2.84000e-01 4.78651e-01
2.88000e-01 4.78980e-01
2.92000e-01 4.76787e-01
2.96000e-01 4.64231e-01
3.00000e-01 4.41367e-01
3.04000e-01 4.31996e-01
3.08000e-01 4.31615e-01
3.12000e-01 4.32107e-01
3.16000e-01 4.34358e-01
3.20000e-01 4.39504e-01
3.24000e-01 4.47542e-01
3.28000e-01 4.57185e-01
3.32000e-01 4.66767e-01
3.36000e-01 4.75175e-01
3.40000e-01 4.82124e-01
3.44000e-01 4.87882e-01
3.48000e-01 4.92876e-01
3.52000e-01 4.97490e-01
3.56000e-01 5.02019e-01
3.60000e-01 5.06764e-01
3.64000e-01 5.12209e-01
3.68000e-01 5.19389e-01
3.72000e-01 5.30501e-01
3.76000e-01 5.48374e-01
3.80000e-01 5.68140e-01
3.84000e-01 5.76110e-01
3.88000e-01 5.76746e-01
3.92000e-01 5.76752e-01
3.96000e-01 5.76752e-01
4.00000e-01 5.76752e-01
4.04000e-01 5.76752e-01
4.08000e-01 5.76752e-01
4.12000e-01 5.76751e-01
4.16000e-01 5.76747e-01
4.20000e-01 5.76719e-01
4.24000e-01 5.76567e-01
4.28000e-01 5.75926e-01
4.32000e-01 5.73641e-01
4.36000e-01 5.64030e-01
4.40000e-01 5.24988e-01
4.44000e-01 4.65028e-01
4.48000e-01 4.46453e-01
4.52000e-01 4.45965e-01
4.56000e-01 4.46898e-01
4.60000e-01 4.51307e-01
4.64000e-01 4.61746e-01
4.68000e-01 4.73807e-01
4.72000e-01 4.78237e-01
4.76000e-01 4.78560e-01
4.80000e-01 4.78572e-01
4.84000e-01 4.78582e-01
4.88000e-01 4.78618e-01
4.92000e-01 4.78776e-01
4.96000e-01 4.79409e-01
5.00000e-01 4.81587e-01
5.04000e-01 4.86275e-01
5.08000e-01 4.89573e-01
5.12000e-01 4.89799e-01
5.16000e-01 4.89039e-01
5.20000e-01 4.83977e-01
5.24000e-01 4.70638e-01
5.28000e-01 4.60496e-01
5.32000e-01 4.59238e-01
5.36000e-01 4.59405e-01
5.40000e-01 4.60696e-01
5.44000e-01 4.65179e-01
5.48000e-01 4.74915e-01
5.52000e-01 4.85669e-01
5.56000e-01 4.89399e-01
5.60000e-01 4.89640e-01
5.64000e-01 4.89642e-01
5.68000e-01 4.89642e-01
5.72000e-01 4.89643e-01
5.76000e-01 4.89647e-01
5.80000e-01 4.89659e-01
5.84000e-01 4.89693e-01
5.88000e-01 4.89782e-01
5.92000e-01 4.89998e-01
5.96000e-01 4.90504e-01
6.00000e-01 4.91689e-01
6.04000e-01 4.94556e-01
6.08000e-01 5.01410e-01
6.12000e-01 5.14162e-01
6.16000e-01 5.24761e-01
6.20000e-01 5.26562e-01
6.24000e-01 5.26303e-01
6.28000e-01 5.23141e-01
6.32000e-01 5.08501e-01
6.36000e-01 4.85498e-01
6.40000e-01 4.77346e-01
6.44000e-01 4.76943e-01
6.48000e-01 4.76958e-01
6.52000e-01 4.77074e-01
6.56000e-01 4.77476e-01
6.60000e-01 4.78422e-01
6.64000e-01 4.80216e-01
6.68000e-01 4.83310e-01
6.72000e-01 4.88684e-01
6.76000e-01 4.98251e-01
6.80000e-01 5.12600e-01
6.84000e-01 5.23718e-01
6.88000e-01 5.26161e-01
6.92000e-01 5.26246e-01
6.96000e-01 5.26246e-01
7.00000e-01 5.26244e-01
7.04000e-01 5.26220e-01
7.08000e-01 5.26003e-01
7.12000e-01 5.24170e-01
7.16000e-01 5.12341e-01
7.20000e-01 4.77938e-01
7.24000e-01 4.52834e-01
7.28000e-01 4.50084e-01
7.32000e-01 4.50373e-01
7.36000e-01 4.52378e-01
7.40000e-01 4.57915e-01
7.44000e-01 4.65577e-01
7.48000e-01 4.70041e-01
7.52000e-01 4.71177e-01
7.56000e-01 4.71604e-01
7.60000e-01 4.72207e-01
7.64000e-01 4.73862e-01
7.68000e-01 4.78703e-01
7.72000e-01 4.88406e-01
7.76000e-01 4.95082e-01
7.80000e-01 4.95496e-01
7.84000e-01 4.93572e-01
7.88000e-01 4.81338e-01
7.92000e-01 4.56267e-01
7.96000e-01 4.44375e-01
8.00000e-01 4.43673e-01
8.04000e-01 4.43953e-01
8.08000e-01 4.45155e-01
8.12000e-01 4.46508e-01
8.16000e-01 4.46850e-01
8.20000e-01 4.46868e-01
8.24000e-01 4.46872e-01
8.28000e-01 4.46881e-01
8.32000e-01 4.46909e-01
8.36000e-01 4.46985e-01
8.40000e-01 4.47158e-01
8.44000e-01 4.47504e-01
8.48000e-01 4.48127e-01
8.52000e-01 4.49161e-01
8.56000e-01 4.50817e-01
8.60000e-01 4.53476e-01
8.64000e-01 4.57639e-01
8.68000e-01 4.62773e-01
8.72000e-01 4.66082e-01
8.76000e-01 4.66843e-01
8.80000e-01 4.66937e-01
8.84000e-01 4.66983e-01
8.88000e-01 4.67057e-01
8.92000e-01 4.67225e-01
8.96000e-01 4.67580e-01
9.00000e-01 4.68248e-01
9.04000e-01 4.69358e-01
9.08000e-01 4.71011e-01
9.12000e-01 4.73240e-01
9.16000e-01 4.76005e-01
9.20000e-01 4.79180e-01
9.24000e-01 4.82535e-01
9.28000e-01 4.85715e-01
9.32000e-01 4.88354e-01
9.36000e-01 4.90299e-01
9.40000e-01 4.91679e-01
9.44000e-01 4.92737e-01
9.48000e-01 4.93683e-01
9.52000e-01 4.94692e-01
9.56000e-01 4.96000e-01
9.60000e-01 4.98144e-01
9.64000e-01 5.02558e-01
9.68000e-01 5.12225e-01
9.72000e-01 5.26283e-01
9.76000e-01 5.32514e-01
9.80000e-01 5.32603e-01
9.84000e-01 5.29619e-01
9.88000e-01 5.11364e-01
9.92000e-01 4.77703e-01
9.96000e-01 4.64898e-01
1.00000e+00 4.64396e-01
1.00400e+00 4.64813e-01
1.00800e+00 4.66983e-01
1.01200e+00 4.73066e-01
1.01600e+00 4.85471e-01
1.02000e+00 5.01506e-01
1.02400e+00 5.09699e-01
1.02800e+00 5.10647e-01
1.03200e+00 5.10661e-01
1.03600e+00 5.10661e-01
1.04000e+00 5.10661e-01
1.04400e+00 5.10661e-01
1.04800e+00 5.10661e-01
1.05200e+00 5.10660e-01
1.05600e+00 5.10657e-01
1.06000e+00 5.10637e-01
1.06400e+00 5.10498e-01
1.06800e+00 5.09597e-01
1.07200e+00 5.04571e-01
1.07600e+00 4.87429e-01
1.08000e+00 4.66660e-01
1.08400e+00 4.61090e-01
1.08800e+00 4.60909e-01
1.09200e+00 4.60955e-01
1.09600e+00 4.61235e-01
1.10000e+00 4.62089e-01
1.10400e+00 4.63910e-01
1.10800e+00 4.66873e-01
1.11200e+00 4.70679e-01
1.11600e+00 4.74787e-01
1.12000e+00 4.79095e-01
1.12400e+00 4.84364e-01
1.12800e+00 4.92225e-01
1.13200e+00 5.03359e-01
1.13600e+00 5.12017e-01
1.14000e+00 5.13996e-01
1.14400e+00 5.14068e-01
1.14800e+00 5.14067e-01
1.15200e+00 5.14048e-01
1.15600e+00 5.13899e-01
1.16000e+00 5.12808e-01
1.16400e+00 5.05947e-01
1.16800e+00 4.81033e-01
1.17200e+00 4.52003e-01
1.17600e+00 4.45017e-01
1.18000e+00 4.44810e-01
1.18400e+00 4.44830e-01
1.18800e+00 4.44962e-01
1.19200e+00 4.45427e-01
1.19600e+00 4.46625e-01
1.20000e+00 4.48857e-01
1.20400e+00 4.51264e-01
1.20800e+00 4.52412e-01
1.21200e+00 4.52698e-01
1.21600e+00 4.52830e-01
1.22000e+00 4.53016e-01
1.22400e+00 4.53438e-01
1.22800e+00 4.54458e-01
1.23200e+00 4.56845e-01
1.23600e+00 4.61930e-01
1.24000e+00 4.69804e-01
1.24400e+00 4.75386e-01
1.24800e+00 4.76443e-01
1.25200e+00 4.76478e-01
1.25600e+00 4.76480e-01
1.26000e+00 4.76484e-01
1.26400e+00 4.76495e-01
1.26800e+00 4.76530e-01
1.27200e+00 4.76625e-01
1.27600e+00 4.76844e-01
1.28000e+00 4.77296e-01
1.28400e+00 4.78151e-01
1.28800e+00 4.79714e-01
1.29200e+00 4.82634e-01
1.29600e+00 4.88320e-01
1.30000e+00 4.98688e-01
1.30400e+00 5.11093e-01
1.30800e+00 5.16621e-01
1.31200e+00 5.17140e-01
1.31600e+00 5.17145e-01
1.32000e+00 5.17145e-01
1.32400e+00 5.17145e-01
1.32800e+00 5.17144e-01
1.33200e+00 5.17135e-01
1.33600e+00 5.17060e-01
1.34000e+00 5.16467e-01
1.34400e+00 5.12264e-01
1.34800e+00 4.92881e-01
1.35200e+00 4.60145e-01
1.35600e+00 4.47708e-01
1.36000e+00 4.47063e-01
1.36400e+00 4.47124e-01
1.36800e+00 4.47531e-01
1.37200e+00 4.48733e-01
1.37600e+00 4.50675e-01
1.38000e+00 4.52152e-01
1.38400e+00 4.52654e-01
1.38800e+00 4.52821e-01
1.39200e+00 4.52983e-01
1.39600e+00 4.53314e-01
1.40000e+00 4.54139e-01
1.40400e+00 4.56189e-01
1.40800e+00 4.60717e-01
1.41200e+00 4.67563e-01
1.41600e+00 4.71948e-01
1.42000e+00 4.72643e-01
1.42400e+00 4.72660e-01
1.42800e+00 4.72660e-01
1.43200e+00 4.72660e-01
1.43600e+00 4.72662e-01
1.44000e+00 4.72666e-01
1.44400e+00 4.72680e-01
1.44800e+00 4.72715e-01
1.45200e+00 4.72797e-01
1.45600e+00 4.72967e-01
1.46000e+00 4.73294e-01
1.46400e+00 4.73924e-01
1.46800e+00 4.75229e-01
1.47200e+00 4.78075e-01
1.47600e+00 4.83450e-01
1.48000e+00 4.89132e-01
1.48400e+00 4.91052e-01
1.48800e+00 4.91174e-01
1.49200e+00 4.91176e-01
1.49600e+00 4.91177e-01
1.50000e+00 4.91179e-01
1.50400e+00 4.91188e-01
1.50800e+00 4.91215e-01
1.51200e+00 4.91286e-01
1.51600e+00 4.91438e-01
1.52000e+00 4.91706e-01
1.52400e+00 4.92118e-01
1.52800e+00 4.92791e-01
1.53200e+00 4.94205e-01
1.53600e+00 4.97888e-01
1.54000e+00 5.05841e-01
1.54400e+00 5.12579e-01
1.54800e+00 5.13301e-01
1.55200e+00 5.11973e-01
1.55600e+00 5.01675e-01
1.56000e+00 4.75401e-01
1.56400e+00 4.59378e-01
1.56800e+00 4.58055e-01
1.57200e+00 4.58419e-01
1.57600e+00 4.60723e-01
1.58000e+00 4.67638e-01
1.58400e+00 4.79723e-01
1.58800e+00 4.88680e-01
1.59200e+00 4.90376e-01
1.59600e+00 4.90423e-01
1.60000e+00 4.90423e-01
1.60400e+00 4.90423e-01
1.60800e+00 4.90423e-01
1.61200e+00 4.90423e-01
1.61600e+00 4.90423e-01
1.62000e+00 4.90423e-01
1.62400e+00 4.90423e-01
1.62800e+00 4.90423e-01
1.63200e+00 4.90424e-01
1.63600e+00 4.90424e-01
1.64000e+00 4.90425e-01
1.64400e+00 4.90426e-01
1.64800e+00 4.90431e-01
1.65200e+00 4.90441e-01
1.65600e+00 4.90463e-01
1.66000e+00 4.90510e-01
1.66400e+00 4.90602e-01
1.66800e+00 4.90774e-01
1.67200e+00 4.91086e-01
1.67600e+00 4.91650e-01
1.68000e+00 4.92709e-01
1.68400e+00 4.94834e-01
1.68800e+00 4.99369e-01
1.69200e+00 5.08564e-01
1.69600e+00 5.21257e-01
1.70000e+00 5.28070e-01
1.70400e+00 5.28851e-01
1.70800e+00 5.28855e-01
1.71200e+00 5.28792e-01
1.71600e+00 5.28317e-01
1.72000e+00 5.25825e-01
1.72400e+00 5.17808e-01
1.72800e+00 5.08040e-01
1.73200e+00 5.05393e-01
1.73600e+00 5.05344e-01
1.74000e+00 5.05584e-01
1.74400e+00 5.06908e-01
1.74800e+00 5.10300e-01
1.75200e+00 5.13219e-01
1.75600e+00 5.13633e-01
1.76000e+00 5.13501e-01
1.76400e+00 5.12153e-01
1.76800e+00 5.05484e-01
1.77200e+00 4.90666e-01
1.77600e+00 4.81569e-01
1.78000e+00 4.80736e-01
1.78400e+00 4.80923e-01
1.78800e+00 4.82304e-01
1.79200e+00 4.86505e-01
1.79600e+00 4.91315e-01
1.80000e+00 4.92461e-01
1.80400e+00 4.92387e-01
1.80800e+00 4.91399e-01
1.81200e+00 4.86866e-01
1.81600e+00 4.77692e-01
1.82000e+00 4.72182e-01
1.82400e+00 4.71570e-01
1.82800e+00 4.71571e-01
1.83200e+00 4.71626e-01
1.83600e+00 4.71862e-01
1.84000e+00 4.72432e-01
1.84400e+00 4.73184e-01
1.84800e+00 4.73670e-01
1.85200e+00 4.73879e-01
1.85600e+00 4.74033e-01
1.86000e+00 4.74298e-01
1.86400e+00 4.74970e-01
1.86800e+00 4.76772e-01
1.87200e+00 4.81231e-01
1.87600e+00 4.89470e-01
1.88000e+00 4.96775e-01
1.88400e+00 4.98550e-01
1.88800e+00 4.98609e-01
1.89200e+00 4.98593e-01
1.89600e+00 4.98451e-01
1.90000e+00 4.97724e-01
1.90400e+00 4.94990e-01
1.90800e+00 4.88881e-01
1.91200e+00 4.83497e-01
1.91600e+00 4.82083e-01
1.92000e+00 4.81820e-01
1.92400e+00 4.81540e-01
1.92800e+00 4.80712e-01
1.93200e+00 4.78527e-01
1.93600e+00 4.75865e-01
1.94000e+00 4.75003e-01
1.94400e+00 4.74967e-01
1.94800e+00 4.74986e-01
1.95200e+00 4.75117e-01
1.95600e+00 4.75652e-01
1.96000e+00 4.77336e-01
1.96400e+00 4.81145e-01
1.96800e+00 4.85441e-01
1.97200e+00 4.86887e-01
1.97600e+00 4.86974e-01
1.98000e+00 4.86974e-01
1.98400e+00 4.86974e-01
1.98800e+00 4.86974e-01
1.99200e+00 4.86974e-01
1.99600e+00 4.86974e-01
