0.00000e+00 5.76568e-01
4.00000e-03 5.76568e-01
8.00000e-03 5.76568e-01
1.20000e-02 5.76566e-01
1.60000e-02 5.76525e-01
2.00000e-02 5.75908e-01
2.40000e-02 5.69848e-01
2.80000e-02 5.42907e-01
3.20000e-02 5.10584e-01
3.60000e-02 5.01942e-01
4.00000e-02 4.99656e-01
4.40000e-02 4.94465e-01
4.80000e-02 4.76485e-01
5.20000e-02 4.53766e-01
5.60000e-02 4.48275e-01
6.00000e-02 4.48380e-01
6.40000e-02 4.50058e-01
6.80000e-02 4.55669e-01
7.20000e-02 4.67336e-01
7.60000e-02 4.86660e-01
8.00000e-02 5.15381e-01
8.40000e-02 5.48373e-01
8.80000e-02 5.65716e-01
9.20000e-02 5.67923e-01
9.60000e-02 5.67957e-01
1.00000e-01 5.67953e-01
1.04000e-01 5.67902e-01
1.08000e-01 5.67591e-01
1.12000e-01 5.66300e-01
1.16000e-01 5.63581e-01
1.20000e-01 5.61768e-01
1.24000e-01 5.61487e-01
1.28000e-01 5.61447e-01
1.32000e-01 5.61388e-01
1.36000e-01 5.61145e-01
1.40000e-01 5.60348e-01
1.44000e-01 5.59257e-01
1.48000e-01 5.58904e-01
1.52000e-01 5.58893e-01
1.56000e-01 5.58913e-01
1.60000e-01 5.59061e-01
1.64000e-01 5.59772e-01
1.68000e-01 5.62517e-01
1.72000e-01 5.70100e-01
1.76000e-01 5.80010e-01
1.80000e-01 5.83528e-01
1.84000e-01 5.83714e-01
1.88000e-01 5.83706e-01
1.92000e-01 5.83627e-01
1.96000e-01 5.83247e-01
2.00000e-01 5.81026e-01
2.04000e-01 5.64318e-01
2.08000e-01 5.02665e-01
2.12000e-01 4.53016e-01
2.16000e-01 4.47029e-01
2.20000e-01 4.47071e-01
2.24000e-01 4.47807e-01
2.28000e-01 4.50520e-01
2.32000e-01 4.57226e-01
2.36000e-01 4.69208e-01
2.40000e-01 4.80692e-01
2.44000e-01 4.84156e-01
2.48000e-01 4.84330e-01
2.52000e-01 4.84316e-01
2.56000e-01 4.84164e-01
2.60000e-01 4.83224e-01
2.64000e-01 4.78770e-01
2.68000e-01 4.65803e-01
2.72000e-01 4.51600e-01
2.76000e-01 4.47994e-01
2.80000e-01 4.47889e-01
2.84000e-01 4.47947e-01
2.88000e-01 4.48311e-01
2.92000e-01 4.49625e-01
2.96000e-01 4.53487e-01
3.00000e-01 4.62561e-01
3.04000e-01 4.73933e-01
3.08000e-01 4.77391e-01
3.12000e-01 4.77078e-01
3.16000e-01 4.72820e-01
3.20000e-01 4.56236e-01
3.24000e-01 4.36763e-01
3.28000e-01 4.32290e-01
3.32000e-01 4.32300e-01
3.36000e-01 4.33097e-01
3.40000e-01 4.35873e-01
3.44000e-01 4.41532e-01
3.48000e-01 4.49783e-01
3.52000e-01 4.59260e-01
3.56000e-01 4.68424e-01
3.60000e-01 4.76330e-01
3.64000e-01 4.82792e-01
3.68000e-01 4.88107e-01
3.72000e-01 4.92695e-01
3.76000e-01 4.96913e-01
3.80000e-01 5.01011e-01
3.84000e-01 5.05189e-01
3.88000e-01 5.09711e-01
3.92000e-01 5.15122e-01
3.96000e-01 5.22658e-01
4.00000e-01 5.34852e-01
4.04000e-01 5.53896e-01
4.08000e-01 5.71467e-01
4.12000e-01 5.76504e-01
4.16000e-01 5.76751e-01
4.20000e-01 5.76752e-01
4.24000e-01 5.76752e-01
4.28000e-01 5.76752e-01
4.32000e-01 5.76752e-01
4.36000e-01 5.76752e-01
4.40000e-01 5.76751e-01
4.44000e-01 5.76747e-01
4.48000e-01 5.76730e-01
4.52000e-01 5.76653e-01
4.56000e-01 5.76156e-01
4.60000e-01 5.71472e-01
4.64000e-01 5.38736e-01
4.68000e-01 4.71933e-01
4.72000e-01 4.47954e-01
4.76000e-01 4.47240e-01
4.80000e-01 4.48332e-01
4.84000e-01 4.53271e-01
4.88000e-01 4.64117e-01
4.92000e-01 4.75092e-01
4.96000e-01 4.78387e-01
5.00000e-01 4.78573e-01
5.04000e-01 4.78582e-01
5.08000e-01 4.78593e-01
5.12000e-01 4.78635e-01
5.16000e-01 4.78817e-01
5.20000e-01 4.79538e-01
5.24000e-01 4.81920e-01
5.28000e-01 4.86470e-01
5.32000e-01 4.88995e-01
5.36000e-01 4.89063e-01
5.40000e-01 4.88095e-01
5.44000e-01 4.82448e-01
5.48000e-01 4.69212e-01
5.52000e-01 4.60583e-01
5.56000e-01 4.59736e-01
5.60000e-01 4.59933e-01
5.64000e-01 4.61305e-01
5.68000e-01 4.65909e-01
5.72000e-01 4.75671e-01
5.76000e-01 4.86049e-01
5.80000e-01 4.89440e-01
5.84000e-01 4.89641e-01
5.88000e-01 4.89642e-01
5.92000e-01 4.89643e-01
5.96000e-01 4.89643e-01
6.00000e-01 4.89646e-01
6.04000e-01 4.89655e-01
6.08000e-01 4.89681e-01
6.12000e-01 4.89750e-01
6.16000e-01 4.89918e-01
6.20000e-01 4.90312e-01
6.24000e-01 4.91239e-01
6.28000e-01 4.93487e-01
6.32000e-01 4.98985e-01
6.36000e-01 5.10317e-01
6.40000e-01 5.22432e-01
6.44000e-01 5.25688e-01
6.48000e-01 5.25623e-01
6.52000e-01 5.23701e-01
6.56000e-01 5.12852e-01
6.60000e-01 4.89999e-01
6.64000e-01 4.78014e-01
6.68000e-01 4.77000e-01
6.72000e-01 4.77003e-01
6.76000e-01 4.77083e-01
6.80000e-01 4.77399e-01
6.84000e-01 4.78195e-01
6.88000e-01 4.79763e-01
6.92000e-01 4.82493e-01
6.96000e-01 4.87181e-01
7.00000e-01 4.95530e-01
7.04000e-01 5.09031e-01
7.08000e-01 5.21970e-01
7.12000e-01 5.26013e-01
7.16000e-01 5.26244e-01
7.20000e-01 5.26245e-01
7.24000e-01 5.26242e-01
7.28000e-01 5.26217e-01
7.32000e-01 5.25990e-01
7.36000e-01 5.24081e-01
7.40000e-01 5.11974e-01
7.44000e-01 4.77711e-01
7.48000e-01 4.53549e-01
7.52000e-01 4.51029e-01
7.56000e-01 4.51337e-01
7.60000e-01 4.53416e-01
7.64000e-01 4.59059e-01
7.68000e-01 4.66544e-01
7.72000e-01 4.70555e-01
7.76000e-01 4.71498e-01
7.80000e-01 4.71884e-01
7.84000e-01 4.72501e-01
7.88000e-01 4.74303e-01
7.92000e-01 4.79539e-01
7.96000e-01 4.88886e-01
8.00000e-01 4.93753e-01
8.04000e-01 4.93800e-01
8.08000e-01 4.91088e-01
8.12000e-01 4.76953e-01
8.16000e-01 4.53279e-01
8.20000e-01 4.44530e-01
8.24000e-01 4.44190e-01
8.28000e-01 4.44487e-01
8.32000e-01 4.45584e-01
8.36000e-01 4.46640e-01
8.40000e-01 4.46863e-01
8.44000e-01 4.46875e-01
8.48000e-01 4.46880e-01
8.52000e-01 4.46892e-01
8.56000e-01 4.46929e-01
8.60000e-01 4.47025e-01
8.64000e-01 4.47235e-01
8.68000e-01 4.47642e-01
8.72000e-01 4.48351e-01
8.76000e-01 4.49511e-01
8.80000e-01 4.51391e-01
8.84000e-01 4.54518e-01
8.88000e-01 4.59374e-01
8.92000e-01 4.64456e-01
8.96000e-01 4.66664e-01
9.00000e-01 4.66950e-01
9.04000e-01 4.66984e-01
9.08000e-01 4.67014e-01
9.12000e-01 4.67079e-01
9.16000e-01 4.67239e-01
9.20000e-01 4.67587e-01
9.24000e-01 4.68248e-01
9.28000e-01 4.69354e-01
9.32000e-01 4.71004e-01
9.36000e-01 4.73230e-01
9.40000e-01 4.75992e-01
9.44000e-01 4.79175e-01
9.48000e-01 4.82562e-01
9.52000e-01 4.85804e-01
9.56000e-01 4.88503e-01
9.60000e-01 4.90460e-01
9.64000e-01 4.91794e-01
9.68000e-01 4.92770e-01
9.72000e-01 4.93608e-01
9.76000e-01 4.94473e-01
9.80000e-01 4.95557e-01
9.84000e-01 4.97277e-01
9.88000e-01 5.00763e-01
9.92000e-01 5.08691e-01
9.96000e-01 5.22200e-01
1.00000e+00 5.30483e-01
1.00400e+00 5.31015e-01
1.00800e+00 5.29150e-01
1.01200e+00 5.15252e-01
1.01600e+00 4.82886e-01
1.02000e+00 4.66142e-01
1.02400e+00 4.65030e-01
1.02800e+00 4.65323e-01
1.03200e+00 4.67111e-01
1.03600e+00 4.72515e-01
1.04000e+00 4.84087e-01
1.04400e+00 5.00138e-01
1.04800e+00 5.09372e-01
1.05200e+00 5.10638e-01
1.05600e+00 5.10661e-01
1.06000e+00 5.10661e-01
1.06400e+00 5.10661e-01
1.06800e+00 5.10661e-01
1.07200e+00 5.10661e-01
1.07600e+00 5.10660e-01
1.08000e+00 5.10657e-01
1.08400e+00 5.10636e-01
1.08800e+00 5.10496e-01
1.09200e+00 5.09585e-01
1.09600e+00 5.04513e-01
1.10000e+00 4.87312e-01
1.10400e+00 4.66650e-01
1.10800e+00 4.61171e-01
1.11200e+00 4.60996e-01
1.11600e+00 4.61042e-01
1.12000e+00 4.61323e-01
1.12400e+00 4.62175e-01
1.12800e+00 4.63989e-01
1.13200e+00 4.66933e-01
1.13600e+00 4.70697e-01
1.14000e+00 4.74725e-01
1.14400e+00 4.78895e-01
1.14800e+00 4.83925e-01
1.15200e+00 4.91409e-01
1.15600e+00 5.02335e-01
1.16000e+00 5.11553e-01
1.16400e+00 5.13957e-01
1.16800e+00 5.14063e-01
1.17200e+00 5.14062e-01
1.17600e+00 5.14042e-01
1.18000e+00 5.13874e-01
1.18400e+00 5.12590e-01
1.18800e+00 5.04587e-01
1.19200e+00 4.77728e-01
1.19600e+00 4.50450e-01
1.20000e+00 4.44982e-01
1.20400e+00 4.44863e-01
1.20800e+00 4.44896e-01
1.21200e+00 4.45098e-01
1.21600e+00 4.45757e-01
1.22000e+00 4.47322e-01
1.22400e+00 4.49849e-01
1.22800e+00 4.51949e-01
1.23200e+00 4.52663e-01
1.23600e+00 4.52828e-01
1.24000e+00 4.52939e-01
1.24400e+00 4.53141e-01
1.24800e+00 4.53636e-01
1.25200e+00 4.54854e-01
1.25600e+00 4.57712e-01
1.26000e+00 4.63582e-01
1.26400e+00 4.71562e-01
1.26800e+00 4.75912e-01
1.27200e+00 4.76470e-01
1.27600e+00 4.76482e-01
1.28000e+00 4.76483e-01
1.28400e+00 4.76486e-01
1.28800e+00 4.76496e-01
1.29200e+00 4.76528e-01
1.29600e+00 4.76613e-01
1.30000e+00 4.76810e-01
1.30400e+00 4.77218e-01
1.30800e+00 4.77992e-01
1.31200e+00 4.79401e-01
1.31600e+00 4.82012e-01
1.32000e+00 4.87073e-01
1.32400e+00 4.96569e-01
1.32800e+00 5.09252e-01
1.33200e+00 5.16238e-01
1.33600e+00 5.17131e-01
1.34000e+00 5.17145e-01
1.34400e+00 5.17145e-01
1.34800e+00 5.17145e-01
1.35200e+00 5.17144e-01
1.35600e+00 5.17133e-01
1.36000e+00 5.17047e-01
1.36400e+00 5.16366e-01
1.36800e+00 5.11622e-01
1.37200e+00 4.90788e-01
1.37600e+00 4.58585e-01
1.38000e+00 4.47706e-01
1.38400e+00 4.47240e-01
1.38800e+00 4.47326e-01
1.39200e+00 4.47847e-01
1.39600e+00 4.49267e-01
1.40000e+00 4.51263e-01
1.40400e+00 4.52472e-01
1.40800e+00 4.52808e-01
1.41200e+00 4.52940e-01
1.41600e+00 4.53110e-01
1.42000e+00 4.53505e-01
1.42400e+00 4.54527e-01
1.42800e+00 4.57060e-01
1.43200e+00 4.62353e-01
1.43600e+00 4.69136e-01
1.44000e+00 4.72331e-01
1.44400e+00 4.72656e-01
1.44800e+00 4.72660e-01
1.45200e+00 4.72660e-01
1.45600e+00 4.72661e-01
1.46000e+00 4.72662e-01
1.46400e+00 4.72667e-01
1.46800e+00 4.72680e-01
1.47200e+00 4.72714e-01
1.47600e+00 4.72791e-01
1.48000e+00 4.72949e-01
1.48400e+00 4.73259e-01
1.48800e+00 4.73875e-01
1.49200e+00 4.75197e-01
1.49600e+00 4.78146e-01
1.50000e+00 4.83688e-01
1.50400e+00 4.89312e-01
1.50800e+00 4.91075e-01
1.51200e+00 4.91176e-01
1.51600e+00 4.91177e-01
1.52000e+00 4.91178e-01
1.52400e+00 4.91180e-01
1.52800e+00 4.91186e-01
1.53200e+00 4.91206e-01
1.53600e+00 4.91260e-01
1.54000e+00 4.91378e-01
1.54400e+00 4.91593e-01
1.54800e+00 4.91937e-01
1.55200e+00 4.92525e-01
1.55600e+00 4.93815e-01
1.56000e+00 4.97256e-01
1.56400e+00 5.04754e-01
1.56800e+00 5.11109e-01
1.57200e+00 5.11790e-01
1.57600e+00 5.10560e-01
1.58000e+00 5.01011e-01
1.58400e+00 4.76117e-01
1.58800e+00 4.60276e-01
1.59200e+00 4.58879e-01
1.59600e+00 4.59230e-01
1.60000e+00 4.61501e-01
1.60400e+00 4.68380e-01
1.60800e+00 4.80300e-01
1.61200e+00 4.88852e-01
1.61600e+00 4.90384e-01
1.62000e+00 4.90423e-01
1.62400e+00 4.90423e-01
1.62800e+00 4.90423e-01
1.63200e+00 4.90423e-01
1.63600e+00 4.90423e-01
1.64000e+00 4.90423e-01
1.64400e+00 4.90423e-01
1.64800e+00 4.90423e-01
1.65200e+00 4.90423e-01
1.65600e+00 4.90423e-01
1.66000e+00 4.90424e-01
1.66400e+00 4.90424e-01
1.66800e+00 4.90426e-01
1.67200e+00 4.90429e-01
1.67600e+00 4.90437e-01
1.68000e+00 4.90455e-01
1.68400e+00 4.90493e-01
1.68800e+00 4.90568e-01
1.69200e+00 4.90710e-01
1.69600e+00 4.90970e-01
1.70000e+00 4.91435e-01
1.70400e+00 4.92293e-01
1.70800e+00 4.93972e-01
1.71200e+00 4.97501e-01
1.71600e+00 5.04947e-01
1.72000e+00 5.17238e-01
1.72400e+00 5.26824e-01
1.72800e+00 5.28774e-01
1.73200e+00 5.28823e-01
1.73600e+00 5.28798e-01
1.74000e+00 5.28567e-01
1.74400e+00 5.27204e-01
1.74800e+00 5.21687e-01
1.75200e+00 5.11289e-01
1.75600e+00 5.05945e-01
1.76000e+00 5.05550e-01
1.76400e+00 5.05650e-01
1.76800e+00 5.06433e-01
1.77200e+00 5.09068e-01
1.77600e+00 5.12429e-01
1.78000e+00 5.13305e-01
1.78400e+00 5.13240e-01
1.78800e+00 5.12264e-01
1.79200e+00 5.06875e-01
1.79600e+00 4.93028e-01
1.80000e+00 4.82520e-01
1.80400e+00 4.81188e-01
1.80800e+00 4.81320e-01
1.81200e+00 4.82464e-01
1.81600e+00 4.86217e-01
1.82000e+00 4.90845e-01
1.82400e+00 4.92057e-01
1.82800e+00 4.91995e-01
1.83200e+00 4.91064e-01
1.83600e+00 4.86724e-01
1.84000e+00 4.77777e-01
1.84400e+00 4.72246e-01
1.84800e+00 4.71607e-01
1.85200e+00 4.71606e-01
1.85600e+00 4.71656e-01
1.86000e+00 4.71877e-01
1.86400e+00 4.72424e-01
1.86800e+00 4.73182e-01
1.87200e+00 4.73705e-01
1.87600e+00 4.73934e-01
1.88000e+00 4.74094e-01
1.88400e+00 4.74354e-01
1.88800e+00 4.74999e-01
1.89200e+00 4.76726e-01
1.89600e+00 4.81021e-01
1.90000e+00 4.89109e-01
1.90400e+00 4.96576e-01
1.90800e+00 4.98510e-01
1.91200e+00 4.98583e-01
1.91600e+00 4.98570e-01
1.92000e+00 4.98453e-01
1.92400e+00 4.97843e-01
1.92800e+00 4.95476e-01
1.93200e+00 4.89739e-01
1.93600e+00 4.83875e-01
1.94000e+00 4.81998e-01
1.94400e+00 4.81639e-01
1.94800e+00 4.81318e-01
1.95200e+00 4.80453e-01
1.95600e+00 4.78270e-01
1.96000e+00 4.75766e-01
1.96400e+00 4.75022e-01
1.96800e+00 4.74996e-01
1.97200e+00 4.75016e-01
1.97600e+00 4.75153e-01
1.98000e+00 4.75702e-01
1.98400e+00 4.77416e-01
1.98800e+00 4.81230e-01
1.99200e+00 4.85812e-01
1.99600e+00 4.86017e-01
