0.00000e+00 4.84103e-01
4.00000e-03 4.84103e-01
8.00000e-03 4.84105e-01
1.20000e-02 4.84144e-01
1.60000e-02 4.84540e-01
2.00000e-02 4.87039e-01
2.40000e-02 4.97092e-01
2.80000e-02 5.23168e-01
3.20000e-02 5.59172e-01
3.60000e-02 5.75196e-01
4.00000e-02 5.76385e-01
4.40000e-02 5.76286e-01
4.80000e-02 5.74796e-01
5.20000e-02 5.64418e-01
5.60000e-02 5.34387e-01
6.00000e-02 5.08253e-01
6.40000e-02 4.98049e-01
6.80000e-02 4.88399e-01
7.20000e-02 4.69372e-01
7.60000e-02 4.52188e-01
8.00000e-02 4.49253e-01
8.40000e-02 4.49445e-01
8.80000e-02 4.51088e-01
9.20000e-02 4.56154e-01
9.60000e-02 4.66055e-01
1.00000e-01 4.81411e-01
1.04000e-01 5.03508e-01
1.08000e-01 5.33143e-01
1.12000e-01 5.59325e-01
1.16000e-01 5.67472e-01
1.20000e-01 5.67949e-01
1.24000e-01 5.67951e-01
1.28000e-01 5.67945e-01
1.32000e-01 5.67893e-01
1.36000e-01 5.67594e-01
1.40000e-01 5.66356e-01
1.44000e-01 5.63673e-01
1.48000e-01 5.61776e-01
1.52000e-01 5.61453e-01
1.56000e-01 5.61406e-01
1.60000e-01 5.61340e-01
1.64000e-01 5.61079e-01
1.68000e-01 5.60263e-01
1.72000e-01 5.59225e-01
1.76000e-01 5.58921e-01
1.80000e-01 5.58913e-01
1.84000e-01 5.58931e-01
1.88000e-01 5.59062e-01
1.92000e-01 5.59686e-01
1.96000e-01 5.62124e-01
2.00000e-01 5.69142e-01
2.04000e-01 5.79228e-01
2.08000e-01 5.83409e-01
2.12000e-01 5.83694e-01
2.16000e-01 5.83693e-01
2.20000e-01 5.83641e-01
2.24000e-01 5.82895e-01
2.28000e-01 5.73810e-01
2.32000e-01 5.22811e-01
2.36000e-01 4.59804e-01
2.40000e-01 4.47767e-01
2.44000e-01 4.47686e-01
2.48000e-01 4.48478e-01
2.52000e-01 4.51585e-01
2.56000e-01 4.59145e-01
2.60000e-01 4.71705e-01
2.64000e-01 4.81883e-01
2.68000e-01 4.84218e-01
2.72000e-01 4.84292e-01
2.76000e-01 4.84266e-01
2.80000e-01 4.84029e-01
2.84000e-01 4.82639e-01
2.88000e-01 4.76546e-01
2.92000e-01 4.61802e-01
2.96000e-01 4.49956e-01
3.00000e-01 4.48002e-01
3.04000e-01 4.47983e-01
3.08000e-01 4.48094e-01
3.12000e-01 4.48654e-01
3.16000e-01 4.50549e-01
3.20000e-01 4.55831e-01
3.24000e-01 4.66319e-01
3.28000e-01 4.74832e-01
3.32000e-01 4.75892e-01
3.36000e-01 4.74954e-01
3.40000e-01 4.67770e-01
3.44000e-01 4.48465e-01
3.48000e-01 4.34456e-01
3.52000e-01 4.32812e-01
3.56000e-01 4.32975e-01
3.60000e-01 4.34123e-01
3.64000e-01 4.37443e-01
3.68000e-01 4.43567e-01
3.72000e-01 4.51959e-01
3.76000e-01 4.61227e-01
3.80000e-01 4.69971e-01
3.84000e-01 4.77400e-01
3.88000e-01 4.83414e-01
3.92000e-01 4.88329e-01
3.96000e-01 4.92558e-01
4.00000e-01 4.96439e-01
4.04000e-01 5.00199e-01
4.08000e-01 5.03983e-01
4.12000e-01 5.07934e-01
4.16000e-01 5.12327e-01
4.20000e-01 5.17807e-01
4.24000e-01 5.25859e-01
4.28000e-01 5.39315e-01
4.32000e-01 5.59085e-01
4.36000e-01 5.73755e-01
4.40000e-01 5.76667e-01
4.44000e-01 5.76752e-01
4.48000e-01 5.76752e-01
4.52000e-01 5.76752e-01
4.56000e-01 5.76752e-01
4.60000e-01 5.76752e-01
4.64000e-01 5.76752e-01
4.68000e-01 5.76751e-01
4.72000e-01 5.76749e-01
4.76000e-01 5.76733e-01
4.80000e-01 5.76545e-01
4.84000e-01 5.74054e-01
4.88000e-01 5.51299e-01
4.92000e-01 4.85541e-01
4.96000e-01 4.50826e-01
5.00000e-01 4.48904e-01
5.04000e-01 4.49935e-01
5.08000e-01 4.55074e-01
5.12000e-01 4.66121e-01
5.16000e-01 4.76047e-01
5.20000e-01 4.78477e-01
5.24000e-01 4.78585e-01
5.28000e-01 4.78592e-01
5.32000e-01 4.78604e-01
5.36000e-01 4.78653e-01
5.40000e-01 4.78862e-01
5.44000e-01 4.79683e-01
5.48000e-01 4.82267e-01
5.52000e-01 4.86570e-01
5.56000e-01 4.88410e-01
5.60000e-01 4.88383e-01
5.64000e-01 4.87170e-01
5.68000e-01 4.80930e-01
5.72000e-01 4.67951e-01
5.76000e-01 4.60742e-01
5.80000e-01 4.60197e-01
5.84000e-01 4.60424e-01
5.88000e-01 4.61882e-01
5.92000e-01 4.66610e-01
5.96000e-01 4.76396e-01
6.00000e-01 4.86400e-01
6.04000e-01 4.89474e-01
6.08000e-01 4.89642e-01
6.12000e-01 4.89643e-01
6.16000e-01 4.89643e-01
6.20000e-01 4.89644e-01
6.24000e-01 4.89646e-01
6.28000e-01 4.89652e-01
6.32000e-01 4.89672e-01
6.36000e-01 4.89725e-01
6.40000e-01 4.89856e-01
6.44000e-01 4.90164e-01
6.48000e-01 4.90891e-01
6.52000e-01 4.92656e-01
6.56000e-01 4.97038e-01
6.60000e-01 5.06778e-01
6.64000e-01 5.19625e-01
6.68000e-01 5.24725e-01
6.72000e-01 5.24872e-01
6.76000e-01 5.23763e-01
6.80000e-01 5.16072e-01
6.84000e-01 4.95058e-01
6.88000e-01 4.79238e-01
6.92000e-01 4.77073e-01
6.96000e-01 4.77052e-01
7.00000e-01 4.77103e-01
7.04000e-01 4.77346e-01
7.08000e-01 4.78008e-01
7.12000e-01 4.79370e-01
7.16000e-01 4.81778e-01
7.20000e-01 4.85884e-01
7.24000e-01 4.93144e-01
7.28000e-01 5.05484e-01
7.32000e-01 5.19609e-01
7.36000e-01 5.25689e-01
7.40000e-01 5.26238e-01
7.44000e-01 5.26243e-01
7.48000e-01 5.26241e-01
7.52000e-01 5.26215e-01
7.56000e-01 5.25979e-01
7.60000e-01 5.24020e-01
7.64000e-01 5.11754e-01
7.68000e-01 4.77744e-01
7.72000e-01 4.54331e-01
7.76000e-01 4.51975e-01
7.80000e-01 4.52298e-01
7.84000e-01 4.54437e-01
7.88000e-01 4.60142e-01
7.92000e-01 4.67392e-01
7.96000e-01 4.70988e-01
8.00000e-01 4.71789e-01
8.04000e-01 4.72155e-01
8.08000e-01 4.72809e-01
8.12000e-01 4.74808e-01
8.16000e-01 4.80456e-01
8.20000e-01 4.89114e-01
8.24000e-01 4.92363e-01
8.28000e-01 4.92150e-01
8.32000e-01 4.88473e-01
8.36000e-01 4.72536e-01
8.40000e-01 4.50909e-01
8.44000e-01 4.44759e-01
8.48000e-01 4.44621e-01
8.52000e-01 4.44932e-01
8.56000e-01 4.45917e-01
8.60000e-01 4.46728e-01
8.64000e-01 4.46874e-01
8.68000e-01 4.46883e-01
8.72000e-01 4.46889e-01
8.76000e-01 4.46906e-01
8.80000e-01 4.46954e-01
8.84000e-01 4.47073e-01
8.88000e-01 4.47325e-01
8.92000e-01 4.47797e-01
8.96000e-01 4.48597e-01
9.00000e-01 4.49905e-01
9.04000e-01 4.52099e-01
9.08000e-01 4.55872e-01
9.12000e-01 4.61369e-01
9.16000e-01 4.65758e-01
9.20000e-01 4.66910e-01
9.24000e-01 4.66994e-01
9.28000e-01 4.67010e-01
9.32000e-01 4.67033e-01
9.36000e-01 4.67094e-01
9.40000e-01 4.67250e-01
9.44000e-01 4.67593e-01
9.48000e-01 4.68248e-01
9.52000e-01 4.69349e-01
9.56000e-01 4.70995e-01
9.60000e-01 4.73217e-01
9.64000e-01 4.75975e-01
9.68000e-01 4.79163e-01
9.72000e-01 4.82583e-01
9.76000e-01 4.85894e-01
9.80000e-01 4.88664e-01
9.84000e-01 4.90640e-01
9.88000e-01 4.91932e-01
9.92000e-01 4.92828e-01
9.96000e-01 4.93566e-01
1.00000e+00 4.94306e-01
1.00400e+00 4.95208e-01
1.00800e+00 4.96599e-01
1.01200e+00 4.99369e-01
1.01600e+00 5.05816e-01
1.02000e+00 5.18217e-01
1.02400e+00 5.28166e-01
1.02800e+00 5.29383e-01
1.03200e+00 5.28236e-01
1.03600e+00 5.17970e-01
1.04000e+00 4.88289e-01
1.04400e+00 4.67788e-01
1.04800e+00 4.65681e-01
1.05200e+00 4.65876e-01
1.05600e+00 4.67317e-01
1.06000e+00 4.72045e-01
1.06400e+00 4.82720e-01
1.06800e+00 4.98615e-01
1.07200e+00 5.08937e-01
1.07600e+00 5.10622e-01
1.08000e+00 5.10661e-01
1.08400e+00 5.10661e-01
1.08800e+00 5.10661e-01
1.09200e+00 5.10661e-01
1.09600e+00 5.10661e-01
1.10000e+00 5.10660e-01
1.10400e+00 5.10657e-01
1.10800e+00 5.10636e-01
1.11200e+00 5.10494e-01
1.11600e+00 5.09573e-01
1.12000e+00 5.04461e-01
1.12400e+00 4.87209e-01
1.12800e+00 4.66649e-01
1.13200e+00 4.61252e-01
1.13600e+00 4.61083e-01
1.14000e+00 4.61129e-01
1.14400e+00 4.61409e-01
1.14800e+00 4.62259e-01
1.15200e+00 4.64066e-01
1.15600e+00 4.66995e-01
1.16000e+00 4.70726e-01
1.16400e+00 4.74685e-01
1.16800e+00 4.78726e-01
1.17200e+00 4.83523e-01
1.17600e+00 4.90620e-01
1.18000e+00 5.01266e-01
1.18400e+00 5.11003e-01
1.18800e+00 5.13902e-01
1.19200e+00 5.14056e-01
1.19600e+00 5.14055e-01
1.20000e+00 5.14033e-01
1.20400e+00 5.13831e-01
1.20800e+00 5.12292e-01
1.21200e+00 5.02986e-01
1.21600e+00 4.74429e-01
1.22000e+00 4.49206e-01
1.22400e+00 4.44993e-01
1.22800e+00 4.44929e-01
1.23200e+00 4.44985e-01
1.23600e+00 4.45284e-01
1.24000e+00 4.46195e-01
1.24400e+00 4.48179e-01
1.24800e+00 4.50841e-01
1.25200e+00 4.52445e-01
1.25600e+00 4.52828e-01
1.26000e+00 4.52930e-01
1.26400e+00 4.53034e-01
1.26800e+00 4.53265e-01
1.27200e+00 4.53857e-01
1.27600e+00 4.55326e-01
1.28000e+00 4.58742e-01
1.28400e+00 4.65386e-01
1.28800e+00 4.73078e-01
1.29200e+00 4.76214e-01
1.29600e+00 4.76480e-01
1.30000e+00 4.76484e-01
1.30400e+00 4.76485e-01
1.30800e+00 4.76488e-01
1.31200e+00 4.76497e-01
1.31600e+00 4.76526e-01
1.32000e+00 4.76602e-01
1.32400e+00 4.76780e-01
1.32800e+00 4.77149e-01
1.33200e+00 4.77850e-01
1.33600e+00 4.79124e-01
1.34000e+00 4.81463e-01
1.34400e+00 4.85964e-01
1.34800e+00 4.94578e-01
1.35200e+00 5.07209e-01
1.35600e+00 5.15664e-01
1.36000e+00 5.17110e-01
1.36400e+00 5.17145e-01
1.36800e+00 5.17145e-01
1.37200e+00 5.17145e-01
1.37600e+00 5.17144e-01
1.38000e+00 5.17131e-01
1.38400e+00 5.17032e-01
1.38800e+00 5.16253e-01
1.39200e+00 5.10913e-01
1.39600e+00 4.88645e-01
1.40000e+00 4.57195e-01
1.40400e+00 4.47769e-01
1.40800e+00 4.47441e-01
1.41200e+00 4.47560e-01
1.41600e+00 4.48218e-01
1.42000e+00 4.49848e-01
1.42400e+00 4.51789e-01
1.42800e+00 4.52711e-01
1.43200e+00 4.52935e-01
1.43600e+00 4.53051e-01
1.44000e+00 4.53241e-01
1.44400e+00 4.53724e-01
1.44800e+00 4.54999e-01
1.45200e+00 4.58110e-01
1.45600e+00 4.64116e-01
1.46000e+00 4.70414e-01
1.46400e+00 4.72526e-01
1.46800e+00 4.72659e-01
1.47200e+00 4.72661e-01
1.47600e+00 4.72661e-01
1.48000e+00 4.72661e-01
1.48400e+00 4.72662e-01
1.48800e+00 4.72667e-01
1.49200e+00 4.72680e-01
1.49600e+00 4.72712e-01
1.50000e+00 4.72784e-01
1.50400e+00 4.72933e-01
1.50800e+00 4.73228e-01
1.51200e+00 4.73835e-01
1.51600e+00 4.75178e-01
1.52000e+00 4.78227e-01
1.52400e+00 4.83916e-01
1.52800e+00 4.89468e-01
1.53200e+00 4.91093e-01
1.53600e+00 4.91177e-01
1.54000e+00 4.91178e-01
1.54400e+00 4.91178e-01
1.54800e+00 4.91180e-01
1.55200e+00 4.91184e-01
1.55600e+00 4.91200e-01
1.56000e+00 4.91240e-01
1.56400e+00 4.91331e-01
1.56800e+00 4.91501e-01
1.57200e+00 4.91784e-01
1.57600e+00 4.92296e-01
1.58000e+00 4.93473e-01
1.58400e+00 4.96705e-01
1.58800e+00 5.03792e-01
1.59200e+00 5.09752e-01
1.59600e+00 5.10378e-01
1.60000e+00 5.09222e-01
1.60400e+00 5.00300e-01
1.60800e+00 4.76690e-01
1.61200e+00 4.61148e-01
1.61600e+00 4.59701e-01
1.62000e+00 4.60038e-01
1.62400e+00 4.62260e-01
1.62800e+00 4.69059e-01
1.63200e+00 4.80777e-01
1.63600e+00 4.88981e-01
1.64000e+00 4.90389e-01
1.64400e+00 4.90423e-01
1.64800e+00 4.90423e-01
1.65200e+00 4.90423e-01
1.65600e+00 4.90423e-01
1.66000e+00 4.90423e-01
1.66400e+00 4.90423e-01
1.66800e+00 4.90423e-01
1.67200e+00 4.90423e-01
1.67600e+00 4.90423e-01
1.68000e+00 4.90423e-01
1.68400e+00 4.90424e-01
1.68800e+00 4.90424e-01
1.69200e+00 4.90425e-01
1.69600e+00 4.90428e-01
1.70000e+00 4.90434e-01
1.70400e+00 4.90449e-01
1.70800e+00 4.90479e-01
1.71200e+00 4.90541e-01
1.71600e+00 4.90658e-01
1.72000e+00 4.90874e-01
1.72400e+00 4.91259e-01
1.72800e+00 4.91959e-01
1.73200e+00 4.93297e-01
1.73600e+00 4.96050e-01
1.74000e+00 5.01940e-01
1.74400e+00 5.12940e-01
1.74800e+00 5.24635e-01
1.75200e+00 5.28567e-01
1.75600e+00 5.28792e-01
1.76000e+00 5.28784e-01
1.76400e+00 5.28676e-01
1.76800e+00 5.27965e-01
1.77200e+00 5.24565e-01
1.77600e+00 5.15425e-01
1.78000e+00 5.07208e-01
1.78400e+00 5.05781e-01
1.78800e+00 5.05802e-01
1.79200e+00 5.06228e-01
1.79600e+00 5.08091e-01
1.80000e+00 5.11440e-01
1.80400e+00 5.12898e-01
1.80800e+00 5.12907e-01
1.81200e+00 5.12230e-01
1.81600e+00 5.07986e-01
1.82000e+00 4.95433e-01
1.82400e+00 4.83687e-01
1.82800e+00 4.81657e-01
1.83200e+00 4.81735e-01
1.83600e+00 4.82665e-01
1.84000e+00 4.85971e-01
1.84400e+00 4.90380e-01
1.84800e+00 4.91650e-01
1.85200e+00 4.91600e-01
1.85600e+00 4.90722e-01
1.86000e+00 4.86569e-01
1.86400e+00 4.77849e-01
1.86800e+00 4.72308e-01
1.87200e+00 4.71642e-01
1.87600e+00 4.71640e-01
1.88000e+00 4.71686e-01
1.88400e+00 4.71892e-01
1.88800e+00 4.72416e-01
1.89200e+00 4.73178e-01
1.89600e+00 4.73738e-01
1.90000e+00 4.73990e-01
1.90400e+00 4.74156e-01
1.90800e+00 4.74412e-01
1.91200e+00 4.75032e-01
1.91600e+00 4.76685e-01
1.92000e+00 4.80819e-01
1.92400e+00 4.88748e-01
1.92800e+00 4.96367e-01
1.93200e+00 4.98471e-01
1.93600e+00 4.98559e-01
1.94000e+00 4.98549e-01
1.94400e+00 4.98453e-01
1.94800e+00 4.97945e-01
1.95200e+00 4.95918e-01
1.95600e+00 4.90625e-01
1.96000e+00 4.84374e-01
1.96400e+00 4.81933e-01
1.96800e+00 4.81433e-01
1.97200e+00 4.81060e-01
1.97600e+00 4.80156e-01
1.98000e+00 4.77997e-01
1.98400e+00 4.75675e-01
1.98800e+00 4.75040e-01
1.99200e+00 4.75094e-01
1.99600e+00 4.75102e-01
