0.00000e+00 5.83756e-01
4.00000e-03 5.83756e-01
8.00000e-03 5.83756e-01
1.20000e-02 5.83754e-01
1.60000e-02 5.83703e-01
2.00000e-02 5.82857e-01
2.40000e-02 5.73595e-01
2.80000e-02 5.32475e-01
3.20000e-02 4.91183e-01
3.60000e-02 4.84894e-01
4.00000e-02 4.85030e-01
4.40000e-02 4.86662e-01
4.80000e-02 4.92641e-01
5.20000e-02 5.07412e-01
5.60000e-02 5.34969e-01
6.00000e-02 5.64939e-01
6.40000e-02 5.75504e-01
6.80000e-02 5.76063e-01
7.20000e-02 5.75866e-01
7.60000e-02 5.73604e-01
8.00000e-02 5.61439e-01
8.40000e-02 5.32495e-01
8.80000e-02 5.02248e-01
9.20000e-02 4.78152e-01
9.60000e-02 4.58344e-01
1.00000e-01 4.50474e-01
1.04000e-01 4.49958e-01
1.08000e-01 4.50242e-01
1.12000e-01 4.51925e-01
1.16000e-01 4.56600e-01
1.20000e-01 4.65276e-01
1.24000e-01 4.78046e-01
1.28000e-01 4.95410e-01
1.32000e-01 5.19299e-01
1.36000e-01 5.47731e-01
1.40000e-01 5.65054e-01
1.44000e-01 5.67882e-01
1.48000e-01 5.67948e-01
1.52000e-01 5.67948e-01
1.56000e-01 5.67941e-01
1.60000e-01 5.67889e-01
1.64000e-01 5.67601e-01
1.68000e-01 5.66414e-01
1.72000e-01 5.63768e-01
1.76000e-01 5.61783e-01
1.80000e-01 5.61415e-01
1.84000e-01 5.61360e-01
1.88000e-01 5.61287e-01
1.92000e-01 5.61010e-01
1.96000e-01 5.60180e-01
2.00000e-01 5.59197e-01
2.04000e-01 5.58936e-01
2.08000e-01 5.58930e-01
2.12000e-01 5.58946e-01
2.16000e-01 5.59061e-01
2.20000e-01 5.59609e-01
2.24000e-01 5.61769e-01
2.28000e-01 5.68226e-01
2.32000e-01 5.78395e-01
2.36000e-01 5.83269e-01
2.40000e-01 5.83667e-01
2.44000e-01 5.83656e-01
2.48000e-01 5.83340e-01
2.52000e-01 5.78716e-01
2.56000e-01 5.42783e-01
2.60000e-01 4.72229e-01
2.64000e-01 4.49199e-01
2.68000e-01 4.48568e-01
2.72000e-01 4.49307e-01
2.76000e-01 4.52684e-01
2.80000e-01 4.61047e-01
2.84000e-01 4.73989e-01
2.88000e-01 4.82732e-01
2.92000e-01 4.84225e-01
2.96000e-01 4.84250e-01
3.00000e-01 4.84205e-01
3.04000e-01 4.83838e-01
3.08000e-01 4.81804e-01
3.12000e-01 4.73735e-01
3.16000e-01 4.58024e-01
3.20000e-01 4.49003e-01
3.24000e-01 4.48076e-01
3.28000e-01 4.48091e-01
3.32000e-01 4.48285e-01
3.36000e-01 4.49132e-01
3.40000e-01 4.51846e-01
3.44000e-01 4.58809e-01
3.48000e-01 4.69468e-01
3.52000e-01 4.74376e-01
3.56000e-01 4.74442e-01
3.60000e-01 4.72350e-01
3.64000e-01 4.61526e-01
3.68000e-01 4.42073e-01
3.72000e-01 4.33751e-01
3.76000e-01 4.33343e-01
3.80000e-01 4.33653e-01
3.84000e-01 4.35212e-01
3.88000e-01 4.39075e-01
3.92000e-01 4.45603e-01
3.96000e-01 4.54066e-01
4.00000e-01 4.63088e-01
4.04000e-01 4.71415e-01
4.08000e-01 4.78391e-01
4.12000e-01 4.83990e-01
4.16000e-01 4.88542e-01
4.20000e-01 4.92449e-01
4.24000e-01 4.96035e-01
4.28000e-01 4.99514e-01
4.32000e-01 5.03003e-01
4.36000e-01 5.06580e-01
4.40000e-01 5.10372e-01
4.44000e-01 5.14699e-01
4.48000e-01 5.20344e-01
4.52000e-01 5.29075e-01
4.56000e-01 5.43904e-01
4.60000e-01 5.63736e-01
4.64000e-01 5.75191e-01
4.68000e-01 5.76726e-01
4.72000e-01 5.76752e-01
4.76000e-01 5.76752e-01
4.80000e-01 5.76752e-01
4.84000e-01 5.76752e-01
4.88000e-01 5.76752e-01
4.92000e-01 5.76752e-01
4.96000e-01 5.76751e-01
5.00000e-01 5.76745e-01
5.04000e-01 5.76651e-01
5.08000e-01 5.75300e-01
5.12000e-01 5.60785e-01
5.16000e-01 5.02348e-01
5.20000e-01 4.55700e-01
5.24000e-01 4.51002e-01
5.28000e-01 4.51845e-01
5.32000e-01 4.56764e-01
5.36000e-01 4.67611e-01
5.40000e-01 4.76637e-01
5.44000e-01 4.78526e-01
5.48000e-01 4.78595e-01
5.52000e-01 4.78602e-01
5.56000e-01 4.78615e-01
5.60000e-01 4.78672e-01
5.64000e-01 4.78914e-01
5.68000e-01 4.79848e-01
5.72000e-01 4.82617e-01
5.76000e-01 4.86569e-01
5.80000e-01 4.87843e-01
5.84000e-01 4.87740e-01
5.88000e-01 4.86260e-01
5.92000e-01 4.79423e-01
5.96000e-01 4.66861e-01
6.00000e-01 4.60955e-01
6.04000e-01 4.60623e-01
6.08000e-01 4.60882e-01
6.12000e-01 4.62429e-01
6.16000e-01 4.67286e-01
6.20000e-01 4.77096e-01
6.24000e-01 4.86724e-01
6.28000e-01 4.89504e-01
6.32000e-01 4.89642e-01
6.36000e-01 4.89643e-01
6.40000e-01 4.89643e-01
6.44000e-01 4.89644e-01
6.48000e-01 4.89645e-01
6.52000e-01 4.89650e-01
6.56000e-01 4.89666e-01
6.60000e-01 4.89707e-01
6.64000e-01 4.89808e-01
6.68000e-01 4.90049e-01
6.72000e-01 4.90620e-01
6.76000e-01 4.92008e-01
6.80000e-01 4.95488e-01
6.84000e-01 5.03662e-01
6.88000e-01 5.16466e-01
6.92000e-01 5.23570e-01
6.96000e-01 5.24106e-01
7.00000e-01 5.23491e-01
7.04000e-01 5.18245e-01
7.08000e-01 5.00178e-01
7.12000e-01 4.81214e-01
7.16000e-01 4.77196e-01
7.20000e-01 4.77104e-01
7.24000e-01 4.77135e-01
7.28000e-01 4.77315e-01
7.32000e-01 4.77856e-01
7.36000e-01 4.79029e-01
7.40000e-01 4.81152e-01
7.44000e-01 4.84760e-01
7.48000e-01 4.91070e-01
7.52000e-01 5.02114e-01
7.56000e-01 5.16696e-01
7.60000e-01 5.25066e-01
7.64000e-01 5.26220e-01
7.68000e-01 5.26240e-01
7.72000e-01 5.26238e-01
7.76000e-01 5.26212e-01
7.80000e-01 5.25972e-01
7.84000e-01 5.23986e-01
7.88000e-01 5.11684e-01
7.92000e-01 4.78020e-01
7.96000e-01 4.55173e-01
8.00000e-01 4.52922e-01
8.04000e-01 4.53255e-01
8.08000e-01 4.55430e-01
8.12000e-01 4.61145e-01
8.16000e-01 4.68119e-01
8.20000e-01 4.71356e-01
8.24000e-01 4.72061e-01
8.28000e-01 4.72424e-01
8.32000e-01 4.73141e-01
8.36000e-01 4.75389e-01
8.40000e-01 4.81411e-01
8.44000e-01 4.89042e-01
8.48000e-01 4.90979e-01
8.52000e-01 4.90521e-01
8.56000e-01 4.85689e-01
8.60000e-01 4.68170e-01
8.64000e-01 4.49115e-01
8.68000e-01 4.45015e-01
8.72000e-01 4.44978e-01
8.76000e-01 4.45303e-01
8.80000e-01 4.46172e-01
8.84000e-01 4.46789e-01
8.88000e-01 4.46884e-01
8.92000e-01 4.46892e-01
8.96000e-01 4.46900e-01
9.00000e-01 4.46922e-01
9.04000e-01 4.46983e-01
9.08000e-01 4.47130e-01
9.12000e-01 4.47429e-01
9.16000e-01 4.47968e-01
9.20000e-01 4.48870e-01
9.24000e-01 4.50376e-01
9.28000e-01 4.53022e-01
9.32000e-01 4.57599e-01
9.36000e-01 4.63362e-01
9.40000e-01 4.66530e-01
9.44000e-01 4.66992e-01
9.48000e-01 4.67015e-01
9.52000e-01 4.67025e-01
9.56000e-01 4.67046e-01
9.60000e-01 4.67105e-01
9.64000e-01 4.67259e-01
9.68000e-01 4.67598e-01
9.72000e-01 4.68248e-01
9.76000e-01 4.69344e-01
9.80000e-01 4.70985e-01
9.84000e-01 4.73201e-01
9.88000e-01 4.75954e-01
9.92000e-01 4.79144e-01
9.96000e-01 4.82596e-01
1.00000e+00 4.85982e-01
1.00400e+00 4.88835e-01
1.00800e+00 4.90840e-01
1.01200e+00 4.92092e-01
1.01600e+00 4.92909e-01
1.02000e+00 4.93551e-01
1.02400e+00 4.94179e-01
1.02800e+00 4.94930e-01
1.03200e+00 4.96062e-01
1.03600e+00 4.98278e-01
1.04000e+00 5.03508e-01
1.04400e+00 5.14542e-01
1.04800e+00 5.25606e-01
1.05200e+00 5.27729e-01
1.05600e+00 5.27043e-01
1.06000e+00 5.19639e-01
1.06400e+00 4.93550e-01
1.06800e+00 4.69917e-01
1.07200e+00 4.66353e-01
1.07600e+00 4.66459e-01
1.08000e+00 4.67596e-01
1.08400e+00 4.71674e-01
1.08800e+00 4.81402e-01
1.09200e+00 4.96950e-01
1.09600e+00 5.08364e-01
1.10000e+00 5.10595e-01
1.10400e+00 5.10661e-01
1.10800e+00 5.10661e-01
1.11200e+00 5.10661e-01
1.11600e+00 5.10661e-01
1.12000e+00 5.10661e-01
1.12400e+00 5.10660e-01
1.12800e+00 5.10657e-01
1.13200e+00 5.10636e-01
1.13600e+00 5.10492e-01
1.14000e+00 5.09563e-01
1.14400e+00 5.04414e-01
1.14800e+00 4.87120e-01
1.15200e+00 4.66656e-01
1.15600e+00 4.61334e-01
1.16000e+00 4.61168e-01
1.16400e+00 4.61215e-01
1.16800e+00 4.61494e-01
1.17200e+00 4.62342e-01
1.17600e+00 4.64143e-01
1.18000e+00 4.67059e-01
1.18400e+00 4.70764e-01
1.18800e+00 4.74666e-01
1.19200e+00 4.78588e-01
1.19600e+00 4.83158e-01
1.20000e+00 4.89863e-01
1.20400e+00 5.00167e-01
1.20800e+00 5.10359e-01
1.21200e+00 5.13825e-01
1.21600e+00 5.14047e-01
1.22000e+00 5.14047e-01
1.22400e+00 5.14020e-01
1.22800e+00 5.13777e-01
1.23200e+00 5.11927e-01
1.23600e+00 5.01166e-01
1.24000e+00 4.71179e-01
1.24400e+00 4.48218e-01
1.24800e+00 4.45040e-01
1.25200e+00 4.45012e-01
1.25600e+00 4.45103e-01
1.26000e+00 4.45536e-01
1.26400e+00 4.46775e-01
1.26800e+00 4.49183e-01
1.27200e+00 4.51716e-01
1.27600e+00 4.52755e-01
1.28000e+00 4.52940e-01
1.28400e+00 4.53012e-01
1.28800e+00 4.53121e-01
1.29200e+00 4.53395e-01
1.29600e+00 4.54112e-01
1.30000e+00 4.55891e-01
1.30400e+00 4.59954e-01
1.30800e+00 4.67278e-01
1.31200e+00 4.74289e-01
1.31600e+00 4.76370e-01
1.32000e+00 4.76484e-01
1.32400e+00 4.76485e-01
1.32800e+00 4.76486e-01
1.33200e+00 4.76489e-01
1.33600e+00 4.76497e-01
1.34000e+00 4.76524e-01
1.34400e+00 4.76593e-01
1.34800e+00 4.76754e-01
1.35200e+00 4.77088e-01
1.35600e+00 4.77725e-01
1.36000e+00 4.78878e-01
1.36400e+00 4.80977e-01
1.36800e+00 4.84982e-01
1.37200e+00 4.92738e-01
1.37600e+00 5.05025e-01
1.38000e+00 5.14853e-01
1.38400e+00 5.17065e-01
1.38800e+00 5.17145e-01
1.39200e+00 5.17145e-01
1.39600e+00 5.17145e-01
1.40000e+00 5.17143e-01
1.40400e+00 5.17129e-01
1.40800e+00 5.17015e-01
1.41200e+00 5.16124e-01
1.41600e+00 5.10133e-01
1.42000e+00 4.86472e-01
1.42400e+00 4.55981e-01
1.42800e+00 4.47889e-01
1.43200e+00 4.47669e-01
1.43600e+00 4.47830e-01
1.44000e+00 4.48643e-01
1.44400e+00 4.50445e-01
1.44800e+00 4.52226e-01
1.45200e+00 4.52889e-01
1.45600e+00 4.53046e-01
1.46000e+00 4.53157e-01
1.46400e+00 4.53382e-01
1.46800e+00 4.53984e-01
1.47200e+00 4.55578e-01
1.47600e+00 4.59353e-01
1.48000e+00 4.65916e-01
1.48400e+00 4.71354e-01
1.48800e+00 4.72613e-01
1.49200e+00 4.72660e-01
1.49600e+00 4.72661e-01
1.50000e+00 4.72661e-01
1.50400e+00 4.72661e-01
1.50800e+00 4.72663e-01
1.51200e+00 4.72667e-01
1.51600e+00 4.72679e-01
1.52000e+00 4.72710e-01
1.52400e+00 4.72778e-01
1.52800e+00 4.72918e-01
1.53200e+00 4.73202e-01
1.53600e+00 4.73803e-01
1.54000e+00 4.75170e-01
1.54400e+00 4.78316e-01
1.54800e+00 4.84134e-01
1.55200e+00 4.89604e-01
1.55600e+00 4.91107e-01
1.56000e+00 4.91178e-01
1.56400e+00 4.91178e-01
1.56800e+00 4.91179e-01
1.57200e+00 4.91180e-01
1.57600e+00 4.91183e-01
1.58000e+00 4.91195e-01
1.58400e+00 4.91225e-01
1.58800e+00 4.91295e-01
1.59200e+00 4.91427e-01
1.59600e+00 4.91658e-01
1.60000e+00 4.92101e-01
1.60400e+00 4.93177e-01
1.60800e+00 4.96222e-01
1.61200e+00 5.02931e-01
1.61600e+00 5.08495e-01
1.62000e+00 5.09059e-01
1.62400e+00 5.07961e-01
1.62800e+00 4.99567e-01
1.63200e+00 4.77148e-01
1.63600e+00 4.61987e-01
1.64000e+00 4.60512e-01
1.64400e+00 4.60834e-01
1.64800e+00 4.62998e-01
1.65200e+00 4.69677e-01
1.65600e+00 4.81165e-01
1.66000e+00 4.89075e-01
1.66400e+00 4.90393e-01
1.66800e+00 4.90423e-01
1.67200e+00 4.90423e-01
1.67600e+00 4.90423e-01
1.68000e+00 4.90423e-01
1.68400e+00 4.90423e-01
1.68800e+00 4.90423e-01
1.69200e+00 4.90423e-01
1.69600e+00 4.90423e-01
1.70000e+00 4.90423e-01
1.70400e+00 4.90423e-01
1.70800e+00 4.90424e-01
1.71200e+00 4.90424e-01
1.71600e+00 4.90425e-01
1.72000e+00 4.90427e-01
1.72400e+00 4.90432e-01
1.72800e+00 4.90443e-01
1.73200e+00 4.90468e-01
1.73600e+00 4.90518e-01
1.74000e+00 4.90615e-01
1.74400e+00 4.90794e-01
1.74800e+00 4.91115e-01
1.75200e+00 4.91690e-01
1.75600e+00 4.92766e-01
1.76000e+00 4.94924e-01
1.76400e+00 4.99528e-01
1.76800e+00 5.08817e-01
1.77200e+00 5.21440e-01
1.77600e+00 5.28027e-01
1.78000e+00 5.28757e-01
1.78400e+00 5.28761e-01
1.78800e+00 5.28714e-01
1.79200e+00 5.28357e-01
1.79600e+00 5.26423e-01
1.80000e+00 5.19588e-01
1.80400e+00 5.09626e-01
1.80800e+00 5.06132e-01
1.81200e+00 5.06010e-01
1.81600e+00 5.06211e-01
1.82000e+00 5.07424e-01
1.82400e+00 5.10381e-01
1.82800e+00 5.12389e-01
1.83200e+00 5.12515e-01
1.83600e+00 5.12072e-01
1.84000e+00 5.08814e-01
1.84400e+00 4.97776e-01
1.84800e+00 4.85098e-01
1.85200e+00 4.82154e-01
1.85600e+00 4.82171e-01
1.86000e+00 4.82905e-01
1.86400e+00 4.85772e-01
1.86800e+00 4.89921e-01
1.87200e+00 4.91241e-01
1.87600e+00 4.91202e-01
1.88000e+00 4.90375e-01
1.88400e+00 4.86400e-01
1.88800e+00 4.77910e-01
1.89200e+00 4.72368e-01
1.89600e+00 4.71675e-01
1.90000e+00 4.71672e-01
1.90400e+00 4.71714e-01
1.90800e+00 4.71907e-01
1.91200e+00 4.72409e-01
1.91600e+00 4.73172e-01
1.92000e+00 4.73768e-01
1.92400e+00 4.74045e-01
1.92800e+00 4.74220e-01
1.93200e+00 4.74471e-01
1.93600e+00 4.75067e-01
1.94000e+00 4.76649e-01
1.94400e+00 4.80625e-01
1.94800e+00 4.88387e-01
1.95200e+00 4.96147e-01
1.95600e+00 4.98430e-01
1.96000e+00 4.98537e-01
1.96400e+00 4.98529e-01
1.96800e+00 4.98452e-01
1.97200e+00 4.98032e-01
1.97600e+00 4.96315e-01
1.98000e+00 4.91533e-01
1.98400e+00 4.84936e-01
1.98800e+00 4.82115e-01
1.99200e+00 4.80758e-01
1.99600e+00 4.80717e-01
