0.00000e+00 5.34574e-01
4.00000e-03 5.34574e-01
8.00000e-03 5.34574e-01
1.20000e-02 5.34578e-01
1.60000e-02 5.34634e-01
2.00000e-02 5.35139e-01
2.40000e-02 5.38128e-01
2.80000e-02 5.49269e-01
3.20000e-02 5.70173e-01
3.60000e-02 5.82370e-01
4.00000e-02 5.83536e-01
4.40000e-02 5.83368e-01
4.80000e-02 5.80532e-01
5.20000e-02 5.59218e-01
5.60000e-02 5.09481e-01
6.00000e-02 4.87041e-01
6.40000e-02 4.85973e-01
6.80000e-02 4.86598e-01
7.20000e-02 4.89888e-01
7.60000e-02 4.98772e-01
8.00000e-02 5.16876e-01
8.40000e-02 5.45547e-01
8.80000e-02 5.69809e-01
9.20000e-02 5.75612e-01
9.60000e-02 5.75764e-01
1.00000e-01 5.75517e-01
1.04000e-01 5.73284e-01
1.08000e-01 5.60947e-01
1.12000e-01 5.19693e-01
1.16000e-01 4.67555e-01
1.20000e-01 4.51066e-01
1.24000e-01 4.50228e-01
1.28000e-01 4.50288e-01
1.32000e-01 4.50788e-01
1.36000e-01 4.52650e-01
1.40000e-01 4.57111e-01
1.44000e-01 4.64913e-01
1.48000e-01 4.75905e-01
1.52000e-01 4.90022e-01
1.56000e-01 5.08694e-01
1.60000e-01 5.33818e-01
1.64000e-01 5.58179e-01
1.68000e-01 5.67249e-01
1.72000e-01 5.67941e-01
1.76000e-01 5.67947e-01
1.80000e-01 5.67946e-01
1.84000e-01 5.67938e-01
1.88000e-01 5.67887e-01
1.92000e-01 5.67613e-01
1.96000e-01 5.66476e-01
2.00000e-01 5.63867e-01
2.04000e-01 5.61792e-01
2.08000e-01 5.61373e-01
2.12000e-01 5.61309e-01
2.16000e-01 5.61228e-01
2.20000e-01 5.60935e-01
2.24000e-01 5.60097e-01
2.28000e-01 5.59172e-01
2.32000e-01 5.58948e-01
2.36000e-01 5.58944e-01
2.40000e-01 5.58958e-01
2.44000e-01 5.59060e-01
2.48000e-01 5.59540e-01
2.52000e-01 5.61452e-01
2.56000e-01 5.67391e-01
2.60000e-01 5.77572e-01
2.64000e-01 5.83074e-01
2.68000e-01 5.83555e-01
2.72000e-01 5.83445e-01
2.76000e-01 5.81231e-01
2.80000e-01 5.58774e-01
2.84000e-01 4.90034e-01
2.88000e-01 4.52152e-01
2.92000e-01 4.49775e-01
2.96000e-01 4.50400e-01
3.00000e-01 4.53855e-01
3.04000e-01 4.62847e-01
3.08000e-01 4.75906e-01
3.12000e-01 4.83268e-01
3.16000e-01 4.84200e-01
3.20000e-01 4.84205e-01
3.24000e-01 4.84127e-01
3.28000e-01 4.83566e-01
3.32000e-01 4.80638e-01
3.36000e-01 4.70375e-01
3.40000e-01 4.54781e-01
3.44000e-01 4.48552e-01
3.48000e-01 4.48178e-01
3.52000e-01 4.48220e-01
3.56000e-01 4.48541e-01
3.60000e-01 4.49808e-01
3.64000e-01 4.53641e-01
3.68000e-01 4.62221e-01
3.72000e-01 4.71294e-01
3.76000e-01 4.73308e-01
3.80000e-01 4.72920e-01
3.84000e-01 4.68943e-01
3.88000e-01 4.54493e-01
3.92000e-01 4.37801e-01
3.96000e-01 4.33853e-01
4.00000e-01 4.33833e-01
4.04000e-01 4.34366e-01
4.08000e-01 4.36375e-01
4.12000e-01 4.40762e-01
4.16000e-01 4.47629e-01
4.20000e-01 4.56100e-01
4.24000e-01 4.64847e-01
4.28000e-01 4.72760e-01
4.32000e-01 4.79309e-01
4.36000e-01 4.84524e-01
4.40000e-01 4.88743e-01
4.44000e-01 4.92358e-01
4.48000e-01 4.95681e-01
4.52000e-01 4.98914e-01
4.56000e-01 5.02166e-01
4.60000e-01 5.05482e-01
4.64000e-01 5.08904e-01
4.68000e-01 5.12576e-01
4.72000e-01 5.16890e-01
4.76000e-01 5.22794e-01
4.80000e-01 5.32369e-01
4.84000e-01 5.48583e-01
4.88000e-01 5.67669e-01
4.92000e-01 5.76008e-01
4.96000e-01 5.76745e-01
5.00000e-01 5.76752e-01
5.04000e-01 5.76752e-01
5.08000e-01 5.76752e-01
5.12000e-01 5.76752e-01
5.16000e-01 5.76752e-01
5.20000e-01 5.76751e-01
5.24000e-01 5.76748e-01
5.28000e-01 5.76700e-01
5.32000e-01 5.75982e-01
5.36000e-01 5.67363e-01
5.40000e-01 5.20398e-01
5.44000e-01 4.63507e-01
5.48000e-01 4.53553e-01
5.52000e-01 4.54088e-01
5.56000e-01 4.58375e-01
5.60000e-01 4.68547e-01
5.64000e-01 4.76915e-01
5.68000e-01 4.78549e-01
5.72000e-01 4.78604e-01
5.76000e-01 4.78611e-01
5.80000e-01 4.78626e-01
5.84000e-01 4.78693e-01
5.88000e-01 4.78973e-01
5.92000e-01 4.80033e-01
5.96000e-01 4.82957e-01
6.00000e-01 4.86474e-01
6.04000e-01 4.87300e-01
6.08000e-01 4.87130e-01
6.12000e-01 4.85352e-01
6.16000e-01 4.77931e-01
6.20000e-01 4.65941e-01
6.24000e-01 4.61203e-01
6.28000e-01 4.61016e-01
6.32000e-01 4.61313e-01
6.36000e-01 4.62950e-01
6.40000e-01 4.67940e-01
6.44000e-01 4.77772e-01
6.48000e-01 4.87024e-01
6.52000e-01 4.89528e-01
6.56000e-01 4.89643e-01
6.60000e-01 4.89643e-01
6.64000e-01 4.89644e-01
6.68000e-01 4.89644e-01
6.72000e-01 4.89645e-01
6.76000e-01 4.89649e-01
6.80000e-01 4.89661e-01
6.84000e-01 4.89692e-01
6.88000e-01 4.89771e-01
6.92000e-01 4.89960e-01
6.96000e-01 4.90409e-01
7.00000e-01 4.91503e-01
7.04000e-01 4.94262e-01
7.08000e-01 5.01007e-01
7.12000e-01 5.13139e-01
7.16000e-01 5.22124e-01
7.20000e-01 5.23341e-01
7.24000e-01 5.23013e-01
7.28000e-01 5.19550e-01
7.32000e-01 5.04894e-01
7.36000e-01 4.84038e-01
7.40000e-01 4.77435e-01
7.44000e-01 4.77155e-01
7.48000e-01 4.77173e-01
7.52000e-01 4.77303e-01
7.56000e-01 4.77738e-01
7.60000e-01 4.78739e-01
7.64000e-01 4.80603e-01
7.68000e-01 4.83782e-01
7.72000e-01 4.89275e-01
7.76000e-01 4.99018e-01
7.80000e-01 5.13377e-01
7.84000e-01 5.24004e-01
7.88000e-01 5.26170e-01
7.92000e-01 5.26236e-01
7.96000e-01 5.26234e-01
8.00000e-01 5.26209e-01
8.04000e-01 5.25967e-01
8.08000e-01 5.23981e-01
8.12000e-01 5.11762e-01
8.16000e-01 4.78531e-01
8.20000e-01 4.56068e-01
8.24000e-01 4.53868e-01
8.28000e-01 4.54203e-01
8.32000e-01 4.56387e-01
8.36000e-01 4.62052e-01
8.40000e-01 4.68730e-01
8.44000e-01 4.71677e-01
8.48000e-01 4.72324e-01
8.52000e-01 4.72700e-01
8.56000e-01 4.73505e-01
8.60000e-01 4.76053e-01
8.64000e-01 4.82342e-01
8.68000e-01 4.88662e-01
8.72000e-01 4.89647e-01
8.76000e-01 4.88897e-01
8.80000e-01 4.82681e-01
8.84000e-01 4.63964e-01
8.88000e-01 4.47837e-01
8.92000e-01 4.45265e-01
8.96000e-01 4.45276e-01
9.00000e-01 4.45610e-01
9.04000e-01 4.46368e-01
9.08000e-01 4.46831e-01
9.12000e-01 4.46894e-01
9.16000e-01 4.46902e-01
9.20000e-01 4.46912e-01
9.24000e-01 4.46941e-01
9.28000e-01 4.47018e-01
9.32000e-01 4.47196e-01
9.36000e-01 4.47544e-01
9.40000e-01 4.48156e-01
9.44000e-01 4.49184e-01
9.48000e-01 4.50972e-01
9.52000e-01 4.54243e-01
9.56000e-01 4.59647e-01
9.60000e-01 4.65015e-01
9.64000e-01 4.66875e-01
9.68000e-01 4.67019e-01
9.72000e-01 4.67027e-01
9.76000e-01 4.67034e-01
9.80000e-01 4.67055e-01
9.84000e-01 4.67114e-01
9.88000e-01 4.67267e-01
9.92000e-01 4.67604e-01
9.96000e-01 4.68249e-01
1.00000e+00 4.69339e-01
1.00400e+00 4.70973e-01
1.00800e+00 4.73183e-01
1.01200e+00 4.75927e-01
1.01600e+00 4.79116e-01
1.02000e+00 4.82600e-01
1.02400e+00 4.86068e-01
1.02800e+00 4.89020e-01
1.03200e+00 4.91063e-01
1.03600e+00 4.92272e-01
1.04000e+00 4.93007e-01
1.04400e+00 4.93558e-01
1.04800e+00 4.94085e-01
1.05200e+00 4.94708e-01
1.05600e+00 4.95632e-01
1.06000e+00 4.97416e-01
1.06400e+00 5.01663e-01
1.06800e+00 5.11273e-01
1.07200e+00 5.22876e-01
1.07600e+00 5.26076e-01
1.08000e+00 5.25702e-01
1.08400e+00 5.20444e-01
1.08800e+00 4.98333e-01
1.09200e+00 4.72557e-01
1.09600e+00 4.67067e-01
1.10000e+00 4.67070e-01
1.10400e+00 4.67938e-01
1.10800e+00 4.71403e-01
1.11200e+00 4.80159e-01
1.11600e+00 4.95169e-01
1.12000e+00 5.07626e-01
1.12400e+00 5.10550e-01
1.12800e+00 5.10661e-01
1.13200e+00 5.10661e-01
1.13600e+00 5.10661e-01
1.14000e+00 5.10661e-01
1.14400e+00 5.10661e-01
1.14800e+00 5.10660e-01
1.15200e+00 5.10657e-01
1.15600e+00 5.10636e-01
1.16000e+00 5.10491e-01
1.16400e+00 5.09554e-01
1.16800e+00 5.04374e-01
1.17200e+00 4.87046e-01
1.17600e+00 4.66672e-01
1.18000e+00 4.61415e-01
1.18400e+00 4.61254e-01
1.18800e+00 4.61300e-01
1.19200e+00 4.61579e-01
1.19600e+00 4.62423e-01
1.20000e+00 4.64217e-01
1.20400e+00 4.67124e-01
1.20800e+00 4.70812e-01
1.21200e+00 4.74666e-01
1.21600e+00 4.78478e-01
1.22000e+00 4.82830e-01
1.22400e+00 4.89145e-01
1.22800e+00 4.99049e-01
1.23200e+00 5.09615e-01
1.23600e+00 5.13718e-01
1.24000e+00 5.14035e-01
1.24400e+00 5.14035e-01
1.24800e+00 5.14003e-01
1.25200e+00 5.13708e-01
1.25600e+00 5.11489e-01
1.26000e+00 4.99129e-01
1.26400e+00 4.68027e-01
1.26800e+00 4.47459e-01
1.27200e+00 4.45119e-01
1.27600e+00 4.45115e-01
1.28000e+00 4.45260e-01
1.28400e+00 4.45881e-01
1.28800e+00 4.47528e-01
1.29200e+00 4.50265e-01
1.29600e+00 4.52371e-01
1.30000e+00 4.52931e-01
1.30400e+00 4.53021e-01
1.30800e+00 4.53080e-01
1.31200e+00 4.53204e-01
1.31600e+00 4.53538e-01
1.32000e+00 4.54413e-01
1.32400e+00 4.56568e-01
1.32800e+00 4.61354e-01
1.33200e+00 4.69170e-01
1.33600e+00 4.75177e-01
1.34000e+00 4.76442e-01
1.34400e+00 4.76486e-01
1.34800e+00 4.76486e-01
1.35200e+00 4.76487e-01
1.35600e+00 4.76490e-01
1.36000e+00 4.76498e-01
1.36400e+00 4.76522e-01
1.36800e+00 4.76585e-01
1.37200e+00 4.76731e-01
1.37600e+00 4.77034e-01
1.38000e+00 4.77613e-01
1.38400e+00 4.78660e-01
1.38800e+00 4.80548e-01
1.39200e+00 4.84113e-01
1.39600e+00 4.91059e-01
1.40000e+00 5.02772e-01
1.40400e+00 5.13771e-01
1.40800e+00 5.16979e-01
1.41200e+00 5.17144e-01
1.41600e+00 5.17145e-01
1.42000e+00 5.17145e-01
1.42400e+00 5.17143e-01
1.42800e+00 5.17127e-01
1.43200e+00 5.16996e-01
1.43600e+00 5.15979e-01
1.44000e+00 5.09282e-01
1.44400e+00 4.84291e-01
1.44800e+00 4.54945e-01
1.45200e+00 4.48063e-01
1.45600e+00 4.47923e-01
1.46000e+00 4.48138e-01
1.46400e+00 4.49112e-01
1.46800e+00 4.51022e-01
1.47200e+00 4.52566e-01
1.47600e+00 4.53027e-01
1.48000e+00 4.53147e-01
1.48400e+00 4.53265e-01
1.48800e+00 4.53539e-01
1.49200e+00 4.54296e-01
1.49600e+00 4.56285e-01
1.50000e+00 4.60790e-01
1.50400e+00 4.67637e-01
1.50800e+00 4.71974e-01
1.51200e+00 4.72646e-01
1.51600e+00 4.72661e-01
1.52000e+00 4.72661e-01
1.52400e+00 4.72661e-01
1.52800e+00 4.72661e-01
1.53200e+00 4.72663e-01
1.53600e+00 4.72667e-01
1.54000e+00 4.72679e-01
1.54400e+00 4.72708e-01
1.54800e+00 4.72772e-01
1.55200e+00 4.72905e-01
1.55600e+00 4.73179e-01
1.56000e+00 4.73777e-01
1.56400e+00 4.75171e-01
1.56800e+00 4.78411e-01
1.57200e+00 4.84343e-01
1.57600e+00 4.89725e-01
1.58000e+00 4.91118e-01
1.58400e+00 4.91178e-01
1.58800e+00 4.91179e-01
1.59200e+00 4.91179e-01
1.59600e+00 4.91180e-01
1.60000e+00 4.91182e-01
1.60400e+00 4.91191e-01
1.60800e+00 4.91214e-01
1.61200e+00 4.91266e-01
1.61600e+00 4.91369e-01
1.62000e+00 4.91556e-01
1.62400e+00 4.91938e-01
1.62800e+00 4.92924e-01
1.63200e+00 4.95799e-01
1.63600e+00 5.02153e-01
1.64000e+00 5.07327e-01
1.64400e+00 5.07826e-01
1.64800e+00 5.06774e-01
1.65200e+00 4.98831e-01
1.65600e+00 4.77512e-01
1.66000e+00 4.62791e-01
1.66400e+00 4.61307e-01
1.66800e+00 4.61613e-01
1.67200e+00 4.63708e-01
1.67600e+00 4.70237e-01
1.68000e+00 4.81477e-01
1.68400e+00 4.89142e-01
1.68800e+00 4.90395e-01
1.69200e+00 4.90423e-01
1.69600e+00 4.90423e-01
1.70000e+00 4.90423e-01
1.70400e+00 4.90423e-01
1.70800e+00 4.90423e-01
1.71200e+00 4.90423e-01
1.71600e+00 4.90423e-01
1.72000e+00 4.90423e-01
1.72400e+00 4.90423e-01
1.72800e+00 4.90423e-01
1.73200e+00 4.90424e-01
1.73600e+00 4.90424e-01
1.74000e+00 4.90424e-01
1.74400e+00 4.90426e-01
1.74800e+00 4.90430e-01
1.75200e+00 4.90439e-01
1.75600e+00 4.90459e-01
1.76000e+00 4.90500e-01
1.76400e+00 4.90580e-01
1.76800e+00 4.90729e-01
1.77200e+00 4.90996e-01
1.77600e+00 4.91472e-01
1.78000e+00 4.92344e-01
1.78400e+00 4.94049e-01
1.78800e+00 4.97633e-01
1.79200e+00 5.05174e-01
1.79600e+00 5.17480e-01
1.80000e+00 5.26848e-01
1.80400e+00 5.28690e-01
1.80800e+00 5.28736e-01
1.81200e+00 5.28718e-01
1.81600e+00 5.28545e-01
1.82000e+00 5.27505e-01
1.82400e+00 5.23015e-01
1.82800e+00 5.13211e-01
1.83200e+00 5.06898e-01
1.83600e+00 5.06242e-01
1.84000e+00 5.06324e-01
1.84400e+00 5.07048e-01
1.84800e+00 5.09399e-01
1.85200e+00 5.11761e-01
1.85600e+00 5.12086e-01
1.86000e+00 5.11806e-01
1.86400e+00 5.09373e-01
1.86800e+00 4.99959e-01
1.87200e+00 4.86764e-01
1.87600e+00 4.82691e-01
1.88000e+00 4.82626e-01
1.88400e+00 4.83180e-01
1.88800e+00 4.85624e-01
1.89200e+00 4.89475e-01
1.89600e+00 4.90829e-01
1.90000e+00 4.90801e-01
1.90400e+00 4.90022e-01
1.90800e+00 4.86219e-01
1.91200e+00 4.77957e-01
1.91600e+00 4.72425e-01
1.92000e+00 4.71707e-01
1.92400e+00 4.71703e-01
1.92800e+00 4.71741e-01
1.93200e+00 4.71921e-01
1.93600e+00 4.72402e-01
1.94000e+00 4.73165e-01
1.94400e+00 4.73795e-01
1.94800e+00 4.74100e-01
1.95200e+00 4.74283e-01
1.95600e+00 4.74532e-01
1.96000e+00 4.75105e-01
1.96400e+00 4.76618e-01
1.96800e+00 4.80439e-01
1.97200e+00 4.88027e-01
1.97600e+00 4.95916e-01
1.98000e+00 4.98389e-01
1.98400e+00 4.98517e-01
1.98800e+00 4.98513e-01
1.99200e+00 4.98021e-01
1.99600e+00 4.97964e-01
