0.00000e+00 4.03021e-01
4.00000e-03 4.03022e-01
8.00000e-03 4.03068e-01
1.20000e-02 4.03590e-01
1.60000e-02 4.06837e-01
2.00000e-02 4.18837e-01
2.40000e-02 4.47710e-01
2.80000e-02 4.93080e-01
3.20000e-02 5.27086e-01
3.60000e-02 5.34267e-01
4.00000e-02 5.34770e-01
4.40000e-02 5.35055e-01
4.80000e-02 5.35968e-01
5.20000e-02 5.39567e-01
5.60000e-02 5.50536e-01
6.00000e-02 5.70032e-01
6.40000e-02 5.81790e-01
6.80000e-02 5.82893e-01
7.20000e-02 5.82331e-01
7.60000e-02 5.74752e-01
8.00000e-02 5.37933e-01
8.40000e-02 4.95100e-01
8.80000e-02 4.87121e-01
9.20000e-02 4.87195e-01
9.60000e-02 4.88681e-01
1.00000e-01 4.93826e-01
1.04000e-01 5.05345e-01
1.08000e-01 5.26337e-01
1.12000e-01 5.54948e-01
1.16000e-01 5.72868e-01
1.20000e-01 5.75550e-01
1.24000e-01 5.75567e-01
1.28000e-01 5.75176e-01
1.32000e-01 5.70323e-01
1.36000e-01 5.37240e-01
1.40000e-01 4.73595e-01
1.44000e-01 4.51343e-01
1.48000e-01 4.50429e-01
1.52000e-01 4.50534e-01
1.56000e-01 4.51202e-01
1.60000e-01 4.53268e-01
1.64000e-01 4.57669e-01
1.68000e-01 4.64879e-01
1.72000e-01 4.74609e-01
1.76000e-01 4.86484e-01
1.80000e-01 5.01244e-01
1.84000e-01 5.21249e-01
1.88000e-01 5.46487e-01
1.92000e-01 5.64219e-01
1.96000e-01 5.67830e-01
2.00000e-01 5.67946e-01
2.04000e-01 5.67946e-01
2.08000e-01 5.67945e-01
2.12000e-01 5.67937e-01
2.16000e-01 5.67888e-01
2.20000e-01 5.67627e-01
2.24000e-01 5.66542e-01
2.28000e-01 5.63973e-01
2.32000e-01 5.61804e-01
2.36000e-01 5.61327e-01
2.40000e-01 5.61252e-01
2.44000e-01 5.61163e-01
2.48000e-01 5.60857e-01
2.52000e-01 5.60016e-01
2.56000e-01 5.59150e-01
2.60000e-01 5.58959e-01
2.64000e-01 5.58956e-01
2.68000e-01 5.58969e-01
2.72000e-01 5.59058e-01
2.76000e-01 5.59479e-01
2.80000e-01 5.61185e-01
2.84000e-01 5.66719e-01
2.88000e-01 5.76910e-01
2.92000e-01 5.82710e-01
2.96000e-01 5.83106e-01
3.00000e-01 5.82228e-01
3.04000e-01 5.69778e-01
3.08000e-01 5.11655e-01
3.12000e-01 4.58076e-01
3.16000e-01 4.51391e-01
3.20000e-01 4.51848e-01
3.24000e-01 4.55156e-01
3.28000e-01 4.64436e-01
3.32000e-01 4.77332e-01
3.36000e-01 4.83556e-01
3.40000e-01 4.84158e-01
3.44000e-01 4.84152e-01
3.48000e-01 4.84025e-01
3.52000e-01 4.83178e-01
3.56000e-01 4.79048e-01
3.60000e-01 4.66609e-01
3.64000e-01 4.52280e-01
3.68000e-01 4.48412e-01
3.72000e-01 4.48295e-01
3.76000e-01 4.48379e-01
3.80000e-01 4.48897e-01
3.84000e-01 4.50772e-01
3.88000e-01 4.56024e-01
3.92000e-01 4.65522e-01
3.96000e-01 4.71664e-01
4.00000e-01 4.72128e-01
4.04000e-01 4.71134e-01
4.08000e-01 4.64448e-01
4.12000e-01 4.47585e-01
4.16000e-01 4.35632e-01
4.20000e-01 4.34208e-01
4.24000e-01 4.34314e-01
4.28000e-01 4.35128e-01
4.32000e-01 4.37619e-01
4.36000e-01 4.42501e-01
4.40000e-01 4.49638e-01
4.44000e-01 4.58056e-01
4.48000e-01 4.66504e-01
4.52000e-01 4.74012e-01
4.56000e-01 4.80158e-01
4.60000e-01 4.85018e-01
4.64000e-01 4.88933e-01
4.68000e-01 4.92281e-01
4.72000e-01 4.95364e-01
4.76000e-01 4.98377e-01
4.80000e-01 5.01426e-01
4.84000e-01 5.04541e-01
4.88000e-01 5.07723e-01
4.92000e-01 5.11013e-01
4.96000e-01 5.14591e-01
5.00000e-01 5.18943e-01
5.04000e-01 5.25207e-01
5.08000e-01 5.35790e-01
5.12000e-01 5.53259e-01
5.16000e-01 5.70782e-01
5.20000e-01 5.76428e-01
5.24000e-01 5.76750e-01
5.28000e-01 5.76752e-01
5.32000e-01 5.76752e-01
5.36000e-01 5.76752e-01
5.40000e-01 5.76752e-01
5.44000e-01 5.76752e-01
5.48000e-01 5.76750e-01
5.52000e-01 5.76725e-01
5.56000e-01 5.76356e-01
5.60000e-01 5.71578e-01
5.64000e-01 5.37652e-01
5.68000e-01 4.75247e-01
5.72000e-01 4.56684e-01
5.76000e-01 4.56672e-01
5.80000e-01 4.59960e-01
5.84000e-01 4.68980e-01
5.88000e-01 4.76936e-01
5.92000e-01 4.78557e-01
5.96000e-01 4.78614e-01
6.00000e-01 4.78622e-01
6.04000e-01 4.78639e-01
6.08000e-01 4.78716e-01
6.12000e-01 4.79041e-01
6.16000e-01 4.80238e-01
6.20000e-01 4.83273e-01
6.24000e-01 4.86294e-01
6.28000e-01 4.86790e-01
6.32000e-01 4.86549e-01
6.36000e-01 4.84435e-01
6.40000e-01 4.76463e-01
6.44000e-01 4.65188e-01
6.48000e-01 4.61471e-01
6.52000e-01 4.61379e-01
6.56000e-01 4.61718e-01
6.60000e-01 4.63448e-01
6.64000e-01 4.68576e-01
6.68000e-01 4.78427e-01
6.72000e-01 4.87301e-01
6.76000e-01 4.89549e-01
6.80000e-01 4.89643e-01
6.84000e-01 4.89644e-01
6.88000e-01 4.89644e-01
6.92000e-01 4.89644e-01
6.96000e-01 4.89645e-01
7.00000e-01 4.89648e-01
7.04000e-01 4.89657e-01
7.08000e-01 4.89681e-01
7.12000e-01 4.89743e-01
7.16000e-01 4.89891e-01
7.20000e-01 4.90244e-01
7.24000e-01 4.91107e-01
7.28000e-01 4.93295e-01
7.32000e-01 4.98798e-01
7.36000e-01 5.09838e-01
7.40000e-01 5.20323e-01
7.44000e-01 5.22563e-01
7.48000e-01 5.22417e-01
7.52000e-01 5.20193e-01
7.56000e-01 5.08878e-01
7.60000e-01 4.87641e-01
7.64000e-01 4.77902e-01
7.68000e-01 4.77208e-01
7.72000e-01 4.77216e-01
7.76000e-01 4.77307e-01
7.80000e-01 4.77650e-01
7.84000e-01 4.78494e-01
7.88000e-01 4.80125e-01
7.92000e-01 4.82929e-01
7.96000e-01 4.87724e-01
8.00000e-01 4.96244e-01
8.04000e-01 5.09848e-01
8.08000e-01 5.22388e-01
8.12000e-01 5.26043e-01
8.16000e-01 5.26229e-01
8.20000e-01 5.26228e-01
8.24000e-01 5.26204e-01
8.28000e-01 5.25965e-01
8.32000e-01 5.24003e-01
8.36000e-01 5.11985e-01
8.40000e-01 4.79266e-01
8.44000e-01 4.57012e-01
8.48000e-01 4.54809e-01
8.52000e-01 4.55139e-01
8.56000e-01 4.57298e-01
8.60000e-01 4.62850e-01
8.64000e-01 4.69233e-01
8.68000e-01 4.71963e-01
8.72000e-01 4.72585e-01
8.76000e-01 4.72991e-01
8.80000e-01 4.73914e-01
8.84000e-01 4.76803e-01
8.88000e-01 4.83169e-01
8.92000e-01 4.88013e-01
8.96000e-01 4.88393e-01
9.00000e-01 4.87235e-01
9.04000e-01 4.79415e-01
9.08000e-01 4.60042e-01
9.12000e-01 4.46996e-01
9.16000e-01 4.45491e-01
9.20000e-01 4.45528e-01
9.24000e-01 4.45862e-01
9.28000e-01 4.46517e-01
9.32000e-01 4.46862e-01
9.36000e-01 4.46905e-01
9.40000e-01 4.46914e-01
9.44000e-01 4.46926e-01
9.48000e-01 4.46963e-01
9.52000e-01 4.47059e-01
9.56000e-01 4.47271e-01
9.60000e-01 4.47672e-01
9.64000e-01 4.48368e-01
9.68000e-01 4.49567e-01
9.72000e-01 4.51755e-01
9.76000e-01 4.55822e-01
9.80000e-01 4.61817e-01
9.84000e-01 4.66120e-01
9.88000e-01 4.66994e-01
9.92000e-01 4.67030e-01
9.96000e-01 4.67034e-01
1.00000e+00 4.67041e-01
1.00400e+00 4.67061e-01
1.00800e+00 4.67122e-01
1.01200e+00 4.67275e-01
1.01600e+00 4.67610e-01
1.02000e+00 4.68251e-01
1.02400e+00 4.69334e-01
1.02800e+00 4.70962e-01
1.03200e+00 4.73163e-01
1.03600e+00 4.75895e-01
1.04000e+00 4.79080e-01
1.04400e+00 4.82594e-01
1.04800e+00 4.86153e-01
1.05200e+00 4.89220e-01
1.05600e+00 4.91309e-01
1.06000e+00 4.92471e-01
1.06400e+00 4.93121e-01
1.06800e+00 4.93582e-01
1.07200e+00 4.94017e-01
1.07600e+00 4.94529e-01
1.08000e+00 4.95284e-01
1.08400e+00 4.96729e-01
1.08800e+00 5.00183e-01
1.09200e+00 5.08434e-01
1.09600e+00 5.20084e-01
1.10000e+00 5.24421e-01
1.10400e+00 5.24292e-01
1.10800e+00 5.20610e-01
1.11200e+00 5.02416e-01
1.11600e+00 4.75664e-01
1.12000e+00 4.67847e-01
1.12400e+00 4.67701e-01
1.12800e+00 4.68337e-01
1.13200e+00 4.71236e-01
1.13600e+00 4.79017e-01
1.14000e+00 4.93305e-01
1.14400e+00 5.06695e-01
1.14800e+00 5.10475e-01
1.15200e+00 5.10660e-01
1.15600e+00 5.10661e-01
1.16000e+00 5.10661e-01
1.16400e+00 5.10661e-01
1.16800e+00 5.10661e-01
1.17200e+00 5.10660e-01
1.17600e+00 5.10657e-01
1.18000e+00 5.10635e-01
1.18400e+00 5.10489e-01
1.18800e+00 5.09546e-01
1.19200e+00 5.04339e-01
1.19600e+00 4.86987e-01
1.20000e+00 4.66695e-01
1.20400e+00 4.61496e-01
1.20800e+00 4.61338e-01
1.21200e+00 4.61384e-01
1.21600e+00 4.61662e-01
1.22000e+00 4.62503e-01
1.22400e+00 4.64291e-01
1.22800e+00 4.67192e-01
1.23200e+00 4.70868e-01
1.23600e+00 4.74683e-01
1.24000e+00 4.78395e-01
1.24400e+00 4.82540e-01
1.24800e+00 4.88470e-01
1.25200e+00 4.97928e-01
1.25600e+00 5.08771e-01
1.26000e+00 5.13572e-01
1.26400e+00 5.14019e-01
1.26800e+00 5.14020e-01
1.27200e+00 5.13982e-01
1.27600e+00 5.13625e-01
1.28000e+00 5.10967e-01
1.28400e+00 4.96877e-01
1.28800e+00 4.65026e-01
1.29200e+00 4.46907e-01
1.29600e+00 4.45229e-01
1.30000e+00 4.45245e-01
1.30400e+00 4.45471e-01
1.30800e+00 4.46350e-01
1.31200e+00 4.48463e-01
1.31600e+00 4.51291e-01
1.32000e+00 4.52776e-01
1.32400e+00 4.53030e-01
1.32800e+00 4.53082e-01
1.33200e+00 4.53140e-01
1.33600e+00 4.53289e-01
1.34000e+00 4.53700e-01
1.34400e+00 4.54771e-01
1.34800e+00 4.57379e-01
1.35200e+00 4.62937e-01
1.35600e+00 4.70960e-01
1.36000e+00 4.75772e-01
1.36400e+00 4.76472e-01
1.36800e+00 4.76487e-01
1.37200e+00 4.76487e-01
1.37600e+00 4.76488e-01
1.38000e+00 4.76490e-01
1.38400e+00 4.76498e-01
1.38800e+00 4.76520e-01
1.39200e+00 4.76577e-01
1.39600e+00 4.76710e-01
1.40000e+00 4.76986e-01
1.40400e+00 4.77514e-01
1.40800e+00 4.78465e-01
1.41200e+00 4.80168e-01
1.41600e+00 4.83347e-01
1.42000e+00 4.89544e-01
1.42400e+00 5.00518e-01
1.42800e+00 5.12403e-01
1.43200e+00 5.16822e-01
1.43600e+00 5.17142e-01
1.44000e+00 5.17145e-01
1.44400e+00 5.17145e-01
1.44800e+00 5.17142e-01
1.45200e+00 5.17124e-01
1.45600e+00 5.16975e-01
1.46000e+00 5.15817e-01
1.46400e+00 5.08360e-01
1.46800e+00 4.82129e-01
1.47200e+00 4.54086e-01
1.47600e+00 4.48283e-01
1.48000e+00 4.48204e-01
1.48400e+00 4.48481e-01
1.48800e+00 4.49609e-01
1.49200e+00 4.51544e-01
1.49600e+00 4.52821e-01
1.50000e+00 4.53141e-01
1.50400e+00 4.53244e-01
1.50800e+00 4.53377e-01
1.51200e+00 4.53720e-01
1.51600e+00 4.54676e-01
1.52000e+00 4.57142e-01
1.52400e+00 4.62397e-01
1.52800e+00 4.69166e-01
1.53200e+00 4.72338e-01
1.53600e+00 4.72657e-01
1.54000e+00 4.72661e-01
1.54400e+00 4.72661e-01
1.54800e+00 4.72661e-01
1.55200e+00 4.72662e-01
1.55600e+00 4.72663e-01
1.56000e+00 4.72667e-01
1.56400e+00 4.72679e-01
1.56800e+00 4.72706e-01
1.57200e+00 4.72766e-01
1.57600e+00 4.72893e-01
1.58000e+00 4.73160e-01
1.58400e+00 4.73757e-01
1.58800e+00 4.75179e-01
1.59200e+00 4.78511e-01
1.59600e+00 4.84543e-01
1.60000e+00 4.89832e-01
1.60400e+00 4.91127e-01
1.60800e+00 4.91179e-01
1.61200e+00 4.91179e-01
1.61600e+00 4.91179e-01
1.62000e+00 4.91180e-01
1.62400e+00 4.91182e-01
1.62800e+00 4.91188e-01
1.63200e+00 4.91205e-01
1.63600e+00 4.91245e-01
1.64000e+00 4.91323e-01
1.64400e+00 4.91474e-01
1.64800e+00 4.91805e-01
1.65200e+00 4.92709e-01
1.65600e+00 4.95428e-01
1.66000e+00 5.01445e-01
1.66400e+00 5.06240e-01
1.66800e+00 5.06674e-01
1.67200e+00 5.05659e-01
1.67600e+00 4.98104e-01
1.68000e+00 4.77803e-01
1.68400e+00 4.63558e-01
1.68800e+00 4.62080e-01
1.69200e+00 4.62371e-01
1.69600e+00 4.64390e-01
1.70000e+00 4.70745e-01
1.70400e+00 4.81725e-01
1.70800e+00 4.89188e-01
1.71200e+00 4.90396e-01
1.71600e+00 4.90423e-01
1.72000e+00 4.90423e-01
1.72400e+00 4.90423e-01
1.72800e+00 4.90423e-01
1.73200e+00 4.90423e-01
1.73600e+00 4.90423e-01
1.74000e+00 4.90423e-01
1.74400e+00 4.90423e-01
1.74800e+00 4.90423e-01
1.75200e+00 4.90423e-01
1.75600e+00 4.90424e-01
1.76000e+00 4.90424e-01
1.76400e+00 4.90424e-01
1.76800e+00 4.90426e-01
1.77200e+00 4.90429e-01
1.77600e+00 4.90436e-01
1.78000e+00 4.90452e-01
1.78400e+00 4.90485e-01
1.78800e+00 4.90551e-01
1.79200e+00 4.90674e-01
1.79600e+00 4.90897e-01
1.80000e+00 4.91293e-01
1.80400e+00 4.92006e-01
1.80800e+00 4.93365e-01
1.81200e+00 4.96160e-01
1.81600e+00 5.02134e-01
1.82000e+00 5.13204e-01
1.82400e+00 5.24743e-01
1.82800e+00 5.28504e-01
1.83200e+00 5.28712e-01
1.83600e+00 5.28706e-01
1.84000e+00 5.28626e-01
1.84400e+00 5.28090e-01
1.84800e+00 5.25413e-01
1.85200e+00 5.17353e-01
1.85600e+00 5.08541e-01
1.86000e+00 5.06523e-01
1.86400e+00 5.06518e-01
1.86800e+00 5.06909e-01
1.87200e+00 5.08609e-01
1.87600e+00 5.11038e-01
1.88000e+00 5.11629e-01
1.88400e+00 5.11460e-01
1.88800e+00 5.09688e-01
1.89200e+00 5.01893e-01
1.89600e+00 4.88665e-01
1.90000e+00 4.83298e-01
1.90400e+00 4.83091e-01
1.90800e+00 4.83493e-01
1.91200e+00 4.85529e-01
1.91600e+00 4.89046e-01
1.92000e+00 4.90415e-01
1.92400e+00 4.90398e-01
1.92800e+00 4.89664e-01
1.93200e+00 4.86026e-01
1.93600e+00 4.77993e-01
1.94000e+00 4.72479e-01
1.94400e+00 4.71738e-01
1.94800e+00 4.71733e-01
1.95200e+00 4.71768e-01
1.95600e+00 4.71936e-01
1.96000e+00 4.72397e-01
1.96400e+00 4.73155e-01
1.96800e+00 4.73820e-01
1.97200e+00 4.74154e-01
1.97600e+00 4.74348e-01
1.98000e+00 4.74595e-01
1.98400e+00 4.75153e-01
1.98800e+00 4.76475e-01
1.99200e+00 4.83230e-01
1.99600e+00 4.83813e-01
