0.00000e+00 5.96891e-01
4.00000e-03 5.96891e-01
8.00000e-03 5.96890e-01
1.20000e-02 5.96886e-01
1.60000e-02 5.96721e-01
2.00000e-02 5.92489e-01
2.40000e-02 5.43008e-01
2.80000e-02 4.36796e-01
3.20000e-02 4.07564e-01
3.60000e-02 4.07887e-01
4.00000e-02 4.13469e-01
4.40000e-02 4.28427e-01
4.80000e-02 4.54339e-01
5.20000e-02 4.89991e-01
5.60000e-02 5.22189e-01
6.00000e-02 5.33693e-01
6.40000e-02 5.34895e-01
6.80000e-02 5.35118e-01
7.20000e-02 5.35457e-01
7.60000e-02 5.36609e-01
8.00000e-02 5.40602e-01
8.40000e-02 5.51902e-01
8.80000e-02 5.70895e-01
9.20000e-02 5.81072e-01
9.60000e-02 5.81674e-01
1.00000e-01 5.79908e-01
1.04000e-01 5.62953e-01
1.08000e-01 5.15906e-01
1.12000e-01 4.89884e-01
1.16000e-01 4.88159e-01
1.20000e-01 4.88618e-01
1.24000e-01 4.91242e-01
1.28000e-01 4.98323e-01
1.32000e-01 5.12360e-01
1.36000e-01 5.35889e-01
1.40000e-01 5.62750e-01
1.44000e-01 5.74429e-01
1.48000e-01 5.75367e-01
1.52000e-01 5.75246e-01
1.56000e-01 5.72911e-01
1.60000e-01 5.51277e-01
1.64000e-01 4.88313e-01
1.68000e-01 4.53329e-01
1.72000e-01 4.50753e-01
1.76000e-01 4.50849e-01
1.80000e-01 4.51571e-01
1.84000e-01 4.53764e-01
1.88000e-01 4.58181e-01
1.92000e-01 4.65037e-01
1.96000e-01 4.73896e-01
2.00000e-01 4.84212e-01
2.04000e-01 4.96226e-01
2.08000e-01 5.11681e-01
2.12000e-01 5.33144e-01
2.16000e-01 5.56355e-01
2.20000e-01 5.66871e-01
2.24000e-01 5.67933e-01
2.28000e-01 5.67945e-01
2.32000e-01 5.67945e-01
2.36000e-01 5.67944e-01
2.40000e-01 5.67936e-01
2.44000e-01 5.67889e-01
2.48000e-01 5.67643e-01
2.52000e-01 5.66611e-01
2.56000e-01 5.64088e-01
2.60000e-01 5.61822e-01
2.64000e-01 5.61277e-01
2.68000e-01 5.61189e-01
2.72000e-01 5.61092e-01
2.76000e-01 5.60772e-01
2.80000e-01 5.59936e-01
2.84000e-01 5.59131e-01
2.88000e-01 5.58968e-01
2.92000e-01 5.58966e-01
2.96000e-01 5.58977e-01
3.00000e-01 5.59055e-01
3.04000e-01 5.59430e-01
3.08000e-01 5.61003e-01
3.12000e-01 5.66432e-01
3.16000e-01 5.76672e-01
3.20000e-01 5.81701e-01
3.24000e-01 5.81654e-01
3.28000e-01 5.75820e-01
3.32000e-01 5.33949e-01
3.36000e-01 4.68958e-01
3.40000e-01 4.53624e-01
3.44000e-01 4.53730e-01
3.48000e-01 4.56631e-01
3.52000e-01 4.65713e-01
3.56000e-01 4.78218e-01
3.60000e-01 4.83670e-01
3.64000e-01 4.84102e-01
3.68000e-01 4.84087e-01
3.72000e-01 4.83885e-01
3.76000e-01 4.82627e-01
3.80000e-01 4.76951e-01
3.84000e-01 4.62689e-01
3.88000e-01 4.50575e-01
3.92000e-01 4.48442e-01
3.96000e-01 4.48424e-01
4.00000e-01 4.48585e-01
4.04000e-01 4.49399e-01
4.08000e-01 4.52129e-01
4.12000e-01 4.58951e-01
4.16000e-01 4.67966e-01
4.20000e-01 4.71061e-01
4.24000e-01 4.70968e-01
4.28000e-01 4.68808e-01
4.32000e-01 4.58810e-01
4.36000e-01 4.41907e-01
4.40000e-01 4.34938e-01
4.44000e-01 4.34593e-01
4.48000e-01 4.34810e-01
4.52000e-01 4.35958e-01
4.56000e-01 4.38946e-01
4.60000e-01 4.44281e-01
4.64000e-01 4.51619e-01
4.68000e-01 4.59932e-01
4.72000e-01 4.68062e-01
4.76000e-01 4.75176e-01
4.80000e-01 4.80943e-01
4.84000e-01 4.85475e-01
4.88000e-01 4.89110e-01
4.92000e-01 4.92215e-01
4.96000e-01 4.95077e-01
5.00000e-01 4.97889e-01
5.04000e-01 5.00754e-01
5.08000e-01 5.03702e-01
5.12000e-01 5.06715e-01
5.16000e-01 5.09775e-01
5.20000e-01 5.12940e-01
5.24000e-01 5.16449e-01
5.28000e-01 5.20895e-01
5.32000e-01 5.27630e-01
5.36000e-01 5.39368e-01
5.40000e-01 5.57796e-01
5.44000e-01 5.73074e-01
5.48000e-01 5.76624e-01
5.52000e-01 5.76751e-01
5.56000e-01 5.76752e-01
5.60000e-01 5.76752e-01
5.64000e-01 5.76752e-01
5.68000e-01 5.76752e-01
5.72000e-01 5.76751e-01
5.76000e-01 5.76739e-01
5.80000e-01 5.76556e-01
5.84000e-01 5.74079e-01
5.88000e-01 5.52213e-01
5.92000e-01 4.91436e-01
5.96000e-01 4.60811e-01
6.00000e-01 4.59534e-01
6.04000e-01 4.61631e-01
6.08000e-01 4.69059e-01
6.12000e-01 4.76719e-01
6.16000e-01 4.78550e-01
6.20000e-01 4.78624e-01
6.24000e-01 4.78634e-01
6.28000e-01 4.78654e-01
6.32000e-01 4.78744e-01
6.36000e-01 4.79120e-01
6.40000e-01 4.80462e-01
6.44000e-01 4.83549e-01
6.48000e-01 4.86048e-01
6.52000e-01 4.86313e-01
6.56000e-01 4.85989e-01
6.60000e-01 4.83501e-01
6.64000e-01 4.75030e-01
6.68000e-01 4.64593e-01
6.72000e-01 4.61747e-01
6.76000e-01 4.61714e-01
6.80000e-01 4.62100e-01
6.84000e-01 4.63926e-01
6.88000e-01 4.69197e-01
6.92000e-01 4.79062e-01
6.96000e-01 4.87556e-01
7.00000e-01 4.89567e-01
7.04000e-01 4.89643e-01
7.08000e-01 4.89644e-01
7.12000e-01 4.89644e-01
7.16000e-01 4.89644e-01
7.20000e-01 4.89645e-01
7.24000e-01 4.89647e-01
7.28000e-01 4.89654e-01
7.32000e-01 4.89673e-01
7.36000e-01 4.89721e-01
7.40000e-01 4.89837e-01
7.44000e-01 4.90115e-01
7.48000e-01 4.90797e-01
7.52000e-01 4.92533e-01
7.56000e-01 4.96990e-01
7.60000e-01 5.06721e-01
7.64000e-01 5.18156e-01
7.68000e-01 5.21749e-01
7.72000e-01 5.21758e-01
7.76000e-01 5.20372e-01
7.80000e-01 5.11980e-01
7.84000e-01 4.91790e-01
7.88000e-01 4.78745e-01
7.92000e-01 4.77269e-01
7.96000e-01 4.77262e-01
8.00000e-01 4.77323e-01
8.04000e-01 4.77589e-01
8.08000e-01 4.78291e-01
8.12000e-01 4.79709e-01
8.16000e-01 4.82184e-01
8.20000e-01 4.86382e-01
8.24000e-01 4.93799e-01
8.28000e-01 5.06305e-01
8.32000e-01 5.20164e-01
8.36000e-01 5.25762e-01
8.40000e-01 5.26217e-01
8.44000e-01 5.26219e-01
8.48000e-01 5.26196e-01
8.52000e-01 5.25964e-01
8.56000e-01 5.24053e-01
8.60000e-01 5.12348e-01
8.64000e-01 4.80219e-01
8.68000e-01 4.58001e-01
8.72000e-01 4.55741e-01
8.76000e-01 4.56057e-01
8.80000e-01 4.58153e-01
8.84000e-01 4.63536e-01
8.88000e-01 4.69637e-01
8.92000e-01 4.72224e-01
8.96000e-01 4.72851e-01
9.00000e-01 4.73304e-01
9.04000e-01 4.74379e-01
9.08000e-01 4.77637e-01
9.12000e-01 4.83806e-01
9.16000e-01 4.87175e-01
9.20000e-01 4.87223e-01
9.24000e-01 4.85471e-01
9.28000e-01 4.75885e-01
9.32000e-01 4.56526e-01
9.36000e-01 4.46498e-01
9.40000e-01 4.45688e-01
9.44000e-01 4.45740e-01
9.48000e-01 4.46069e-01
9.52000e-01 4.46630e-01
9.56000e-01 4.46885e-01
9.60000e-01 4.46917e-01
9.64000e-01 4.46926e-01
9.68000e-01 4.46943e-01
9.72000e-01 4.46990e-01
9.76000e-01 4.47107e-01
9.80000e-01 4.47356e-01
9.84000e-01 4.47815e-01
9.88000e-01 4.48618e-01
9.92000e-01 4.50055e-01
9.96000e-01 4.52794e-01
1.00000e+00 4.57757e-01
1.00400e+00 4.63804e-01
1.00800e+00 4.66703e-01
1.01200e+00 4.67028e-01
1.01600e+00 4.67036e-01
1.02000e+00 4.67039e-01
1.02400e+00 4.67046e-01
1.02800e+00 4.67067e-01
1.03200e+00 4.67129e-01
1.03600e+00 4.67283e-01
1.04000e+00 4.67616e-01
1.04400e+00 4.68253e-01
1.04800e+00 4.69330e-01
1.05200e+00 4.70950e-01
1.05600e+00 4.73140e-01
1.06000e+00 4.75858e-01
1.06400e+00 4.79034e-01
1.06800e+00 4.82576e-01
1.07200e+00 4.86236e-01
1.07600e+00 4.89440e-01
1.08000e+00 4.91583e-01
1.08400e+00 4.92688e-01
1.08800e+00 4.93245e-01
1.09200e+00 4.93618e-01
1.09600e+00 4.93967e-01
1.10000e+00 4.94384e-01
1.10400e+00 4.95001e-01
1.10800e+00 4.96175e-01
1.11200e+00 4.98993e-01
1.11600e+00 5.06021e-01
1.12000e+00 5.17323e-01
1.12400e+00 5.22758e-01
1.12800e+00 5.22848e-01
1.13200e+00 5.20319e-01
1.13600e+00 5.05709e-01
1.14000e+00 4.79127e-01
1.14400e+00 4.68739e-01
1.14800e+00 4.68333e-01
1.15200e+00 4.68785e-01
1.15600e+00 4.71169e-01
1.16000e+00 4.77999e-01
1.16400e+00 4.91404e-01
1.16800e+00 5.05549e-01
1.17200e+00 5.10355e-01
1.17600e+00 5.10659e-01
1.18000e+00 5.10661e-01
1.18400e+00 5.10661e-01
1.18800e+00 5.10661e-01
1.19200e+00 5.10661e-01
1.19600e+00 5.10660e-01
1.20000e+00 5.10657e-01
1.20400e+00 5.10635e-01
1.20800e+00 5.10488e-01
1.21200e+00 5.09539e-01
1.21600e+00 5.04310e-01
1.22000e+00 4.86941e-01
1.22400e+00 4.66726e-01
1.22800e+00 4.61577e-01
1.23200e+00 4.61422e-01
1.23600e+00 4.61468e-01
1.24000e+00 4.61744e-01
1.24400e+00 4.62582e-01
1.24800e+00 4.64365e-01
1.25200e+00 4.67261e-01
1.25600e+00 4.70932e-01
1.26000e+00 4.74718e-01
1.26400e+00 4.78339e-01
1.26800e+00 4.82286e-01
1.27200e+00 4.87842e-01
1.27600e+00 4.96816e-01
1.28000e+00 5.07826e-01
1.28400e+00 5.13374e-01
1.28800e+00 5.13996e-01
1.29200e+00 5.13999e-01
1.29600e+00 5.13954e-01
1.30000e+00 5.13522e-01
1.30400e+00 5.10350e-01
1.30800e+00 4.94416e-01
1.31200e+00 4.62226e-01
1.31600e+00 4.46537e-01
1.32000e+00 4.45373e-01
1.32400e+00 4.45412e-01
1.32800e+00 4.45755e-01
1.33200e+00 4.46974e-01
1.33600e+00 4.49533e-01
1.34000e+00 4.52116e-01
1.34400e+00 4.52988e-01
1.34800e+00 4.53094e-01
1.35200e+00 4.53131e-01
1.35600e+00 4.53197e-01
1.36000e+00 4.53380e-01
1.36400e+00 4.53889e-01
1.36800e+00 4.55202e-01
1.37200e+00 4.58342e-01
1.37600e+00 4.64680e-01
1.38000e+00 4.72549e-01
1.38400e+00 4.76132e-01
1.38800e+00 4.76483e-01
1.39200e+00 4.76487e-01
1.39600e+00 4.76488e-01
1.40000e+00 4.76488e-01
1.40400e+00 4.76490e-01
1.40800e+00 4.76498e-01
1.41200e+00 4.76518e-01
1.41600e+00 4.76570e-01
1.42000e+00 4.76691e-01
1.42400e+00 4.76943e-01
1.42800e+00 4.77424e-01
1.43200e+00 4.78291e-01
1.43600e+00 4.79831e-01
1.44000e+00 4.82671e-01
1.44400e+00 4.88187e-01
1.44800e+00 4.98322e-01
1.45200e+00 5.10758e-01
1.45600e+00 5.16557e-01
1.46000e+00 5.17138e-01
1.46400e+00 5.17144e-01
1.46800e+00 5.17144e-01
1.47200e+00 5.17142e-01
1.47600e+00 5.17121e-01
1.48000e+00 5.16950e-01
1.48400e+00 5.15636e-01
1.48800e+00 5.07371e-01
1.49200e+00 4.80013e-01
1.49600e+00 4.53397e-01
1.50000e+00 4.48543e-01
1.50400e+00 4.48508e-01
1.50800e+00 4.48854e-01
1.51200e+00 4.50111e-01
1.51600e+00 4.51990e-01
1.52000e+00 4.53013e-01
1.52400e+00 4.53243e-01
1.52800e+00 4.53341e-01
1.53200e+00 4.53500e-01
1.53600e+00 4.53933e-01
1.54000e+00 4.55139e-01
1.54400e+00 4.58171e-01
1.54800e+00 4.64123e-01
1.55200e+00 4.70411e-01
1.55600e+00 4.72527e-01
1.56000e+00 4.72660e-01
1.56400e+00 4.72661e-01
1.56800e+00 4.72661e-01
1.57200e+00 4.72661e-01
1.57600e+00 4.72662e-01
1.58000e+00 4.72663e-01
1.58400e+00 4.72667e-01
1.58800e+00 4.72678e-01
1.59200e+00 4.72704e-01
1.59600e+00 4.72761e-01
1.60000e+00 4.72882e-01
1.60400e+00 4.73144e-01
1.60800e+00 4.73743e-01
1.61200e+00 4.75194e-01
1.61600e+00 4.78614e-01
1.62000e+00 4.84735e-01
1.62400e+00 4.89928e-01
1.62800e+00 4.91134e-01
1.63200e+00 4.91179e-01
1.63600e+00 4.91179e-01
1.64000e+00 4.91179e-01
1.64400e+00 4.91180e-01
1.64800e+00 4.91181e-01
1.65200e+00 4.91186e-01
1.65600e+00 4.91199e-01
1.66000e+00 4.91228e-01
1.66400e+00 4.91288e-01
1.66800e+00 4.91410e-01
1.67200e+00 4.91697e-01
1.67600e+00 4.92529e-01
1.68000e+00 4.95105e-01
1.68400e+00 5.00799e-01
1.68800e+00 5.05224e-01
1.69200e+00 5.05597e-01
1.69600e+00 5.04610e-01
1.70000e+00 4.97396e-01
1.70400e+00 4.78036e-01
1.70800e+00 4.64289e-01
1.71200e+00 4.62827e-01
1.71600e+00 4.63102e-01
1.72000e+00 4.65041e-01
1.72400e+00 4.71204e-01
1.72800e+00 4.81917e-01
1.73200e+00 4.89216e-01
1.73600e+00 4.90397e-01
1.74000e+00 4.90423e-01
1.74400e+00 4.90423e-01
1.74800e+00 4.90423e-01
1.75200e+00 4.90423e-01
1.75600e+00 4.90423e-01
1.76000e+00 4.90423e-01
1.76400e+00 4.90423e-01
1.76800e+00 4.90423e-01
1.77200e+00 4.90423e-01
1.77600e+00 4.90423e-01
1.78000e+00 4.90423e-01
1.78400e+00 4.90424e-01
1.78800e+00 4.90424e-01
1.79200e+00 4.90425e-01
1.79600e+00 4.90428e-01
1.80000e+00 4.90433e-01
1.80400e+00 4.90446e-01
1.80800e+00 4.90473e-01
1.81200e+00 4.90527e-01
1.81600e+00 4.90629e-01
1.82000e+00 4.90816e-01
1.82400e+00 4.91146e-01
1.82800e+00 4.91733e-01
1.83200e+00 4.92826e-01
1.83600e+00 4.95018e-01
1.84000e+00 4.99691e-01
1.84400e+00 5.09074e-01
1.84800e+00 5.21628e-01
1.85200e+00 5.28002e-01
1.85600e+00 5.28684e-01
1.86000e+00 5.28688e-01
1.86400e+00 5.28653e-01
1.86800e+00 5.28386e-01
1.87200e+00 5.26897e-01
1.87600e+00 5.21187e-01
1.88000e+00 5.11372e-01
1.88400e+00 5.07001e-01
1.88800e+00 5.06765e-01
1.89200e+00 5.06944e-01
1.89600e+00 5.08064e-01
1.90000e+00 5.10283e-01
1.90400e+00 5.11146e-01
1.90800e+00 5.11062e-01
1.91200e+00 5.09801e-01
1.91600e+00 5.03523e-01
1.92000e+00 4.90748e-01
1.92400e+00 4.84004e-01
1.92800e+00 4.83556e-01
1.93200e+00 4.83838e-01
1.93600e+00 4.85491e-01
1.94000e+00 4.88642e-01
1.94400e+00 4.90001e-01
1.94800e+00 4.89994e-01
1.95200e+00 4.89303e-01
1.95600e+00 4.85821e-01
1.96000e+00 4.78016e-01
1.96400e+00 4.72530e-01
1.96800e+00 4.71767e-01
1.97200e+00 4.71761e-01
1.97600e+00 4.71793e-01
1.98000e+00 4.71950e-01
1.98400e+00 4.72404e-01
1.98800e+00 4.73096e-01
1.99200e+00 4.74011e-01
1.99600e+00 4.74057e-01
