0.00000e+00 4.92427e-01
4.00000e-03 4.92427e-01
8.00000e-03 4.92429e-01
1.20000e-02 4.92460e-01
1.60000e-02 4.92795e-01
2.00000e-02 4.94991e-01
2.40000e-02 5.04185e-01
2.80000e-02 5.29640e-01
3.20000e-02 5.70667e-01
3.60000e-02 5.93891e-01
4.00000e-02 5.95683e-01
4.40000e-02 5.92010e-01
4.80000e-02 5.44785e-01
5.20000e-02 4.41861e-01
5.60000e-02 4.13032e-01
6.00000e-02 4.13455e-01
6.40000e-02 4.19435e-01
6.80000e-02 4.34299e-01
7.20000e-02 4.57722e-01
7.60000e-02 4.88345e-01
8.00000e-02 5.18699e-01
8.40000e-02 5.33005e-01
8.80000e-02 5.35010e-01
9.20000e-02 5.35197e-01
9.60000e-02 5.35339e-01
1.00000e-01 5.35728e-01
1.04000e-01 5.37087e-01
1.08000e-01 5.41573e-01
1.12000e-01 5.53768e-01
1.16000e-01 5.72177e-01
1.20000e-01 5.79703e-01
1.24000e-01 5.79721e-01
1.28000e-01 5.74781e-01
1.32000e-01 5.44778e-01
1.36000e-01 5.00498e-01
1.40000e-01 4.89375e-01
1.44000e-01 4.89267e-01
1.48000e-01 4.90304e-01
1.52000e-01 4.94277e-01
1.56000e-01 5.03302e-01
1.60000e-01 5.19890e-01
1.64000e-01 5.45528e-01
1.68000e-01 5.68602e-01
1.72000e-01 5.74791e-01
1.76000e-01 5.74931e-01
1.80000e-01 5.73877e-01
1.84000e-01 5.61056e-01
1.88000e-01 5.06345e-01
1.92000e-01 4.57684e-01
1.96000e-01 4.51247e-01
2.00000e-01 4.51276e-01
2.04000e-01 4.51952e-01
2.08000e-01 4.54164e-01
2.12000e-01 4.58601e-01
2.16000e-01 4.65267e-01
2.20000e-01 4.73557e-01
2.24000e-01 4.82798e-01
2.28000e-01 4.92926e-01
2.32000e-01 5.05024e-01
2.36000e-01 5.21604e-01
2.40000e-01 5.44108e-01
2.44000e-01 5.62787e-01
2.48000e-01 5.67719e-01
2.52000e-01 5.67944e-01
2.56000e-01 5.67945e-01
2.60000e-01 5.67945e-01
2.64000e-01 5.67944e-01
2.68000e-01 5.67936e-01
2.72000e-01 5.67892e-01
2.76000e-01 5.67660e-01
2.80000e-01 5.66683e-01
2.84000e-01 5.64214e-01
2.88000e-01 5.61847e-01
2.92000e-01 5.61222e-01
2.96000e-01 5.61120e-01
3.00000e-01 5.61014e-01
3.04000e-01 5.60682e-01
3.08000e-01 5.59856e-01
3.12000e-01 5.59113e-01
3.16000e-01 5.58976e-01
3.20000e-01 5.58974e-01
3.24000e-01 5.58985e-01
3.28000e-01 5.59054e-01
3.32000e-01 5.59407e-01
3.36000e-01 5.61032e-01
3.40000e-01 5.67001e-01
3.44000e-01 5.76631e-01
3.48000e-01 5.79125e-01
3.52000e-01 5.77076e-01
3.56000e-01 5.52313e-01
3.60000e-01 4.86335e-01
3.64000e-01 4.57124e-01
3.68000e-01 4.56184e-01
3.72000e-01 4.58329e-01
3.76000e-01 4.66614e-01
3.80000e-01 4.78566e-01
3.84000e-01 4.83664e-01
3.88000e-01 4.84030e-01
3.92000e-01 4.84002e-01
3.96000e-01 4.83692e-01
4.00000e-01 4.81848e-01
4.04000e-01 4.74300e-01
4.08000e-01 4.58941e-01
4.12000e-01 4.49577e-01
4.16000e-01 4.48551e-01
4.20000e-01 4.48575e-01
4.24000e-01 4.48862e-01
4.28000e-01 4.50114e-01
4.32000e-01 4.53991e-01
4.36000e-01 4.62096e-01
4.40000e-01 4.69082e-01
4.44000e-01 4.70130e-01
4.48000e-01 4.69659e-01
4.52000e-01 4.65667e-01
4.56000e-01 4.52447e-01
4.60000e-01 4.38172e-01
4.64000e-01 4.34969e-01
4.68000e-01 4.34950e-01
4.72000e-01 4.35343e-01
4.76000e-01 4.36872e-01
4.80000e-01 4.40357e-01
4.84000e-01 4.46092e-01
4.88000e-01 4.53561e-01
4.92000e-01 4.61722e-01
4.96000e-01 4.69524e-01
5.00000e-01 4.76257e-01
5.04000e-01 4.81669e-01
5.08000e-01 4.85898e-01
5.12000e-01 4.89277e-01
5.16000e-01 4.92158e-01
5.20000e-01 4.94817e-01
5.24000e-01 4.97441e-01
5.28000e-01 5.00135e-01
5.32000e-01 5.02934e-01
5.36000e-01 5.05814e-01
5.40000e-01 5.08727e-01
5.44000e-01 5.11660e-01
5.48000e-01 5.14709e-01
5.52000e-01 5.18177e-01
5.56000e-01 5.22775e-01
5.60000e-01 5.30103e-01
5.64000e-01 5.43113e-01
5.68000e-01 5.62028e-01
5.72000e-01 5.74638e-01
5.76000e-01 5.76706e-01
5.80000e-01 5.76752e-01
5.84000e-01 5.76752e-01
5.88000e-01 5.76752e-01
5.92000e-01 5.76752e-01
5.96000e-01 5.76751e-01
6.00000e-01 5.76745e-01
6.04000e-01 5.76659e-01
6.08000e-01 5.75456e-01
6.12000e-01 5.62926e-01
6.16000e-01 5.11242e-01
6.20000e-01 4.67149e-01
6.24000e-01 4.62445e-01
6.28000e-01 4.63557e-01
6.32000e-01 4.69020e-01
6.36000e-01 4.76256e-01
6.40000e-01 4.78514e-01
6.44000e-01 4.78636e-01
6.48000e-01 4.78649e-01
6.52000e-01 4.78673e-01
6.56000e-01 4.78777e-01
6.60000e-01 4.79210e-01
6.64000e-01 4.80702e-01
6.68000e-01 4.83771e-01
6.72000e-01 4.85752e-01
6.76000e-01 4.85871e-01
6.80000e-01 4.85441e-01
6.84000e-01 4.82544e-01
6.88000e-01 4.73647e-01
6.92000e-01 4.64146e-01
6.96000e-01 4.62022e-01
7.00000e-01 4.62027e-01
7.04000e-01 4.62462e-01
7.08000e-01 4.64386e-01
7.12000e-01 4.69806e-01
7.16000e-01 4.79678e-01
7.20000e-01 4.87791e-01
7.24000e-01 4.89582e-01
7.28000e-01 4.89644e-01
7.32000e-01 4.89644e-01
7.36000e-01 4.89644e-01
7.40000e-01 4.89644e-01
7.44000e-01 4.89645e-01
7.48000e-01 4.89646e-01
7.52000e-01 4.89652e-01
7.56000e-01 4.89666e-01
7.60000e-01 4.89703e-01
7.64000e-01 4.89795e-01
7.68000e-01 4.90014e-01
7.72000e-01 4.90554e-01
7.76000e-01 4.91932e-01
7.80000e-01 4.95524e-01
7.84000e-01 5.03895e-01
7.88000e-01 5.15675e-01
7.92000e-01 5.20850e-01
7.96000e-01 5.21064e-01
8.00000e-01 5.20241e-01
8.04000e-01 5.14214e-01
8.08000e-01 4.96138e-01
8.12000e-01 4.80114e-01
8.16000e-01 4.77355e-01
8.20000e-01 4.77311e-01
8.24000e-01 4.77349e-01
8.28000e-01 4.77550e-01
8.32000e-01 4.78127e-01
8.36000e-01 4.79350e-01
8.40000e-01 4.81532e-01
8.44000e-01 4.85220e-01
8.48000e-01 4.91668e-01
8.52000e-01 5.02908e-01
8.56000e-01 5.17375e-01
8.60000e-01 5.25213e-01
8.64000e-01 5.26194e-01
8.68000e-01 5.26206e-01
8.72000e-01 5.26186e-01
8.76000e-01 5.25964e-01
8.80000e-01 5.24126e-01
8.84000e-01 5.12841e-01
8.88000e-01 4.81384e-01
8.92000e-01 4.59033e-01
8.96000e-01 4.56657e-01
9.00000e-01 4.56952e-01
9.04000e-01 4.58949e-01
9.08000e-01 4.64107e-01
9.12000e-01 4.69950e-01
9.16000e-01 4.72467e-01
9.20000e-01 4.73128e-01
9.24000e-01 4.73651e-01
9.28000e-01 4.74915e-01
9.32000e-01 4.78534e-01
9.36000e-01 4.84176e-01
9.40000e-01 4.86252e-01
9.44000e-01 4.86090e-01
9.48000e-01 4.83561e-01
9.52000e-01 4.72113e-01
9.56000e-01 4.53522e-01
9.60000e-01 4.46249e-01
9.64000e-01 4.45856e-01
9.68000e-01 4.45918e-01
9.72000e-01 4.46241e-01
9.76000e-01 4.46717e-01
9.80000e-01 4.46905e-01
9.84000e-01 4.46930e-01
9.88000e-01 4.46940e-01
9.92000e-01 4.46962e-01
9.96000e-01 4.47021e-01
1.00000e+00 4.47162e-01
1.00400e+00 4.47451e-01
1.00800e+00 4.47979e-01
1.01200e+00 4.48924e-01
1.01600e+00 4.50696e-01
1.02000e+00 4.54152e-01
1.02400e+00 4.59940e-01
1.02800e+00 4.65333e-01
1.03200e+00 4.66943e-01
1.03600e+00 4.67037e-01
1.04000e+00 4.67040e-01
1.04400e+00 4.67042e-01
1.04800e+00 4.67049e-01
1.05200e+00 4.67072e-01
1.05600e+00 4.67135e-01
1.06000e+00 4.67290e-01
1.06400e+00 4.67623e-01
1.06800e+00 4.68257e-01
1.07200e+00 4.69328e-01
1.07600e+00 4.70939e-01
1.08000e+00 4.73116e-01
1.08400e+00 4.75815e-01
1.08800e+00 4.78977e-01
1.09200e+00 4.82546e-01
1.09600e+00 4.86321e-01
1.10000e+00 4.89688e-01
1.10400e+00 4.91887e-01
1.10800e+00 4.92917e-01
1.11200e+00 4.93374e-01
1.11600e+00 4.93660e-01
1.12000e+00 4.93932e-01
1.12400e+00 4.94265e-01
1.12800e+00 4.94767e-01
1.13200e+00 4.95724e-01
1.13600e+00 4.98032e-01
1.14000e+00 5.03982e-01
1.14400e+00 5.14664e-01
1.14800e+00 5.21089e-01
1.15200e+00 5.21426e-01
1.15600e+00 5.19719e-01
1.16000e+00 5.08204e-01
1.16400e+00 4.82779e-01
1.16800e+00 4.69794e-01
1.17200e+00 4.68956e-01
1.17600e+00 4.69273e-01
1.18000e+00 4.71196e-01
1.18400e+00 4.77114e-01
1.18800e+00 4.89512e-01
1.19200e+00 5.04178e-01
1.19600e+00 5.10168e-01
1.20000e+00 5.10657e-01
1.20400e+00 5.10661e-01
1.20800e+00 5.10661e-01
1.21200e+00 5.10661e-01
1.21600e+00 5.10661e-01
1.22000e+00 5.10660e-01
1.22400e+00 5.10657e-01
1.22800e+00 5.10635e-01
1.23200e+00 5.10487e-01
1.23600e+00 5.09533e-01
1.24000e+00 5.04288e-01
1.24400e+00 4.86910e-01
1.24800e+00 4.66764e-01
1.25200e+00 4.61657e-01
1.25600e+00 4.61505e-01
1.26000e+00 4.61551e-01
1.26400e+00 4.61826e-01
1.26800e+00 4.62659e-01
1.27200e+00 4.64437e-01
1.27600e+00 4.67332e-01
1.28000e+00 4.71005e-01
1.28400e+00 4.74769e-01
1.28800e+00 4.78308e-01
1.29200e+00 4.82068e-01
1.29600e+00 4.87262e-01
1.30000e+00 4.95727e-01
1.30400e+00 5.06788e-01
1.30800e+00 5.13112e-01
1.31200e+00 5.13963e-01
1.31600e+00 5.13971e-01
1.32000e+00 5.13917e-01
1.32400e+00 5.13397e-01
1.32800e+00 5.09623e-01
1.33200e+00 4.91763e-01
1.33600e+00 4.59669e-01
1.34000e+00 4.46331e-01
1.34400e+00 4.45553e-01
1.34800e+00 4.45624e-01
1.35200e+00 4.46134e-01
1.35600e+00 4.47770e-01
1.36000e+00 4.50624e-01
1.36400e+00 4.52664e-01
1.36800e+00 4.53092e-01
1.37200e+00 4.53141e-01
1.37600e+00 4.53174e-01
1.38000e+00 4.53253e-01
1.38400e+00 4.53483e-01
1.38800e+00 4.54114e-01
1.39200e+00 4.55720e-01
1.39600e+00 4.59475e-01
1.40000e+00 4.66532e-01
1.40400e+00 4.73862e-01
1.40800e+00 4.76329e-01
1.41200e+00 4.76487e-01
1.41600e+00 4.76488e-01
1.42000e+00 4.76488e-01
1.42400e+00 4.76489e-01
1.42800e+00 4.76491e-01
1.43200e+00 4.76497e-01
1.43600e+00 4.76516e-01
1.44000e+00 4.76564e-01
1.44400e+00 4.76674e-01
1.44800e+00 4.76904e-01
1.45200e+00 4.77345e-01
1.45600e+00 4.78136e-01
1.46000e+00 4.79532e-01
1.46400e+00 4.82075e-01
1.46800e+00 4.86979e-01
1.47200e+00 4.96232e-01
1.47600e+00 5.08869e-01
1.48000e+00 5.16138e-01
1.48400e+00 5.17126e-01
1.48800e+00 5.17144e-01
1.49200e+00 5.17144e-01
1.49600e+00 5.17141e-01
1.50000e+00 5.17117e-01
1.50400e+00 5.16923e-01
1.50800e+00 5.15436e-01
1.51200e+00 5.06320e-01
1.51600e+00 4.77970e-01
1.52000e+00 4.52867e-01
1.52400e+00 4.48836e-01
1.52800e+00 4.48833e-01
1.53200e+00 4.49245e-01
1.53600e+00 4.50594e-01
1.54000e+00 4.52355e-01
1.54400e+00 4.53162e-01
1.54800e+00 4.53340e-01
1.55200e+00 4.53442e-01
1.55600e+00 4.53638e-01
1.56000e+00 4.54188e-01
1.56400e+00 4.55704e-01
1.56800e+00 4.59385e-01
1.57200e+00 4.65883e-01
1.57600e+00 4.71335e-01
1.58000e+00 4.72612e-01
1.58400e+00 4.72661e-01
1.58800e+00 4.72661e-01
1.59200e+00 4.72661e-01
1.59600e+00 4.72661e-01
1.60000e+00 4.72662e-01
1.60400e+00 4.72663e-01
1.60800e+00 4.72667e-01
1.61200e+00 4.72678e-01
1.61600e+00 4.72702e-01
1.62000e+00 4.72757e-01
1.62400e+00 4.72873e-01
1.62800e+00 4.73131e-01
1.63200e+00 4.73733e-01
1.63600e+00 4.75214e-01
1.64000e+00 4.78719e-01
1.64400e+00 4.84919e-01
1.64800e+00 4.90015e-01
1.65200e+00 4.91140e-01
1.65600e+00 4.91179e-01
1.66000e+00 4.91179e-01
1.66400e+00 4.91180e-01
1.66800e+00 4.91180e-01
1.67200e+00 4.91181e-01
1.67600e+00 4.91184e-01
1.68000e+00 4.91194e-01
1.68400e+00 4.91216e-01
1.68800e+00 4.91262e-01
1.69200e+00 4.91361e-01
1.69600e+00 4.91611e-01
1.70000e+00 4.92380e-01
1.70400e+00 4.94822e-01
1.70800e+00 5.00208e-01
1.71200e+00 5.04274e-01
1.71600e+00 5.04591e-01
1.72000e+00 5.03624e-01
1.72400e+00 4.96712e-01
1.72800e+00 4.78224e-01
1.73200e+00 4.64982e-01
1.73600e+00 4.63545e-01
1.74000e+00 4.63805e-01
1.74400e+00 4.65662e-01
1.74800e+00 4.71619e-01
1.75200e+00 4.82064e-01
1.75600e+00 4.89230e-01
1.76000e+00 4.90397e-01
1.76400e+00 4.90423e-01
1.76800e+00 4.90423e-01
1.77200e+00 4.90423e-01
1.77600e+00 4.90423e-01
1.78000e+00 4.90423e-01
1.78400e+00 4.90423e-01
1.78800e+00 4.90423e-01
1.79200e+00 4.90423e-01
1.79600e+00 4.90423e-01
1.80000e+00 4.90423e-01
1.80400e+00 4.90423e-01
1.80800e+00 4.90424e-01
1.81200e+00 4.90424e-01
1.81600e+00 4.90425e-01
1.82000e+00 4.90427e-01
1.82400e+00 4.90431e-01
1.82800e+00 4.90441e-01
1.83200e+00 4.90463e-01
1.83600e+00 4.90507e-01
1.84000e+00 4.90592e-01
1.84400e+00 4.90748e-01
1.84800e+00 4.91024e-01
1.85200e+00 4.91510e-01
1.85600e+00 4.92397e-01
1.86000e+00 4.94130e-01
1.86400e+00 4.97769e-01
1.86800e+00 5.05405e-01
1.87200e+00 5.17724e-01
1.87600e+00 5.26884e-01
1.88000e+00 5.28626e-01
1.88400e+00 5.28668e-01
1.88800e+00 5.28655e-01
1.89200e+00 5.28526e-01
1.89600e+00 5.27737e-01
1.90000e+00 5.24136e-01
1.90400e+00 5.15161e-01
1.90800e+00 5.08039e-01
1.91200e+00 5.07037e-01
1.91600e+00 5.07104e-01
1.92000e+00 5.07767e-01
1.92400e+00 5.09576e-01
1.92800e+00 5.10646e-01
1.93200e+00 5.10634e-01
1.93600e+00 5.09757e-01
1.94000e+00 5.04822e-01
1.94400e+00 4.92925e-01
1.94800e+00 4.84851e-01
1.95200e+00 4.84021e-01
1.95600e+00 4.84211e-01
1.96000e+00 4.85511e-01
1.96400e+00 4.88268e-01
1.96800e+00 4.89589e-01
1.97200e+00 4.89591e-01
1.97600e+00 4.88939e-01
1.98000e+00 4.85605e-01
1.98400e+00 4.78031e-01
1.98800e+00 4.72550e-01
1.99200e+00 4.71827e-01
1.99600e+00 4.71823e-01
