0.00000e+00 5.19061e-01
4.00000e-03 5.19061e-01
8.00000e-03 5.19060e-01
1.20000e-02 5.19055e-01
1.60000e-02 5.18974e-01
2.00000e-02 5.18219e-01
2.40000e-02 5.13817e-01
2.80000e-02 5.02190e-01
3.20000e-02 4.93758e-01
3.60000e-02 4.92842e-01
4.00000e-02 4.93023e-01
4.40000e-02 4.94387e-01
4.80000e-02 4.99257e-01
5.20000e-02 5.11867e-01
5.60000e-02 5.38877e-01
6.00000e-02 5.75999e-01
6.40000e-02 5.89889e-01
6.80000e-02 5.87881e-01
7.20000e-02 5.49101e-01
7.60000e-02 4.50994e-01
8.00000e-02 4.18904e-01
8.40000e-02 4.19001e-01
8.80000e-02 4.24409e-01
9.20000e-02 4.38201e-01
9.60000e-02 4.59470e-01
1.00000e-01 4.86775e-01
1.04000e-01 5.15656e-01
1.08000e-01 5.32151e-01
1.12000e-01 5.35085e-01
1.16000e-01 5.35265e-01
1.20000e-01 5.35329e-01
1.24000e-01 5.35464e-01
1.28000e-01 5.35924e-01
1.32000e-01 5.37533e-01
1.36000e-01 5.42779e-01
1.40000e-01 5.56376e-01
1.44000e-01 5.73180e-01
1.48000e-01 5.77481e-01
1.52000e-01 5.76675e-01
1.56000e-01 5.65284e-01
1.60000e-01 5.24292e-01
1.64000e-01 4.93411e-01
1.68000e-01 4.90184e-01
1.72000e-01 4.90446e-01
1.76000e-01 4.92304e-01
1.80000e-01 4.97737e-01
1.84000e-01 5.08792e-01
1.88000e-01 5.28211e-01
1.92000e-01 5.54998e-01
1.96000e-01 5.71985e-01
2.00000e-01 5.74211e-01
2.04000e-01 5.73821e-01
2.08000e-01 5.66940e-01
2.12000e-01 5.24941e-01
2.16000e-01 4.65685e-01
2.20000e-01 4.52040e-01
2.24000e-01 4.51839e-01
2.28000e-01 4.52386e-01
2.32000e-01 4.54504e-01
2.36000e-01 4.58910e-01
2.40000e-01 4.65486e-01
2.44000e-01 4.73438e-01
2.48000e-01 4.81958e-01
2.52000e-01 4.90797e-01
2.56000e-01 5.00584e-01
2.60000e-01 5.13123e-01
2.64000e-01 5.31256e-01
2.68000e-01 5.53435e-01
2.72000e-01 5.66119e-01
2.76000e-01 5.67911e-01
2.80000e-01 5.67945e-01
2.84000e-01 5.67945e-01
2.88000e-01 5.67945e-01
2.92000e-01 5.67944e-01
2.96000e-01 5.67936e-01
3.00000e-01 5.67894e-01
3.04000e-01 5.67678e-01
3.08000e-01 5.66758e-01
3.12000e-01 5.64351e-01
3.16000e-01 5.61882e-01
3.20000e-01 5.61165e-01
3.24000e-01 5.61043e-01
3.28000e-01 5.60928e-01
3.32000e-01 5.60585e-01
3.36000e-01 5.59775e-01
3.40000e-01 5.59097e-01
3.44000e-01 5.58982e-01
3.48000e-01 5.58982e-01
3.52000e-01 5.58991e-01
3.56000e-01 5.59061e-01
3.60000e-01 5.59464e-01
3.64000e-01 5.61593e-01
3.68000e-01 5.68699e-01
3.72000e-01 5.74806e-01
3.76000e-01 5.74606e-01
3.80000e-01 5.62747e-01
3.84000e-01 5.08558e-01
3.88000e-01 4.63487e-01
3.92000e-01 4.59110e-01
3.96000e-01 4.60440e-01
4.00000e-01 4.67223e-01
4.04000e-01 4.78391e-01
4.08000e-01 4.83546e-01
4.12000e-01 4.83931e-01
4.16000e-01 4.83886e-01
4.20000e-01 4.83417e-01
4.24000e-01 4.80767e-01
4.28000e-01 4.71117e-01
4.32000e-01 4.55685e-01
4.36000e-01 4.49112e-01
4.40000e-01 4.48695e-01
4.44000e-01 4.48760e-01
4.48000e-01 4.49244e-01
4.52000e-01 4.51132e-01
4.56000e-01 4.56391e-01
4.60000e-01 4.64834e-01
4.64000e-01 4.69032e-01
4.68000e-01 4.69172e-01
4.72000e-01 4.68037e-01
4.76000e-01 4.61445e-01
4.80000e-01 4.46269e-01
4.84000e-01 4.36326e-01
4.88000e-01 4.35227e-01
4.92000e-01 4.35307e-01
4.96000e-01 4.35927e-01
5.00000e-01 4.37876e-01
5.04000e-01 4.41847e-01
5.08000e-01 4.47922e-01
5.12000e-01 4.55455e-01
5.16000e-01 4.63425e-01
5.20000e-01 4.70893e-01
5.24000e-01 4.77260e-01
5.28000e-01 4.82341e-01
5.32000e-01 4.86289e-01
5.36000e-01 4.89433e-01
5.40000e-01 4.92108e-01
5.44000e-01 4.94580e-01
5.48000e-01 4.97028e-01
5.52000e-01 4.99561e-01
5.56000e-01 5.02219e-01
5.60000e-01 5.04983e-01
5.64000e-01 5.07793e-01
5.68000e-01 5.10594e-01
5.72000e-01 5.13393e-01
5.76000e-01 5.16336e-01
5.80000e-01 5.19795e-01
5.84000e-01 5.24615e-01
5.88000e-01 5.32665e-01
5.92000e-01 5.47008e-01
5.96000e-01 5.65797e-01
6.00000e-01 5.75622e-01
6.04000e-01 5.76737e-01
6.08000e-01 5.76752e-01
6.12000e-01 5.76752e-01
6.16000e-01 5.76752e-01
6.20000e-01 5.76752e-01
6.24000e-01 5.76749e-01
6.28000e-01 5.76710e-01
6.32000e-01 5.76161e-01
6.36000e-01 5.69753e-01
6.40000e-01 5.32078e-01
6.44000e-01 4.77598e-01
6.48000e-01 4.65384e-01
6.52000e-01 4.65714e-01
6.56000e-01 4.69180e-01
6.60000e-01 4.75556e-01
6.64000e-01 4.78416e-01
6.68000e-01 4.78650e-01
6.72000e-01 4.78669e-01
6.76000e-01 4.78698e-01
6.80000e-01 4.78817e-01
6.84000e-01 4.79314e-01
6.88000e-01 4.80955e-01
6.92000e-01 4.83925e-01
6.96000e-01 4.85428e-01
7.00000e-01 4.85460e-01
7.04000e-01 4.84897e-01
7.08000e-01 4.81560e-01
7.12000e-01 4.72328e-01
7.16000e-01 4.63830e-01
7.20000e-01 4.62289e-01
7.24000e-01 4.62320e-01
7.28000e-01 4.62804e-01
7.32000e-01 4.64831e-01
7.36000e-01 4.70404e-01
7.40000e-01 4.80276e-01
7.44000e-01 4.88006e-01
7.48000e-01 4.89594e-01
7.52000e-01 4.89644e-01
7.56000e-01 4.89644e-01
7.60000e-01 4.89644e-01
7.64000e-01 4.89644e-01
7.68000e-01 4.89644e-01
7.72000e-01 4.89646e-01
7.76000e-01 4.89650e-01
7.80000e-01 4.89661e-01
7.84000e-01 4.89690e-01
7.88000e-01 4.89762e-01
7.92000e-01 4.89935e-01
7.96000e-01 4.90363e-01
8.00000e-01 4.91459e-01
8.04000e-01 4.94345e-01
8.08000e-01 5.01415e-01
8.12000e-01 5.12981e-01
8.16000e-01 5.19792e-01
8.20000e-01 5.20375e-01
8.24000e-01 5.19897e-01
8.28000e-01 5.15693e-01
8.32000e-01 5.00330e-01
8.36000e-01 4.82113e-01
8.40000e-01 4.77500e-01
8.44000e-01 4.77359e-01
8.48000e-01 4.77382e-01
8.52000e-01 4.77530e-01
8.56000e-01 4.77997e-01
8.60000e-01 4.79043e-01
8.64000e-01 4.80962e-01
8.68000e-01 4.84210e-01
8.72000e-01 4.89822e-01
8.76000e-01 4.99767e-01
8.80000e-01 5.14151e-01
8.84000e-01 5.24260e-01
8.88000e-01 5.26142e-01
8.92000e-01 5.26187e-01
8.96000e-01 5.26170e-01
9.00000e-01 5.25962e-01
9.04000e-01 5.24220e-01
9.08000e-01 5.13451e-01
9.12000e-01 4.82756e-01
9.16000e-01 4.60107e-01
9.20000e-01 4.57552e-01
9.24000e-01 4.57817e-01
9.28000e-01 4.59682e-01
9.32000e-01 4.64566e-01
9.36000e-01 4.70177e-01
9.40000e-01 4.72692e-01
9.44000e-01 4.73422e-01
9.48000e-01 4.74041e-01
9.52000e-01 4.75537e-01
9.56000e-01 4.79459e-01
9.60000e-01 4.84240e-01
9.64000e-01 4.85325e-01
9.68000e-01 4.84963e-01
9.72000e-01 4.81444e-01
9.76000e-01 4.68162e-01
9.80000e-01 4.51101e-01
9.84000e-01 4.46163e-01
9.88000e-01 4.45996e-01
9.92000e-01 4.46069e-01
9.96000e-01 4.46383e-01
1.00000e+00 4.46783e-01
1.00400e+00 4.46923e-01
1.00800e+00 4.46944e-01
1.01200e+00 4.46956e-01
1.01600e+00 4.46983e-01
1.02000e+00 4.47056e-01
1.02400e+00 4.47224e-01
1.02800e+00 4.47558e-01
1.03200e+00 4.48174e-01
1.03600e+00 4.49314e-01
1.04000e+00 4.51545e-01
1.04400e+00 4.55867e-01
1.04800e+00 4.62147e-01
1.05200e+00 4.66297e-01
1.05600e+00 4.67020e-01
1.06000e+00 4.67041e-01
1.06400e+00 4.67043e-01
1.06800e+00 4.67045e-01
1.07200e+00 4.67052e-01
1.07600e+00 4.67076e-01
1.08000e+00 4.67141e-01
1.08400e+00 4.67297e-01
1.08800e+00 4.67630e-01
1.09200e+00 4.68262e-01
1.09600e+00 4.69327e-01
1.10000e+00 4.70928e-01
1.10400e+00 4.73090e-01
1.10800e+00 4.75766e-01
1.11200e+00 4.78906e-01
1.11600e+00 4.82503e-01
1.12000e+00 4.86414e-01
1.12400e+00 4.89975e-01
1.12800e+00 4.92226e-01
1.13200e+00 4.93152e-01
1.13600e+00 4.93499e-01
1.14000e+00 4.93704e-01
1.14400e+00 4.93905e-01
1.14800e+00 4.94167e-01
1.15200e+00 4.94572e-01
1.15600e+00 4.95354e-01
1.16000e+00 4.97249e-01
1.16400e+00 5.02275e-01
1.16800e+00 5.12169e-01
1.17200e+00 5.19396e-01
1.17600e+00 5.20062e-01
1.18000e+00 5.18909e-01
1.18400e+00 5.09978e-01
1.18800e+00 4.86452e-01
1.19200e+00 4.71051e-01
1.19600e+00 4.69569e-01
1.20000e+00 4.69784e-01
1.20400e+00 4.71310e-01
1.20800e+00 4.76374e-01
1.21200e+00 4.87677e-01
1.21600e+00 5.02587e-01
1.22000e+00 5.09883e-01
1.22400e+00 5.10651e-01
1.22800e+00 5.10661e-01
1.23200e+00 5.10661e-01
1.23600e+00 5.10661e-01
1.24000e+00 5.10661e-01
1.24400e+00 5.10660e-01
1.24800e+00 5.10657e-01
1.25200e+00 5.10635e-01
1.25600e+00 5.10486e-01
1.26000e+00 5.09529e-01
1.26400e+00 5.04271e-01
1.26800e+00 4.86893e-01
1.27200e+00 4.66809e-01
1.27600e+00 4.61738e-01
1.28000e+00 4.61587e-01
1.28400e+00 4.61633e-01
1.28800e+00 4.61906e-01
1.29200e+00 4.62736e-01
1.29600e+00 4.64509e-01
1.30000e+00 4.67405e-01
1.30400e+00 4.71084e-01
1.30800e+00 4.74836e-01
1.31200e+00 4.78301e-01
1.31600e+00 4.81886e-01
1.32000e+00 4.86732e-01
1.32400e+00 4.94672e-01
1.32800e+00 5.05667e-01
1.33200e+00 5.12773e-01
1.33600e+00 5.13918e-01
1.34000e+00 5.13933e-01
1.34400e+00 5.13870e-01
1.34800e+00 5.13242e-01
1.35200e+00 5.08772e-01
1.35600e+00 4.88944e-01
1.36000e+00 4.57395e-01
1.36400e+00 4.46269e-01
1.36800e+00 4.45775e-01
1.37200e+00 4.45895e-01
1.37600e+00 4.46633e-01
1.38000e+00 4.48715e-01
1.38400e+00 4.51587e-01
1.38800e+00 4.52967e-01
1.39200e+00 4.53149e-01
1.39600e+00 4.53178e-01
1.40000e+00 4.53213e-01
1.40400e+00 4.53312e-01
1.40800e+00 4.53602e-01
1.41200e+00 4.54383e-01
1.41600e+00 4.56343e-01
1.42000e+00 4.60792e-01
1.42400e+00 4.68420e-01
1.42800e+00 4.74864e-01
1.43200e+00 4.76424e-01
1.43600e+00 4.76488e-01
1.44000e+00 4.76488e-01
1.44400e+00 4.76489e-01
1.44800e+00 4.76489e-01
1.45200e+00 4.76491e-01
1.45600e+00 4.76497e-01
1.46000e+00 4.76514e-01
1.46400e+00 4.76558e-01
1.46800e+00 4.76659e-01
1.47200e+00 4.76870e-01
1.47600e+00 4.77273e-01
1.48000e+00 4.77997e-01
1.48400e+00 4.79265e-01
1.48800e+00 4.81548e-01
1.49200e+00 4.85908e-01
1.49600e+00 4.94278e-01
1.50000e+00 5.06790e-01
1.50400e+00 5.15516e-01
1.50800e+00 5.17101e-01
1.51200e+00 5.17143e-01
1.51600e+00 5.17143e-01
1.52000e+00 5.17140e-01
1.52400e+00 5.17113e-01
1.52800e+00 5.16892e-01
1.53200e+00 5.15217e-01
1.53600e+00 5.05216e-01
1.54000e+00 4.76028e-01
1.54400e+00 4.52481e-01
1.54800e+00 4.49149e-01
1.55200e+00 4.49172e-01
1.55600e+00 4.49642e-01
1.56000e+00 4.51038e-01
1.56400e+00 4.52644e-01
1.56800e+00 4.53286e-01
1.57200e+00 4.53437e-01
1.57600e+00 4.53550e-01
1.58000e+00 4.53796e-01
1.58400e+00 4.54496e-01
1.58800e+00 4.56392e-01
1.59200e+00 4.60783e-01
1.59600e+00 4.67571e-01
1.60000e+00 4.71952e-01
1.60400e+00 4.72646e-01
1.60800e+00 4.72661e-01
1.61200e+00 4.72661e-01
1.61600e+00 4.72661e-01
1.62000e+00 4.72661e-01
1.62400e+00 4.72662e-01
1.62800e+00 4.72663e-01
1.63200e+00 4.72667e-01
1.63600e+00 4.72677e-01
1.64000e+00 4.72701e-01
1.64400e+00 4.72753e-01
1.64800e+00 4.72865e-01
1.65200e+00 4.73120e-01
1.65600e+00 4.73727e-01
1.66000e+00 4.75239e-01
1.66400e+00 4.78828e-01
1.66800e+00 4.85097e-01
1.67200e+00 4.90093e-01
1.67600e+00 4.91145e-01
1.68000e+00 4.91179e-01
1.68400e+00 4.91180e-01
1.68800e+00 4.91180e-01
1.69200e+00 4.91180e-01
1.69600e+00 4.91181e-01
1.70000e+00 4.91183e-01
1.70400e+00 4.91190e-01
1.70800e+00 4.91206e-01
1.71200e+00 4.91242e-01
1.71600e+00 4.91322e-01
1.72000e+00 4.91543e-01
1.72400e+00 4.92257e-01
1.72800e+00 4.94577e-01
1.73200e+00 4.99664e-01
1.73600e+00 5.03385e-01
1.74000e+00 5.03650e-01
1.74400e+00 5.02700e-01
1.74800e+00 4.96055e-01
1.75200e+00 4.78377e-01
1.75600e+00 4.65638e-01
1.76000e+00 4.64234e-01
1.76400e+00 4.64479e-01
1.76800e+00 4.66251e-01
1.77200e+00 4.71996e-01
1.77600e+00 4.82171e-01
1.78000e+00 4.89231e-01
1.78400e+00 4.90397e-01
1.78800e+00 4.90423e-01
1.79200e+00 4.90423e-01
1.79600e+00 4.90423e-01
1.80000e+00 4.90423e-01
1.80400e+00 4.90423e-01
1.80800e+00 4.90423e-01
1.81200e+00 4.90423e-01
1.81600e+00 4.90423e-01
1.82000e+00 4.90423e-01
1.82400e+00 4.90423e-01
1.82800e+00 4.90423e-01
1.83200e+00 4.90424e-01
1.83600e+00 4.90424e-01
1.84000e+00 4.90424e-01
1.84400e+00 4.90426e-01
1.84800e+00 4.90430e-01
1.85200e+00 4.90438e-01
1.85600e+00 4.90455e-01
1.86000e+00 4.90491e-01
1.86400e+00 4.90561e-01
1.86800e+00 4.90691e-01
1.87200e+00 4.90922e-01
1.87600e+00 4.91328e-01
1.88000e+00 4.92054e-01
1.88400e+00 4.93435e-01
1.88800e+00 4.96274e-01
1.89200e+00 5.02332e-01
1.89600e+00 5.13471e-01
1.90000e+00 5.24858e-01
1.90400e+00 5.28457e-01
1.90800e+00 5.28649e-01
1.91200e+00 5.28645e-01
1.91600e+00 5.28586e-01
1.92000e+00 5.28183e-01
1.92400e+00 5.26096e-01
1.92800e+00 5.19159e-01
1.93200e+00 5.10074e-01
1.93600e+00 5.07388e-01
1.94000e+00 5.07343e-01
1.94400e+00 5.07679e-01
1.94800e+00 5.08997e-01
1.95200e+00 5.10144e-01
1.95600e+00 5.10196e-01
1.96000e+00 5.09605e-01
1.96400e+00 5.05802e-01
1.96800e+00 4.95096e-01
1.97200e+00 4.85867e-01
1.97600e+00 4.84482e-01
1.98000e+00 4.84597e-01
1.98400e+00 4.85580e-01
1.98800e+00 4.88106e-01
1.99200e+00 4.88840e-01
1.99600e+00 4.88847e-01
