0.00000e+00 4.33231e-01
4.00000e-03 4.33232e-01
8.00000e-03 4.33244e-01
1.20000e-02 4.33424e-01
1.60000e-02 4.34806e-01
2.00000e-02 4.41215e-01
2.40000e-02 4.59976e-01
2.80000e-02 4.92389e-01
3.20000e-02 5.15185e-01
3.60000e-02 5.18804e-01
4.00000e-02 5.18818e-01
4.40000e-02 5.18329e-01
4.80000e-02 5.15243e-01
5.20000e-02 5.05560e-01
5.60000e-02 4.95385e-01
6.00000e-02 4.93304e-01
6.40000e-02 4.93342e-01
6.80000e-02 4.93996e-01
7.20000e-02 4.96615e-01
7.60000e-02 5.03690e-01
8.00000e-02 5.20475e-01
8.40000e-02 5.53154e-01
8.80000e-02 5.77449e-01
9.20000e-02 5.77898e-01
9.60000e-02 5.50946e-01
1.00000e-01 4.63131e-01
1.04000e-01 4.24998e-01
1.08000e-01 4.24337e-01
1.12000e-01 4.28601e-01
1.16000e-01 4.40806e-01
1.20000e-01 4.60131e-01
1.24000e-01 4.85032e-01
1.28000e-01 5.12714e-01
1.32000e-01 5.31064e-01
1.36000e-01 5.35097e-01
1.40000e-01 5.35312e-01
1.44000e-01 5.35343e-01
1.48000e-01 5.35390e-01
1.52000e-01 5.35545e-01
1.56000e-01 5.36106e-01
1.60000e-01 5.38081e-01
1.64000e-01 5.44533e-01
1.68000e-01 5.59661e-01
1.72000e-01 5.73002e-01
1.76000e-01 5.74540e-01
1.80000e-01 5.71944e-01
1.84000e-01 5.50517e-01
1.88000e-01 5.07548e-01
1.92000e-01 4.91683e-01
1.96000e-01 4.91158e-01
2.00000e-01 4.91773e-01
2.04000e-01 4.94636e-01
2.08000e-01 5.01632e-01
2.12000e-01 5.15042e-01
2.16000e-01 5.37748e-01
2.20000e-01 5.63241e-01
2.24000e-01 5.72606e-01
2.28000e-01 5.72834e-01
2.32000e-01 5.69595e-01
2.36000e-01 5.41210e-01
2.40000e-01 4.78247e-01
2.44000e-01 4.53546e-01
2.48000e-01 4.52529e-01
2.52000e-01 4.52922e-01
2.56000e-01 4.54819e-01
2.60000e-01 4.59107e-01
2.64000e-01 4.65635e-01
2.68000e-01 4.73423e-01
2.72000e-01 4.81491e-01
2.76000e-01 4.89456e-01
2.80000e-01 4.97681e-01
2.84000e-01 5.07365e-01
2.88000e-01 5.20870e-01
2.92000e-01 5.40618e-01
2.96000e-01 5.60357e-01
3.00000e-01 5.67446e-01
3.04000e-01 5.67942e-01
3.08000e-01 5.67945e-01
3.12000e-01 5.67945e-01
3.16000e-01 5.67945e-01
3.20000e-01 5.67944e-01
3.24000e-01 5.67937e-01
3.28000e-01 5.67898e-01
3.32000e-01 5.67697e-01
3.36000e-01 5.66836e-01
3.40000e-01 5.64502e-01
3.44000e-01 5.61930e-01
3.48000e-01 5.61104e-01
3.52000e-01 5.60959e-01
3.56000e-01 5.60832e-01
3.60000e-01 5.60481e-01
3.64000e-01 5.59694e-01
3.68000e-01 5.59082e-01
3.72000e-01 5.58988e-01
3.76000e-01 5.58988e-01
3.80000e-01 5.59000e-01
3.84000e-01 5.59097e-01
3.88000e-01 5.59762e-01
3.92000e-01 5.63197e-01
3.96000e-01 5.69492e-01
4.00000e-01 5.70570e-01
4.04000e-01 5.65818e-01
4.08000e-01 5.29638e-01
4.12000e-01 4.74684e-01
4.16000e-01 4.62485e-01
4.20000e-01 4.63027e-01
4.24000e-01 4.67842e-01
4.28000e-01 4.77748e-01
4.32000e-01 4.83286e-01
4.36000e-01 4.83785e-01
4.40000e-01 4.83717e-01
4.44000e-01 4.83024e-01
4.48000e-01 4.79303e-01
4.52000e-01 4.67534e-01
4.56000e-01 4.53150e-01
4.60000e-01 4.48992e-01
4.64000e-01 4.48862e-01
4.68000e-01 4.48993e-01
4.72000e-01 4.49781e-01
4.76000e-01 4.52551e-01
4.80000e-01 4.59182e-01
4.84000e-01 4.66556e-01
4.88000e-01 4.68374e-01
4.92000e-01 4.68174e-01
4.96000e-01 4.65830e-01
5.00000e-01 4.56161e-01
5.04000e-01 4.41320e-01
5.08000e-01 4.35758e-01
5.12000e-01 4.35513e-01
5.16000e-01 4.35682e-01
5.20000e-01 4.36580e-01
5.24000e-01 4.38975e-01
5.28000e-01 4.43405e-01
5.32000e-01 4.49757e-01
5.36000e-01 4.57293e-01
5.40000e-01 4.65039e-01
5.44000e-01 4.72171e-01
5.48000e-01 4.78190e-01
5.52000e-01 4.82961e-01
5.56000e-01 4.86652e-01
5.60000e-01 4.89580e-01
5.64000e-01 4.92066e-01
5.68000e-01 4.94364e-01
5.72000e-01 4.96648e-01
5.76000e-01 4.99027e-01
5.80000e-01 5.01548e-01
5.84000e-01 5.04201e-01
5.88000e-01 5.06928e-01
5.92000e-01 5.09650e-01
5.96000e-01 5.12320e-01
6.00000e-01 5.14984e-01
6.04000e-01 5.17835e-01
6.08000e-01 5.21324e-01
6.12000e-01 5.26442e-01
6.16000e-01 5.35350e-01
6.20000e-01 5.51000e-01
6.24000e-01 5.68979e-01
6.28000e-01 5.76192e-01
6.32000e-01 5.76747e-01
6.36000e-01 5.76752e-01
6.40000e-01 5.76752e-01
6.44000e-01 5.76752e-01
6.48000e-01 5.76750e-01
6.52000e-01 5.76734e-01
6.56000e-01 5.76497e-01
6.60000e-01 5.73540e-01
6.64000e-01 5.50286e-01
6.68000e-01 4.93840e-01
6.72000e-01 4.68874e-01
6.76000e-01 4.68029e-01
6.80000e-01 4.69744e-01
6.84000e-01 4.74739e-01
6.88000e-01 4.78190e-01
6.92000e-01 4.78662e-01
6.96000e-01 4.78695e-01
7.00000e-01 4.78731e-01
7.04000e-01 4.78869e-01
7.08000e-01 4.79434e-01
7.12000e-01 4.81212e-01
7.16000e-01 4.84007e-01
7.20000e-01 4.85093e-01
7.24000e-01 4.85070e-01
7.28000e-01 4.84352e-01
7.32000e-01 4.80545e-01
7.36000e-01 4.71089e-01
7.40000e-01 4.63628e-01
7.44000e-01 4.62543e-01
7.48000e-01 4.62596e-01
7.52000e-01 4.63130e-01
7.56000e-01 4.65263e-01
7.60000e-01 4.70994e-01
7.64000e-01 4.80857e-01
7.68000e-01 4.88203e-01
7.72000e-01 4.89604e-01
7.76000e-01 4.89644e-01
7.80000e-01 4.89644e-01
7.84000e-01 4.89644e-01
7.88000e-01 4.89644e-01
7.92000e-01 4.89644e-01
7.96000e-01 4.89645e-01
8.00000e-01 4.89649e-01
8.04000e-01 4.89657e-01
8.08000e-01 4.89680e-01
8.12000e-01 4.89736e-01
8.16000e-01 4.89873e-01
8.20000e-01 4.90212e-01
8.24000e-01 4.91084e-01
8.28000e-01 4.93400e-01
8.32000e-01 4.99293e-01
8.36000e-01 5.10205e-01
8.40000e-01 5.18514e-01
8.44000e-01 5.19694e-01
8.48000e-01 5.19426e-01
8.52000e-01 5.16562e-01
8.56000e-01 5.04078e-01
8.60000e-01 4.84754e-01
8.64000e-01 4.77768e-01
8.68000e-01 4.77407e-01
8.72000e-01 4.77420e-01
8.76000e-01 4.77526e-01
8.80000e-01 4.77899e-01
8.84000e-01 4.78784e-01
8.88000e-01 4.80464e-01
8.92000e-01 4.83329e-01
8.96000e-01 4.88225e-01
9.00000e-01 4.96939e-01
9.04000e-01 5.10678e-01
9.08000e-01 5.22784e-01
9.12000e-01 5.26024e-01
9.16000e-01 5.26161e-01
9.20000e-01 5.26146e-01
9.24000e-01 5.25956e-01
9.28000e-01 5.24328e-01
9.32000e-01 5.14162e-01
9.36000e-01 4.84328e-01
9.40000e-01 4.61229e-01
9.44000e-01 4.58418e-01
9.48000e-01 4.58647e-01
9.52000e-01 4.60353e-01
9.56000e-01 4.64917e-01
9.60000e-01 4.70315e-01
9.64000e-01 4.72898e-01
9.68000e-01 4.73737e-01
9.72000e-01 4.74490e-01
9.76000e-01 4.76264e-01
9.80000e-01 4.80346e-01
9.84000e-01 4.84014e-01
9.88000e-01 4.84443e-01
9.92000e-01 4.83818e-01
9.96000e-01 4.79042e-01
1.00000e+00 4.64149e-01
1.00400e+00 4.49279e-01
1.00800e+00 4.46171e-01
1.01200e+00 4.46114e-01
1.01600e+00 4.46198e-01
1.02000e+00 4.46501e-01
1.02400e+00 4.46835e-01
1.02800e+00 4.46940e-01
1.03200e+00 4.46959e-01
1.03600e+00 4.46974e-01
1.04000e+00 4.47008e-01
1.04400e+00 4.47096e-01
1.04800e+00 4.47294e-01
1.05200e+00 4.47683e-01
1.05600e+00 4.48414e-01
1.06000e+00 4.49823e-01
1.06400e+00 4.52664e-01
1.06800e+00 4.57911e-01
1.07200e+00 4.64084e-01
1.07600e+00 4.66781e-01
1.08000e+00 4.67039e-01
1.08400e+00 4.67043e-01
1.08800e+00 4.67044e-01
1.09200e+00 4.67047e-01
1.09600e+00 4.67055e-01
1.10000e+00 4.67080e-01
1.10400e+00 4.67146e-01
1.10800e+00 4.67304e-01
1.11200e+00 4.67638e-01
1.11600e+00 4.68267e-01
1.12000e+00 4.69327e-01
1.12400e+00 4.70919e-01
1.12800e+00 4.73064e-01
1.13200e+00 4.75709e-01
1.13600e+00 4.78822e-01
1.14000e+00 4.82448e-01
1.14400e+00 4.86527e-01
1.14800e+00 4.90321e-01
1.15200e+00 4.92594e-01
1.15600e+00 4.93374e-01
1.16000e+00 4.93609e-01
1.16400e+00 4.93742e-01
1.16800e+00 4.93884e-01
1.17200e+00 4.94084e-01
1.17600e+00 4.94409e-01
1.18000e+00 4.95047e-01
1.18400e+00 4.96608e-01
1.18800e+00 5.00847e-01
1.19200e+00 5.09873e-01
1.19600e+00 5.17693e-01
1.20000e+00 5.18756e-01
1.20400e+00 5.17980e-01
1.20800e+00 5.11135e-01
1.21200e+00 4.89973e-01
1.21600e+00 4.72543e-01
1.22000e+00 4.70176e-01
1.22400e+00 4.70308e-01
1.22800e+00 4.71499e-01
1.23200e+00 4.75777e-01
1.23600e+00 4.85939e-01
1.24000e+00 5.00799e-01
1.24400e+00 5.09467e-01
1.24800e+00 5.10640e-01
1.25200e+00 5.10661e-01
1.25600e+00 5.10661e-01
1.26000e+00 5.10661e-01
1.26400e+00 5.10661e-01
1.26800e+00 5.10660e-01
1.27200e+00 5.10657e-01
1.27600e+00 5.10635e-01
1.28000e+00 5.10485e-01
1.28400e+00 5.09526e-01
1.28800e+00 5.04260e-01
1.29200e+00 4.86889e-01
1.29600e+00 4.66861e-01
1.30000e+00 4.61818e-01
1.30400e+00 4.61669e-01
1.30800e+00 4.61714e-01
1.31200e+00 4.61986e-01
1.31600e+00 4.62811e-01
1.32000e+00 4.64580e-01
1.32400e+00 4.67479e-01
1.32800e+00 4.71170e-01
1.33200e+00 4.74918e-01
1.33600e+00 4.78318e-01
1.34000e+00 4.81739e-01
1.34400e+00 4.86254e-01
1.34800e+00 4.93664e-01
1.35200e+00 5.04479e-01
1.35600e+00 5.12344e-01
1.36000e+00 5.13854e-01
1.36400e+00 5.13882e-01
1.36800e+00 5.13808e-01
1.37200e+00 5.13053e-01
1.37600e+00 5.07783e-01
1.38000e+00 4.85995e-01
1.38400e+00 4.55432e-01
1.38800e+00 4.46337e-01
1.39200e+00 4.46046e-01
1.39600e+00 4.46237e-01
1.40000e+00 4.47261e-01
1.40400e+00 4.49736e-01
1.40800e+00 4.52309e-01
1.41200e+00 4.53113e-01
1.41600e+00 4.53188e-01
1.42000e+00 4.53210e-01
1.42400e+00 4.53252e-01
1.42800e+00 4.53378e-01
1.43200e+00 4.53742e-01
1.43600e+00 4.54708e-01
1.44000e+00 4.57090e-01
1.44400e+00 4.62293e-01
1.44800e+00 4.70250e-01
1.45200e+00 4.75564e-01
1.45600e+00 4.76466e-01
1.46000e+00 4.76488e-01
1.46400e+00 4.76489e-01
1.46800e+00 4.76489e-01
1.47200e+00 4.76489e-01
1.47600e+00 4.76491e-01
1.48000e+00 4.76497e-01
1.48400e+00 4.76513e-01
1.48800e+00 4.76553e-01
1.49200e+00 4.76645e-01
1.49600e+00 4.76838e-01
1.50000e+00 4.77208e-01
1.50400e+00 4.77872e-01
1.50800e+00 4.79028e-01
1.51200e+00 4.81083e-01
1.51600e+00 4.84962e-01
1.52000e+00 4.92482e-01
1.52400e+00 5.04588e-01
1.52800e+00 5.14647e-01
1.53200e+00 5.17049e-01
1.53600e+00 5.17142e-01
1.54000e+00 5.17142e-01
1.54400e+00 5.17139e-01
1.54800e+00 5.17108e-01
1.55200e+00 5.16858e-01
1.55600e+00 5.14979e-01
1.56000e+00 5.04072e-01
1.56400e+00 4.74204e-01
1.56800e+00 4.52220e-01
1.57200e+00 4.49474e-01
1.57600e+00 4.49517e-01
1.58000e+00 4.50031e-01
1.58400e+00 4.51431e-01
1.58800e+00 4.52874e-01
1.59200e+00 4.53398e-01
1.59600e+00 4.53538e-01
1.60000e+00 4.53670e-01
1.60400e+00 4.53982e-01
1.60800e+00 4.54870e-01
1.61200e+00 4.57224e-01
1.61600e+00 4.62344e-01
1.62000e+00 4.69078e-01
1.62400e+00 4.72320e-01
1.62800e+00 4.72657e-01
1.63200e+00 4.72661e-01
1.63600e+00 4.72661e-01
1.64000e+00 4.72661e-01
1.64400e+00 4.72662e-01
1.64800e+00 4.72662e-01
1.65200e+00 4.72663e-01
1.65600e+00 4.72667e-01
1.66000e+00 4.72677e-01
1.66400e+00 4.72699e-01
1.66800e+00 4.72749e-01
1.67200e+00 4.72859e-01
1.67600e+00 4.73111e-01
1.68000e+00 4.73724e-01
1.68400e+00 4.75268e-01
1.68800e+00 4.78938e-01
1.69200e+00 4.85269e-01
1.69600e+00 4.90165e-01
1.70000e+00 4.91150e-01
1.70400e+00 4.91180e-01
1.70800e+00 4.91180e-01
1.71200e+00 4.91180e-01
1.71600e+00 4.91180e-01
1.72000e+00 4.91180e-01
1.72400e+00 4.91182e-01
1.72800e+00 4.91187e-01
1.73200e+00 4.91199e-01
1.73600e+00 4.91227e-01
1.74000e+00 4.91293e-01
1.74400e+00 4.91490e-01
1.74800e+00 4.92156e-01
1.75200e+00 4.94365e-01
1.75600e+00 4.99165e-01
1.76000e+00 5.02555e-01
1.76400e+00 5.02769e-01
1.76800e+00 5.01833e-01
1.77200e+00 4.95427e-01
1.77600e+00 4.78501e-01
1.78000e+00 4.66258e-01
1.78400e+00 4.64891e-01
1.78800e+00 4.65122e-01
1.79200e+00 4.66809e-01
1.79600e+00 4.72338e-01
1.80000e+00 4.82245e-01
1.80400e+00 4.89222e-01
1.80800e+00 4.90396e-01
1.81200e+00 4.90423e-01
1.81600e+00 4.90423e-01
1.82000e+00 4.90423e-01
1.82400e+00 4.90423e-01
1.82800e+00 4.90423e-01
1.83200e+00 4.90423e-01
1.83600e+00 4.90423e-01
1.84000e+00 4.90423e-01
1.84400e+00 4.90423e-01
1.84800e+00 4.90423e-01
1.85200e+00 4.90423e-01
1.85600e+00 4.90424e-01
1.86000e+00 4.90424e-01
1.86400e+00 4.90424e-01
1.86800e+00 4.90425e-01
1.87200e+00 4.90428e-01
1.87600e+00 4.90435e-01
1.88000e+00 4.90449e-01
1.88400e+00 4.90478e-01
1.88800e+00 4.90536e-01
1.89200e+00 4.90644e-01
1.89600e+00 4.90838e-01
1.90000e+00 4.91177e-01
1.90400e+00 4.91777e-01
1.90800e+00 4.92888e-01
1.91200e+00 4.95114e-01
1.91600e+00 4.99856e-01
1.92000e+00 5.09333e-01
1.92400e+00 5.21820e-01
1.92800e+00 5.27990e-01
1.93200e+00 5.28627e-01
1.93600e+00 5.28631e-01
1.94000e+00 5.28606e-01
1.94400e+00 5.28405e-01
1.94800e+00 5.27267e-01
1.95200e+00 5.22587e-01
1.95600e+00 5.13243e-01
1.96000e+00 5.08028e-01
1.96400e+00 5.07617e-01
1.96800e+00 5.07758e-01
1.97200e+00 5.08597e-01
1.97600e+00 5.09657e-01
1.98000e+00 5.09774e-01
1.98400e+00 5.09382e-01
1.98800e+00 5.06550e-01
1.99200e+00 4.94487e-01
1.99600e+00 4.93526e-01
