0.00000e+00 4.98978e-01
4.00000e-03 4.98978e-01
8.00000e-03 4.98978e-01
1.20000e-02 4.98976e-01
1.60000e-02 4.98956e-01
2.00000e-02 4.98794e-01
2.40000e-02 4.98054e-01
2.80000e-02 4.96522e-01
3.20000e-02 4.95321e-01
3.60000e-02 4.94586e-01
4.00000e-02 4.92922e-01
4.40000e-02 4.84719e-01
4.80000e-02 4.60084e-01
5.20000e-02 4.38931e-01
5.60000e-02 4.36098e-01
6.00000e-02 4.36540e-01
6.40000e-02 4.39445e-01
6.80000e-02 4.47766e-01
7.20000e-02 4.64314e-01
7.60000e-02 4.89560e-01
8.00000e-02 5.11811e-01
8.40000e-02 5.18094e-01
8.80000e-02 5.18344e-01
9.20000e-02 5.18204e-01
9.60000e-02 5.16947e-01
1.00000e-01 5.11312e-01
1.04000e-01 5.00235e-01
1.08000e-01 4.94360e-01
1.12000e-01 4.93908e-01
1.16000e-01 4.94006e-01
1.20000e-01 4.94703e-01
1.24000e-01 4.97262e-01
1.28000e-01 5.05051e-01
1.32000e-01 5.25400e-01
1.36000e-01 5.49831e-01
1.40000e-01 5.53161e-01
1.44000e-01 5.41565e-01
1.48000e-01 4.82703e-01
1.52000e-01 4.37217e-01
1.56000e-01 4.33730e-01
1.60000e-01 4.35757e-01
1.64000e-01 4.44014e-01
1.68000e-01 4.59418e-01
1.72000e-01 4.80680e-01
1.76000e-01 5.06448e-01
1.80000e-01 5.27955e-01
1.84000e-01 5.34871e-01
1.88000e-01 5.35353e-01
1.92000e-01 5.35364e-01
1.96000e-01 5.35370e-01
2.00000e-01 5.35387e-01
2.04000e-01 5.35453e-01
2.08000e-01 5.35705e-01
2.12000e-01 5.36666e-01
2.16000e-01 5.40221e-01
2.20000e-01 5.50726e-01
2.24000e-01 5.64786e-01
2.28000e-01 5.68219e-01
2.32000e-01 5.66908e-01
2.36000e-01 5.52784e-01
2.40000e-01 5.14776e-01
2.44000e-01 4.94192e-01
2.48000e-01 4.92829e-01
2.52000e-01 4.93158e-01
2.56000e-01 4.95091e-01
2.60000e-01 5.00455e-01
2.64000e-01 5.11743e-01
2.68000e-01 5.32758e-01
2.72000e-01 5.58542e-01
2.76000e-01 5.68035e-01
2.80000e-01 5.67887e-01
2.84000e-01 5.59192e-01
2.88000e-01 5.13220e-01
2.92000e-01 4.62721e-01
2.96000e-01 4.54317e-01
3.00000e-01 4.54383e-01
3.04000e-01 4.55599e-01
3.08000e-01 4.59245e-01
3.12000e-01 4.65563e-01
3.16000e-01 4.73358e-01
3.20000e-01 4.81138e-01
3.24000e-01 4.88188e-01
3.28000e-01 4.94634e-01
3.32000e-01 5.01117e-01
3.36000e-01 5.08751e-01
3.40000e-01 5.19554e-01
3.44000e-01 5.36365e-01
3.48000e-01 5.56593e-01
3.52000e-01 5.66777e-01
3.56000e-01 5.67929e-01
3.60000e-01 5.67945e-01
3.64000e-01 5.67945e-01
3.68000e-01 5.67945e-01
3.72000e-01 5.67945e-01
3.76000e-01 5.67944e-01
3.80000e-01 5.67938e-01
3.84000e-01 5.67905e-01
3.88000e-01 5.67736e-01
3.92000e-01 5.66998e-01
3.96000e-01 5.64843e-01
4.00000e-01 5.62081e-01
4.04000e-01 5.60975e-01
4.08000e-01 5.60761e-01
4.12000e-01 5.60607e-01
4.16000e-01 5.60240e-01
4.20000e-01 5.59521e-01
4.24000e-01 5.59057e-01
4.28000e-01 5.59006e-01
4.32000e-01 5.59010e-01
4.36000e-01 5.59081e-01
4.40000e-01 5.59685e-01
4.44000e-01 5.62180e-01
4.48000e-01 5.64012e-01
4.52000e-01 5.63381e-01
4.56000e-01 5.52811e-01
4.60000e-01 5.09160e-01
4.64000e-01 4.72704e-01
4.68000e-01 4.69053e-01
4.72000e-01 4.70334e-01
4.76000e-01 4.76043e-01
4.80000e-01 4.82100e-01
4.84000e-01 4.83193e-01
4.88000e-01 4.83065e-01
4.92000e-01 4.81664e-01
4.96000e-01 4.75002e-01
5.00000e-01 4.60239e-01
5.04000e-01 4.50408e-01
5.08000e-01 4.49231e-01
5.12000e-01 4.49273e-01
5.16000e-01 4.49718e-01
5.20000e-01 4.51606e-01
5.24000e-01 4.56796e-01
5.28000e-01 4.64060e-01
5.32000e-01 4.66763e-01
5.36000e-01 4.66743e-01
5.40000e-01 4.65396e-01
5.44000e-01 4.58655e-01
5.48000e-01 4.44784e-01
5.52000e-01 4.36751e-01
5.56000e-01 4.35987e-01
5.60000e-01 4.36055e-01
5.64000e-01 4.36558e-01
5.68000e-01 4.38149e-01
5.72000e-01 4.41459e-01
5.76000e-01 4.46681e-01
5.80000e-01 4.53388e-01
5.84000e-01 4.60768e-01
5.88000e-01 4.67998e-01
5.92000e-01 4.74469e-01
5.96000e-01 4.79845e-01
6.00000e-01 4.84066e-01
6.04000e-01 4.87302e-01
6.08000e-01 4.89849e-01
6.12000e-01 4.92000e-01
6.16000e-01 4.93988e-01
6.20000e-01 4.95975e-01
6.24000e-01 4.98067e-01
6.28000e-01 5.00323e-01
6.32000e-01 5.02754e-01
6.36000e-01 5.05322e-01
6.40000e-01 5.07945e-01
6.44000e-01 5.10522e-01
6.48000e-01 5.12990e-01
6.52000e-01 5.15362e-01
6.56000e-01 5.17772e-01
6.60000e-01 5.20513e-01
6.64000e-01 5.24196e-01
6.68000e-01 5.30177e-01
6.72000e-01 5.41194e-01
6.76000e-01 5.58912e-01
6.80000e-01 5.73413e-01
6.84000e-01 5.76643e-01
6.88000e-01 5.76751e-01
6.92000e-01 5.76752e-01
6.96000e-01 5.76751e-01
7.00000e-01 5.76749e-01
7.04000e-01 5.76711e-01
7.08000e-01 5.76217e-01
7.12000e-01 5.70707e-01
7.16000e-01 5.37923e-01
7.20000e-01 4.86089e-01
7.24000e-01 4.72298e-01
7.28000e-01 4.72229e-01
7.32000e-01 4.73855e-01
7.36000e-01 4.77099e-01
7.40000e-01 4.78595e-01
7.44000e-01 4.78776e-01
7.48000e-01 4.78846e-01
7.52000e-01 4.79031e-01
7.56000e-01 4.79739e-01
7.60000e-01 4.81706e-01
7.64000e-01 4.83956e-01
7.68000e-01 4.84440e-01
7.72000e-01 4.84332e-01
7.76000e-01 4.83239e-01
7.80000e-01 4.78423e-01
7.84000e-01 4.68909e-01
7.88000e-01 4.63493e-01
7.92000e-01 4.63011e-01
7.96000e-01 4.63097e-01
8.00000e-01 4.63738e-01
8.04000e-01 4.66098e-01
8.08000e-01 4.72155e-01
8.12000e-01 4.81969e-01
8.16000e-01 4.88544e-01
8.20000e-01 4.89619e-01
8.24000e-01 4.89644e-01
8.28000e-01 4.89644e-01
8.32000e-01 4.89644e-01
8.36000e-01 4.89644e-01
8.40000e-01 4.89644e-01
8.44000e-01 4.89645e-01
8.48000e-01 4.89647e-01
8.52000e-01 4.89652e-01
8.56000e-01 4.89666e-01
8.60000e-01 4.89700e-01
8.64000e-01 4.89786e-01
8.68000e-01 4.90000e-01
8.72000e-01 4.90554e-01
8.76000e-01 4.92044e-01
8.80000e-01 4.96033e-01
8.84000e-01 5.04898e-01
8.88000e-01 5.15181e-01
8.92000e-01 5.18295e-01
8.96000e-01 5.18292e-01
9.00000e-01 5.17048e-01
9.04000e-01 5.09638e-01
9.08000e-01 4.91462e-01
9.12000e-01 4.79048e-01
9.16000e-01 4.77513e-01
9.20000e-01 4.77503e-01
9.24000e-01 4.77552e-01
9.28000e-01 4.77778e-01
9.32000e-01 4.78393e-01
9.36000e-01 4.79660e-01
9.40000e-01 4.81890e-01
9.44000e-01 4.85649e-01
9.48000e-01 4.92254e-01
9.52000e-01 5.03747e-01
9.56000e-01 5.18091e-01
9.60000e-01 5.25292e-01
9.64000e-01 5.26070e-01
9.68000e-01 5.26067e-01
9.72000e-01 5.25919e-01
9.76000e-01 5.24562e-01
9.80000e-01 5.15809e-01
9.84000e-01 4.88045e-01
9.88000e-01 4.63651e-01
9.92000e-01 4.60048e-01
9.96000e-01 4.60190e-01
1.00000e+00 4.61516e-01
1.00400e+00 4.65326e-01
1.00800e+00 4.70305e-01
1.01200e+00 4.73208e-01
1.01600e+00 4.74448e-01
1.02000e+00 4.75650e-01
1.02400e+00 4.78086e-01
1.02800e+00 4.81666e-01
1.03200e+00 4.82987e-01
1.03600e+00 4.82885e-01
1.04000e+00 4.81252e-01
1.04400e+00 4.73171e-01
1.04800e+00 4.56620e-01
1.05200e+00 4.47224e-01
1.05600e+00 4.46290e-01
1.06000e+00 4.46298e-01
1.06400e+00 4.46406e-01
1.06800e+00 4.46680e-01
1.07200e+00 4.46911e-01
1.07600e+00 4.46975e-01
1.08000e+00 4.46993e-01
1.08400e+00 4.47015e-01
1.08800e+00 4.47067e-01
1.09200e+00 4.47194e-01
1.09600e+00 4.47469e-01
1.10000e+00 4.48017e-01
1.10400e+00 4.49115e-01
1.10800e+00 4.51390e-01
1.11200e+00 4.55906e-01
1.11600e+00 4.62366e-01
1.12000e+00 4.66395e-01
1.12400e+00 4.67030e-01
1.12800e+00 4.67045e-01
1.13200e+00 4.67046e-01
1.13600e+00 4.67047e-01
1.14000e+00 4.67050e-01
1.14400e+00 4.67059e-01
1.14800e+00 4.67086e-01
1.15200e+00 4.67157e-01
1.15600e+00 4.67319e-01
1.16000e+00 4.67654e-01
1.16400e+00 4.68281e-01
1.16800e+00 4.69333e-01
1.17200e+00 4.70906e-01
1.17600e+00 4.73006e-01
1.18000e+00 4.75568e-01
1.18400e+00 4.78605e-01
1.18800e+00 4.82341e-01
1.19200e+00 4.86937e-01
1.19600e+00 4.91270e-01
1.20000e+00 4.93313e-01
1.20400e+00 4.93687e-01
1.20800e+00 4.93749e-01
1.21200e+00 4.93789e-01
1.21600e+00 4.93848e-01
1.22000e+00 4.93957e-01
1.22400e+00 4.94158e-01
1.22800e+00 4.94581e-01
1.23200e+00 4.95645e-01
1.23600e+00 4.98657e-01
1.24000e+00 5.05918e-01
1.24400e+00 5.14304e-01
1.24800e+00 5.16323e-01
1.25200e+00 5.15994e-01
1.25600e+00 5.12060e-01
1.26000e+00 4.96074e-01
1.26400e+00 4.76236e-01
1.26800e+00 4.71392e-01
1.27200e+00 4.71363e-01
1.27600e+00 4.72043e-01
1.28000e+00 4.74992e-01
1.28400e+00 4.82894e-01
1.28800e+00 4.96795e-01
1.29200e+00 5.08088e-01
1.29600e+00 5.10576e-01
1.30000e+00 5.10661e-01
1.30400e+00 5.10661e-01
1.30800e+00 5.10661e-01
1.31200e+00 5.10661e-01
1.31600e+00 5.10660e-01
1.32000e+00 5.10657e-01
1.32400e+00 5.10635e-01
1.32800e+00 5.10485e-01
1.33200e+00 5.09523e-01
1.33600e+00 5.04256e-01
1.34000e+00 4.86921e-01
1.34400e+00 4.66985e-01
1.34800e+00 4.61978e-01
1.35200e+00 4.61830e-01
1.35600e+00 4.61875e-01
1.36000e+00 4.62143e-01
1.36400e+00 4.62960e-01
1.36800e+00 4.64720e-01
1.37200e+00 4.67630e-01
1.37600e+00 4.71361e-01
1.38000e+00 4.75124e-01
1.38400e+00 4.78421e-01
1.38800e+00 4.81544e-01
1.39200e+00 4.85452e-01
1.39600e+00 4.91821e-01
1.40000e+00 5.01982e-01
1.40400e+00 5.11175e-01
1.40800e+00 5.13643e-01
1.41200e+00 5.13723e-01
1.41600e+00 5.13620e-01
1.42000e+00 5.12541e-01
1.42400e+00 5.05348e-01
1.42800e+00 4.79926e-01
1.43200e+00 4.52507e-01
1.43600e+00 4.46798e-01
1.44000e+00 4.46741e-01
1.44400e+00 4.47165e-01
1.44800e+00 4.48836e-01
1.45200e+00 4.51561e-01
1.45600e+00 4.53028e-01
1.46000e+00 4.53223e-01
1.46400e+00 4.53245e-01
1.46800e+00 4.53268e-01
1.47200e+00 4.53336e-01
1.47600e+00 4.53542e-01
1.48000e+00 4.54113e-01
1.48400e+00 4.55574e-01
1.48800e+00 4.59034e-01
1.49200e+00 4.65766e-01
1.49600e+00 4.73349e-01
1.50000e+00 4.76263e-01
1.50400e+00 4.76487e-01
1.50800e+00 4.76489e-01
1.51200e+00 4.76489e-01
1.51600e+00 4.76489e-01
1.52000e+00 4.76490e-01
1.52400e+00 4.76491e-01
1.52800e+00 4.76496e-01
1.53200e+00 4.76510e-01
1.53600e+00 4.76544e-01
1.54000e+00 4.76622e-01
1.54400e+00 4.76784e-01
1.54800e+00 4.77097e-01
1.55200e+00 4.77658e-01
1.55600e+00 4.78625e-01
1.56000e+00 4.80304e-01
1.56400e+00 4.83390e-01
1.56800e+00 4.89381e-01
1.57200e+00 5.00097e-01
1.57600e+00 5.12073e-01
1.58000e+00 5.16770e-01
1.58400e+00 5.17135e-01
1.58800e+00 5.17138e-01
1.59200e+00 5.17134e-01
1.59600e+00 5.17096e-01
1.60000e+00 5.16781e-01
1.60400e+00 5.14452e-01
1.60800e+00 5.01715e-01
1.61200e+00 4.70970e-01
1.61600e+00 4.51987e-01
1.62000e+00 4.50121e-01
1.62400e+00 4.50190e-01
1.62800e+00 4.50742e-01
1.63200e+00 4.52053e-01
1.63600e+00 4.53210e-01
1.64000e+00 4.53611e-01
1.64400e+00 4.53763e-01
1.64800e+00 4.53961e-01
1.65200e+00 4.54467e-01
1.65600e+00 4.55878e-01
1.66000e+00 4.59384e-01
1.66400e+00 4.65733e-01
1.66800e+00 4.71251e-01
1.67200e+00 4.72606e-01
1.67600e+00 4.72661e-01
1.68000e+00 4.72661e-01
1.68400e+00 4.72661e-01
1.68800e+00 4.72661e-01
1.69200e+00 4.72662e-01
1.69600e+00 4.72662e-01
1.70000e+00 4.72663e-01
1.70400e+00 4.72667e-01
1.70800e+00 4.72676e-01
1.71200e+00 4.72696e-01
1.71600e+00 4.72742e-01
1.72000e+00 4.72848e-01
1.72400e+00 4.73099e-01
1.72800e+00 4.73727e-01
1.73200e+00 4.75336e-01
1.73600e+00 4.79162e-01
1.74000e+00 4.85595e-01
1.74400e+00 4.90291e-01
1.74800e+00 4.91157e-01
1.75200e+00 4.91180e-01
1.75600e+00 4.91180e-01
1.76000e+00 4.91180e-01
1.76400e+00 4.91180e-01
1.76800e+00 4.91180e-01
1.77200e+00 4.91181e-01
1.77600e+00 4.91184e-01
1.78000e+00 4.91191e-01
1.78400e+00 4.91207e-01
1.78800e+00 4.91255e-01
1.79200e+00 4.91416e-01
1.79600e+00 4.92008e-01
1.80000e+00 4.94021e-01
1.80400e+00 4.98282e-01
1.80800e+00 5.01051e-01
1.81200e+00 5.01181e-01
1.81600e+00 5.00261e-01
1.82000e+00 4.94264e-01
1.82400e+00 4.78684e-01
1.82800e+00 4.67395e-01
1.83200e+00 4.66113e-01
1.83600e+00 4.66317e-01
1.84000e+00 4.67840e-01
1.84400e+00 4.72935e-01
1.84800e+00 4.82316e-01
1.85200e+00 4.89179e-01
1.85600e+00 4.90393e-01
1.86000e+00 4.90423e-01
1.86400e+00 4.90423e-01
1.86800e+00 4.90423e-01
1.87200e+00 4.90423e-01
1.87600e+00 4.90423e-01
1.88000e+00 4.90423e-01
1.88400e+00 4.90423e-01
1.88800e+00 4.90423e-01
1.89200e+00 4.90423e-01
1.89600e+00 4.90423e-01
1.90000e+00 4.90423e-01
1.90400e+00 4.90423e-01
1.90800e+00 4.90424e-01
1.91200e+00 4.90424e-01
1.91600e+00 4.90425e-01
1.92000e+00 4.90426e-01
1.92400e+00 4.90431e-01
1.92800e+00 4.90440e-01
1.93200e+00 4.90459e-01
1.93600e+00 4.90498e-01
1.94000e+00 4.90572e-01
1.94400e+00 4.90709e-01
1.94800e+00 4.90949e-01
1.95200e+00 4.91365e-01
1.95600e+00 4.92104e-01
1.96000e+00 4.93507e-01
1.96400e+00 4.96390e-01
1.96800e+00 5.02531e-01
1.97200e+00 5.13738e-01
1.97600e+00 5.24976e-01
1.98000e+00 5.28423e-01
1.98400e+00 5.28601e-01
1.98800e+00 5.28599e-01
1.99200e+00 5.28086e-01
1.99600e+00 5.28022e-01
