0.00000e+00 5.70773e-01
4.00000e-03 5.70773e-01
8.00000e-03 5.70773e-01
1.20000e-02 5.70771e-01
1.60000e-02 5.70723e-01
2.00000e-02 5.70033e-01
2.40000e-02 5.63584e-01
2.80000e-02 5.36261e-01
3.20000e-02 5.05540e-01
3.60000e-02 4.99148e-01
4.00000e-02 4.98843e-01
4.40000e-02 4.98678e-01
4.80000e-02 4.98234e-01
5.20000e-02 4.97263e-01
5.60000e-02 4.96099e-01
6.00000e-02 4.94769e-01
6.40000e-02 4.91375e-01
6.80000e-02 4.78365e-01
7.20000e-02 4.51918e-01
7.60000e-02 4.38168e-01
8.00000e-02 4.37338e-01
8.40000e-02 4.38004e-01
8.80000e-02 4.41342e-01
9.20000e-02 4.49757e-01
9.60000e-02 4.65462e-01
1.00000e-01 4.89081e-01
1.04000e-01 5.10897e-01
1.08000e-01 5.17813e-01
1.12000e-01 5.18172e-01
1.16000e-01 5.18095e-01
1.20000e-01 5.17316e-01
1.24000e-01 5.13349e-01
1.28000e-01 5.03295e-01
1.32000e-01 4.95298e-01
1.36000e-01 4.94122e-01
1.40000e-01 4.94148e-01
1.44000e-01 4.94504e-01
1.48000e-01 4.96127e-01
1.52000e-01 5.01862e-01
1.56000e-01 5.18304e-01
1.60000e-01 5.39512e-01
1.64000e-01 5.42920e-01
1.68000e-01 5.34574e-01
1.72000e-01 4.87283e-01
1.76000e-01 4.42519e-01
1.80000e-01 4.37524e-01
1.84000e-01 4.38866e-01
1.88000e-01 4.45319e-01
1.92000e-01 4.58667e-01
1.96000e-01 4.78164e-01
2.00000e-01 5.02912e-01
2.04000e-01 5.25761e-01
2.08000e-01 5.34578e-01
2.12000e-01 5.35356e-01
2.16000e-01 5.35369e-01
2.20000e-01 5.35371e-01
2.24000e-01 5.35377e-01
2.28000e-01 5.35399e-01
2.32000e-01 5.35487e-01
2.36000e-01 5.35837e-01
2.40000e-01 5.37230e-01
2.44000e-01 5.42347e-01
2.48000e-01 5.54735e-01
2.52000e-01 5.64337e-01
2.56000e-01 5.64927e-01
2.60000e-01 5.60988e-01
2.64000e-01 5.37167e-01
2.68000e-01 5.02610e-01
2.72000e-01 4.93737e-01
2.76000e-01 4.93622e-01
2.80000e-01 4.94324e-01
2.84000e-01 4.97212e-01
2.88000e-01 5.04439e-01
2.92000e-01 5.19703e-01
2.96000e-01 5.45100e-01
3.00000e-01 5.63039e-01
3.04000e-01 5.64706e-01
3.08000e-01 5.60871e-01
3.12000e-01 5.29378e-01
3.16000e-01 4.72816e-01
3.20000e-01 4.55700e-01
3.24000e-01 4.55335e-01
3.28000e-01 4.56150e-01
3.32000e-01 4.59279e-01
3.36000e-01 4.65313e-01
3.40000e-01 4.73165e-01
3.44000e-01 4.81051e-01
3.48000e-01 4.87962e-01
3.52000e-01 4.93932e-01
3.56000e-01 4.99534e-01
3.60000e-01 5.05606e-01
3.64000e-01 5.13486e-01
3.68000e-01 5.25584e-01
3.72000e-01 5.44129e-01
3.76000e-01 5.61954e-01
3.80000e-01 5.67617e-01
3.84000e-01 5.67943e-01
3.88000e-01 5.67945e-01
3.92000e-01 5.67945e-01
3.96000e-01 5.67945e-01
4.00000e-01 5.67945e-01
4.04000e-01 5.67944e-01
4.08000e-01 5.67938e-01
4.12000e-01 5.67908e-01
4.16000e-01 5.67755e-01
4.20000e-01 5.67080e-01
4.24000e-01 5.65035e-01
4.28000e-01 5.62194e-01
4.32000e-01 5.60912e-01
4.36000e-01 5.60646e-01
4.40000e-01 5.60472e-01
4.44000e-01 5.60094e-01
4.48000e-01 5.59424e-01
4.52000e-01 5.59055e-01
4.56000e-01 5.59027e-01
4.60000e-01 5.59048e-01
4.64000e-01 5.59298e-01
4.68000e-01 5.60623e-01
4.72000e-01 5.62050e-01
4.76000e-01 5.61878e-01
4.80000e-01 5.56765e-01
4.84000e-01 5.26268e-01
4.88000e-01 4.82059e-01
4.92000e-01 4.71944e-01
4.96000e-01 4.72314e-01
5.00000e-01 4.75765e-01
5.04000e-01 4.81176e-01
5.08000e-01 4.82620e-01
5.12000e-01 4.82456e-01
5.16000e-01 4.80555e-01
5.20000e-01 4.72203e-01
5.24000e-01 4.57172e-01
5.28000e-01 4.49960e-01
5.32000e-01 4.49448e-01
5.36000e-01 4.49549e-01
5.40000e-01 4.50292e-01
5.44000e-01 4.53060e-01
5.48000e-01 4.59344e-01
5.52000e-01 4.65128e-01
5.56000e-01 4.66109e-01
5.60000e-01 4.65816e-01
5.64000e-01 4.63194e-01
5.68000e-01 4.53588e-01
5.72000e-01 4.40578e-01
5.76000e-01 4.36353e-01
5.80000e-01 4.36203e-01
5.84000e-01 4.36348e-01
5.88000e-01 4.37090e-01
5.92000e-01 4.39079e-01
5.96000e-01 4.42833e-01
6.00000e-01 4.48372e-01
6.04000e-01 4.55159e-01
6.08000e-01 4.62393e-01
6.12000e-01 4.69343e-01
6.16000e-01 4.75496e-01
6.20000e-01 4.80580e-01
6.24000e-01 4.84556e-01
6.28000e-01 4.87594e-01
6.32000e-01 4.89973e-01
6.36000e-01 4.91977e-01
6.40000e-01 4.93826e-01
6.44000e-01 4.95678e-01
6.48000e-01 4.97637e-01
6.52000e-01 4.99765e-01
6.56000e-01 5.02083e-01
6.60000e-01 5.04564e-01
6.64000e-01 5.07137e-01
6.68000e-01 5.09700e-01
6.72000e-01 5.12154e-01
6.76000e-01 5.14464e-01
6.80000e-01 5.16686e-01
6.84000e-01 5.18992e-01
6.88000e-01 5.21722e-01
6.92000e-01 5.25580e-01
6.96000e-01 5.32143e-01
7.00000e-01 5.44376e-01
7.04000e-01 5.62590e-01
7.08000e-01 5.74745e-01
7.12000e-01 5.76709e-01
7.16000e-01 5.76751e-01
7.20000e-01 5.76751e-01
7.24000e-01 5.76750e-01
7.28000e-01 5.76737e-01
7.32000e-01 5.76552e-01
7.36000e-01 5.74329e-01
7.40000e-01 5.56227e-01
7.44000e-01 5.04860e-01
7.48000e-01 4.75600e-01
7.52000e-01 4.73635e-01
7.56000e-01 4.74204e-01
7.60000e-01 4.76408e-01
7.64000e-01 4.78369e-01
7.68000e-01 4.78818e-01
7.72000e-01 4.78941e-01
7.76000e-01 4.79163e-01
7.80000e-01 4.79939e-01
7.84000e-01 4.81928e-01
7.88000e-01 4.83839e-01
7.92000e-01 4.84131e-01
7.96000e-01 4.83977e-01
8.00000e-01 4.82655e-01
8.04000e-01 4.77322e-01
8.08000e-01 4.67992e-01
8.12000e-01 4.63524e-01
8.16000e-01 4.63223e-01
8.20000e-01 4.63326e-01
8.24000e-01 4.64026e-01
8.28000e-01 4.66505e-01
8.32000e-01 4.72730e-01
8.36000e-01 4.82500e-01
8.40000e-01 4.88691e-01
8.44000e-01 4.89625e-01
8.48000e-01 4.89644e-01
8.52000e-01 4.89644e-01
8.56000e-01 4.89644e-01
8.60000e-01 4.89644e-01
8.64000e-01 4.89644e-01
8.68000e-01 4.89645e-01
8.72000e-01 4.89646e-01
8.76000e-01 4.89650e-01
8.80000e-01 4.89661e-01
8.84000e-01 4.89688e-01
8.88000e-01 4.89756e-01
8.92000e-01 4.89926e-01
8.96000e-01 4.90368e-01
9.00000e-01 4.91564e-01
9.04000e-01 4.94821e-01
9.08000e-01 5.02544e-01
9.12000e-01 5.13154e-01
9.16000e-01 5.17532e-01
9.20000e-01 5.17680e-01
9.24000e-01 5.16901e-01
9.28000e-01 5.11418e-01
9.32000e-01 4.95083e-01
9.36000e-01 4.80266e-01
9.40000e-01 4.77593e-01
9.44000e-01 4.77546e-01
9.48000e-01 4.77577e-01
9.52000e-01 4.77748e-01
9.56000e-01 4.78252e-01
9.60000e-01 4.79341e-01
9.64000e-01 4.81304e-01
9.68000e-01 4.84612e-01
9.72000e-01 4.90360e-01
9.76000e-01 5.00574e-01
9.80000e-01 5.15007e-01
9.84000e-01 5.24457e-01
9.88000e-01 5.25987e-01
9.92000e-01 5.26004e-01
9.96000e-01 5.25881e-01
1.00000e+00 5.24671e-01
1.00400e+00 5.16696e-01
1.00800e+00 4.90167e-01
1.01200e+00 4.64978e-01
1.01600e+00 4.60803e-01
1.02000e+00 4.60896e-01
1.02400e+00 4.62018e-01
1.02800e+00 4.65403e-01
1.03200e+00 4.70133e-01
1.03600e+00 4.73273e-01
1.04000e+00 4.74856e-01
1.04400e+00 4.76439e-01
1.04800e+00 4.79177e-01
1.05200e+00 4.81924e-01
1.05600e+00 4.82423e-01
1.06000e+00 4.82158e-01
1.06400e+00 4.79709e-01
1.06800e+00 4.69664e-01
1.07200e+00 4.53474e-01
1.07600e+00 4.46786e-01
1.08000e+00 4.46356e-01
1.08400e+00 4.46372e-01
1.08800e+00 4.46491e-01
1.09200e+00 4.46749e-01
1.09600e+00 4.46941e-01
1.10000e+00 4.46993e-01
1.10400e+00 4.47012e-01
1.10800e+00 4.47039e-01
1.11200e+00 4.47103e-01
1.11600e+00 4.47255e-01
1.12000e+00 4.47582e-01
1.12400e+00 4.48252e-01
1.12800e+00 4.49639e-01
1.13200e+00 4.52561e-01
1.13600e+00 4.58014e-01
1.14000e+00 4.64259e-01
1.14400e+00 4.66822e-01
1.14800e+00 4.67043e-01
1.15200e+00 4.67046e-01
1.15600e+00 4.67047e-01
1.16000e+00 4.67048e-01
1.16400e+00 4.67051e-01
1.16800e+00 4.67061e-01
1.17200e+00 4.67090e-01
1.17600e+00 4.67162e-01
1.18000e+00 4.67325e-01
1.18400e+00 4.67662e-01
1.18800e+00 4.68289e-01
1.19200e+00 4.69339e-01
1.19600e+00 4.70902e-01
1.20000e+00 4.72971e-01
1.20400e+00 4.75476e-01
1.20800e+00 4.78478e-01
1.21200e+00 4.82342e-01
1.21600e+00 4.87326e-01
1.22000e+00 4.91841e-01
1.22400e+00 4.93554e-01
1.22800e+00 4.93754e-01
1.23200e+00 4.93778e-01
1.23600e+00 4.93798e-01
1.24000e+00 4.93834e-01
1.24400e+00 4.93911e-01
1.24800e+00 4.94066e-01
1.25200e+00 4.94406e-01
1.25600e+00 4.95284e-01
1.26000e+00 4.97821e-01
1.26400e+00 5.04259e-01
1.26800e+00 5.12645e-01
1.27200e+00 5.15186e-01
1.27600e+00 5.14998e-01
1.28000e+00 5.12038e-01
1.28400e+00 4.98517e-01
1.28800e+00 4.78384e-01
1.29200e+00 4.72030e-01
1.29600e+00 4.71883e-01
1.30000e+00 4.72373e-01
1.30400e+00 4.74779e-01
1.30800e+00 4.81626e-01
1.31200e+00 4.94693e-01
1.31600e+00 5.07059e-01
1.32000e+00 5.10498e-01
1.32400e+00 5.10660e-01
1.32800e+00 5.10661e-01
1.33200e+00 5.10661e-01
1.33600e+00 5.10661e-01
1.34000e+00 5.10660e-01
1.34400e+00 5.10657e-01
1.34800e+00 5.10635e-01
1.35200e+00 5.10485e-01
1.35600e+00 5.09524e-01
1.36000e+00 5.04263e-01
1.36400e+00 4.86957e-01
1.36800e+00 4.67057e-01
1.37200e+00 4.62058e-01
1.37600e+00 4.61910e-01
1.38000e+00 4.61954e-01
1.38400e+00 4.62220e-01
1.38800e+00 4.63032e-01
1.39200e+00 4.64788e-01
1.39600e+00 4.67707e-01
1.40000e+00 4.71465e-01
1.40400e+00 4.75247e-01
1.40800e+00 4.78505e-01
1.41200e+00 4.81495e-01
1.41600e+00 4.85126e-01
1.42000e+00 4.91000e-01
1.42400e+00 5.00718e-01
1.42800e+00 5.10429e-01
1.43200e+00 5.13476e-01
1.43600e+00 5.13603e-01
1.44000e+00 5.13483e-01
1.44400e+00 5.12201e-01
1.44800e+00 5.03893e-01
1.45200e+00 4.76939e-01
1.45600e+00 4.51545e-01
1.46000e+00 4.47159e-01
1.46400e+00 4.47165e-01
1.46800e+00 4.47745e-01
1.47200e+00 4.49681e-01
1.47600e+00 4.52200e-01
1.48000e+00 4.53161e-01
1.48400e+00 4.53252e-01
1.48800e+00 4.53270e-01
1.49200e+00 4.53298e-01
1.49600e+00 4.53385e-01
1.50000e+00 4.53647e-01
1.50400e+00 4.54357e-01
1.50800e+00 4.56145e-01
1.51200e+00 4.60264e-01
1.51600e+00 4.67639e-01
1.52000e+00 4.74479e-01
1.52400e+00 4.76394e-01
1.52800e+00 4.76488e-01
1.53200e+00 4.76489e-01
1.53600e+00 4.76489e-01
1.54000e+00 4.76489e-01
1.54400e+00 4.76490e-01
1.54800e+00 4.76491e-01
1.55200e+00 4.76496e-01
1.55600e+00 4.76509e-01
1.56000e+00 4.76540e-01
1.56400e+00 4.76611e-01
1.56800e+00 4.76761e-01
1.57200e+00 4.77049e-01
1.57600e+00 4.77567e-01
1.58000e+00 4.78454e-01
1.58400e+00 4.79979e-01
1.58800e+00 4.82741e-01
1.59200e+00 4.88070e-01
1.59600e+00 4.97933e-01
1.60000e+00 5.10372e-01
1.60400e+00 5.16473e-01
1.60800e+00 5.17127e-01
1.61200e+00 5.17134e-01
1.61600e+00 5.17130e-01
1.62000e+00 5.17088e-01
1.62400e+00 5.16737e-01
1.62800e+00 5.14167e-01
1.63200e+00 5.00531e-01
1.63600e+00 4.69566e-01
1.64000e+00 4.51975e-01
1.64400e+00 4.50429e-01
1.64800e+00 4.50504e-01
1.65200e+00 4.51052e-01
1.65600e+00 4.52288e-01
1.66000e+00 4.53340e-01
1.66400e+00 4.53721e-01
1.66800e+00 4.53894e-01
1.67200e+00 4.54143e-01
1.67600e+00 4.54787e-01
1.68000e+00 4.56547e-01
1.68400e+00 4.60724e-01
1.68800e+00 4.67387e-01
1.69200e+00 4.71886e-01
1.69600e+00 4.72643e-01
1.70000e+00 4.72661e-01
1.70400e+00 4.72661e-01
1.70800e+00 4.72661e-01
1.71200e+00 4.72662e-01
1.71600e+00 4.72662e-01
1.72000e+00 4.72662e-01
1.72400e+00 4.72663e-01
1.72800e+00 4.72667e-01
1.73200e+00 4.72675e-01
1.73600e+00 4.72695e-01
1.74000e+00 4.72740e-01
1.74400e+00 4.72844e-01
1.74800e+00 4.73095e-01
1.75200e+00 4.73732e-01
1.75600e+00 4.75375e-01
1.76000e+00 4.79277e-01
1.76400e+00 4.85751e-01
1.76800e+00 4.90347e-01
1.77200e+00 4.91159e-01
1.77600e+00 4.91180e-01
1.78000e+00 4.91180e-01
1.78400e+00 4.91180e-01
1.78800e+00 4.91180e-01
1.79200e+00 4.91180e-01
1.79600e+00 4.91181e-01
1.80000e+00 4.91183e-01
1.80400e+00 4.91188e-01
1.80800e+00 4.91201e-01
1.81200e+00 4.91243e-01
1.81600e+00 4.91392e-01
1.82000e+00 4.91954e-01
1.82400e+00 4.93883e-01
1.82800e+00 4.97889e-01
1.83200e+00 5.00371e-01
1.83600e+00 5.00467e-01
1.84000e+00 4.99549e-01
1.84400e+00 4.93729e-01
1.84800e+00 4.78751e-01
1.85200e+00 4.67915e-01
1.85600e+00 4.66677e-01
1.86000e+00 4.66869e-01
1.86400e+00 4.68314e-01
1.86800e+00 4.73197e-01
1.87200e+00 4.82321e-01
1.87600e+00 4.89146e-01
1.88000e+00 4.90391e-01
1.88400e+00 4.90423e-01
1.88800e+00 4.90423e-01
1.89200e+00 4.90423e-01
1.89600e+00 4.90423e-01
1.90000e+00 4.90423e-01
1.90400e+00 4.90423e-01
1.90800e+00 4.90423e-01
1.91200e+00 4.90423e-01
1.91600e+00 4.90423e-01
1.92000e+00 4.90423e-01
1.92400e+00 4.90423e-01
1.92800e+00 4.90423e-01
1.93200e+00 4.90424e-01
1.93600e+00 4.90424e-01
1.94000e+00 4.90424e-01
1.94400e+00 4.90426e-01
1.94800e+00 4.90429e-01
1.95200e+00 4.90436e-01
1.95600e+00 4.90452e-01
1.96000e+00 4.90484e-01
1.96400e+00 4.90546e-01
1.96800e+00 4.90660e-01
1.97200e+00 4.90862e-01
1.97600e+00 4.91211e-01
1.98000e+00 4.91821e-01
1.98400e+00 4.92969e-01
1.98800e+00 4.95013e-01
1.99200e+00 5.04237e-01
1.99600e+00 5.05053e-01
