0.00000e+00 4.02273e-01
4.00000e-03 4.02274e-01
8.00000e-03 4.02327e-01
1.20000e-02 4.02921e-01
1.60000e-02 4.06519e-01
2.00000e-02 4.19400e-01
2.40000e-02 4.49762e-01
2.80000e-02 5.00999e-01
3.20000e-02 5.52334e-01
3.60000e-02 5.69624e-01
4.00000e-02 5.70564e-01
4.40000e-02 5.70423e-01
4.80000e-02 5.68481e-01
5.20000e-02 5.55457e-01
5.60000e-02 5.21911e-01
6.00000e-02 5.01085e-01
6.40000e-02 4.98695e-01
6.80000e-02 4.98475e-01
7.20000e-02 4.98237e-01
7.60000e-02 4.97741e-01
8.00000e-02 4.96882e-01
8.40000e-02 4.95146e-01
8.80000e-02 4.89370e-01
9.20000e-02 4.70681e-01
9.60000e-02 4.45736e-01
1.00000e-01 4.38436e-01
1.04000e-01 4.38348e-01
1.08000e-01 4.39298e-01
1.12000e-01 4.43003e-01
1.16000e-01 4.51430e-01
1.20000e-01 4.66410e-01
1.24000e-01 4.88727e-01
1.28000e-01 5.10137e-01
1.32000e-01 5.17573e-01
1.36000e-01 5.18040e-01
1.40000e-01 5.17997e-01
1.44000e-01 5.17518e-01
1.48000e-01 5.14820e-01
1.52000e-01 5.06378e-01
1.56000e-01 4.96753e-01
1.60000e-01 4.94347e-01
1.64000e-01 4.94306e-01
1.68000e-01 4.94492e-01
1.72000e-01 4.95587e-01
1.76000e-01 5.00011e-01
1.80000e-01 5.13597e-01
1.84000e-01 5.31501e-01
1.88000e-01 5.34459e-01
1.92000e-01 5.27989e-01
1.96000e-01 4.89235e-01
2.00000e-01 4.46873e-01
2.04000e-01 4.40735e-01
2.08000e-01 4.41613e-01
2.12000e-01 4.46600e-01
2.16000e-01 4.57986e-01
2.20000e-01 4.75639e-01
2.24000e-01 4.99124e-01
2.28000e-01 5.23006e-01
2.32000e-01 5.34080e-01
2.36000e-01 5.35349e-01
2.40000e-01 5.35371e-01
2.44000e-01 5.35372e-01
2.48000e-01 5.35374e-01
2.52000e-01 5.35381e-01
2.56000e-01 5.35412e-01
2.60000e-01 5.35538e-01
2.64000e-01 5.36064e-01
2.68000e-01 5.38213e-01
2.72000e-01 5.45495e-01
2.76000e-01 5.57728e-01
2.80000e-01 5.62057e-01
2.84000e-01 5.61382e-01
2.88000e-01 5.51972e-01
2.92000e-01 5.20313e-01
2.96000e-01 4.96800e-01
3.00000e-01 4.94263e-01
3.04000e-01 4.94428e-01
3.08000e-01 4.95716e-01
3.12000e-01 4.99955e-01
3.16000e-01 5.10295e-01
3.20000e-01 5.31316e-01
3.24000e-01 5.54918e-01
3.28000e-01 5.60795e-01
3.32000e-01 5.59313e-01
3.36000e-01 5.40442e-01
3.40000e-01 4.86532e-01
3.44000e-01 4.58099e-01
3.48000e-01 4.56376e-01
3.52000e-01 4.56872e-01
3.56000e-01 4.59377e-01
3.60000e-01 4.64948e-01
3.64000e-01 4.72795e-01
3.68000e-01 4.80908e-01
3.72000e-01 4.87870e-01
3.76000e-01 4.93558e-01
3.80000e-01 4.98544e-01
3.84000e-01 5.03561e-01
3.88000e-01 5.09534e-01
3.92000e-01 5.18058e-01
3.96000e-01 5.31881e-01
4.00000e-01 5.51434e-01
4.04000e-01 5.65271e-01
4.08000e-01 5.67873e-01
4.12000e-01 5.67945e-01
4.16000e-01 5.67945e-01
4.20000e-01 5.67945e-01
4.24000e-01 5.67945e-01
4.28000e-01 5.67945e-01
4.32000e-01 5.67944e-01
4.36000e-01 5.67939e-01
4.40000e-01 5.67912e-01
4.44000e-01 5.67774e-01
4.48000e-01 5.67163e-01
4.52000e-01 5.65242e-01
4.56000e-01 5.62341e-01
4.60000e-01 5.60855e-01
4.64000e-01 5.60516e-01
4.68000e-01 5.60313e-01
4.72000e-01 5.59919e-01
4.76000e-01 5.59321e-01
4.80000e-01 5.59074e-01
4.84000e-01 5.59069e-01
4.88000e-01 5.59162e-01
4.92000e-01 5.59818e-01
4.96000e-01 5.60798e-01
5.00000e-01 5.60798e-01
5.04000e-01 5.58434e-01
5.08000e-01 5.39666e-01
5.12000e-01 4.95223e-01
5.16000e-01 4.75138e-01
5.20000e-01 4.74474e-01
5.24000e-01 4.76138e-01
5.28000e-01 4.80252e-01
5.32000e-01 4.81791e-01
5.36000e-01 4.81576e-01
5.40000e-01 4.79078e-01
5.44000e-01 4.69145e-01
5.48000e-01 4.54804e-01
5.52000e-01 4.49883e-01
5.56000e-01 4.49701e-01
5.60000e-01 4.49900e-01
5.64000e-01 4.51088e-01
5.68000e-01 4.54930e-01
5.72000e-01 4.61615e-01
5.76000e-01 4.65223e-01
5.80000e-01 4.65392e-01
5.84000e-01 4.64652e-01
5.88000e-01 4.60099e-01
5.92000e-01 4.48154e-01
5.96000e-01 4.38092e-01
6.00000e-01 4.36402e-01
6.04000e-01 4.36410e-01
6.08000e-01 4.36679e-01
6.12000e-01 4.37704e-01
6.16000e-01 4.40110e-01
6.20000e-01 4.44283e-01
6.24000e-01 4.50080e-01
6.28000e-01 4.56886e-01
6.32000e-01 4.63938e-01
6.36000e-01 4.70599e-01
6.40000e-01 4.76447e-01
6.44000e-01 4.81258e-01
6.48000e-01 4.85011e-01
6.52000e-01 4.87866e-01
6.56000e-01 4.90092e-01
6.60000e-01 4.91959e-01
6.64000e-01 4.93679e-01
6.68000e-01 4.95405e-01
6.72000e-01 4.97238e-01
6.76000e-01 4.99243e-01
6.80000e-01 5.01445e-01
6.84000e-01 5.03833e-01
6.88000e-01 5.06349e-01
6.92000e-01 5.08896e-01
6.96000e-01 5.11360e-01
7.00000e-01 5.13663e-01
7.04000e-01 5.15807e-01
7.08000e-01 5.17888e-01
7.12000e-01 5.20112e-01
7.16000e-01 5.22864e-01
7.20000e-01 5.26957e-01
7.24000e-01 5.34213e-01
7.28000e-01 5.47717e-01
7.32000e-01 5.65916e-01
7.36000e-01 5.75618e-01
7.40000e-01 5.76736e-01
7.44000e-01 5.76751e-01
7.48000e-01 5.76751e-01
7.52000e-01 5.76746e-01
7.56000e-01 5.76680e-01
7.60000e-01 5.75855e-01
7.64000e-01 5.67585e-01
7.68000e-01 5.28489e-01
7.72000e-01 4.83283e-01
7.76000e-01 4.74885e-01
7.80000e-01 4.74934e-01
7.84000e-01 4.76016e-01
7.88000e-01 4.77901e-01
7.92000e-01 4.78799e-01
7.96000e-01 4.79058e-01
8.00000e-01 4.79349e-01
8.04000e-01 4.80194e-01
8.08000e-01 4.82134e-01
8.12000e-01 4.83680e-01
8.16000e-01 4.83836e-01
8.20000e-01 4.83628e-01
8.24000e-01 4.82044e-01
8.28000e-01 4.76203e-01
8.32000e-01 4.67201e-01
8.36000e-01 4.63598e-01
8.40000e-01 4.63421e-01
8.44000e-01 4.63543e-01
8.48000e-01 4.64304e-01
8.52000e-01 4.66906e-01
8.56000e-01 4.73302e-01
8.60000e-01 4.83013e-01
8.64000e-01 4.88822e-01
8.68000e-01 4.89629e-01
8.72000e-01 4.89644e-01
8.76000e-01 4.89644e-01
8.80000e-01 4.89644e-01
8.84000e-01 4.89644e-01
8.88000e-01 4.89644e-01
8.92000e-01 4.89645e-01
8.96000e-01 4.89646e-01
9.00000e-01 4.89649e-01
9.04000e-01 4.89657e-01
9.08000e-01 4.89679e-01
9.12000e-01 4.89732e-01
9.16000e-01 4.89867e-01
9.20000e-01 4.90221e-01
9.24000e-01 4.91181e-01
9.28000e-01 4.93833e-01
9.32000e-01 5.00451e-01
9.36000e-01 5.10963e-01
9.40000e-01 5.16666e-01
9.44000e-01 5.17077e-01
9.48000e-01 5.16597e-01
9.52000e-01 5.12628e-01
9.56000e-01 4.98552e-01
9.60000e-01 4.81965e-01
9.64000e-01 4.77721e-01
9.68000e-01 4.77587e-01
9.72000e-01 4.77606e-01
9.76000e-01 4.77733e-01
9.80000e-01 4.78141e-01
9.84000e-01 4.79070e-01
9.88000e-01 4.80793e-01
9.92000e-01 4.83711e-01
9.96000e-01 4.88722e-01
1.00000e+00 4.97701e-01
1.00400e+00 5.11644e-01
1.00800e+00 5.23154e-01
1.01200e+00 5.25848e-01
1.01600e+00 5.25921e-01
1.02000e+00 5.25822e-01
1.02400e+00 5.24765e-01
1.02800e+00 5.17593e-01
1.03200e+00 4.92443e-01
1.03600e+00 4.66412e-01
1.04000e+00 4.61515e-01
1.04400e+00 4.61554e-01
1.04800e+00 4.62472e-01
1.05200e+00 4.65408e-01
1.05600e+00 4.69831e-01
1.06000e+00 4.73241e-01
1.06400e+00 4.75331e-01
1.06800e+00 4.77468e-01
1.07200e+00 4.80289e-01
1.07600e+00 4.81874e-01
1.08000e+00 4.81943e-01
1.08400e+00 4.81430e-01
1.08800e+00 4.77869e-01
1.09200e+00 4.65840e-01
1.09600e+00 4.50937e-01
1.10000e+00 4.46584e-01
1.10400e+00 4.46414e-01
1.10800e+00 4.46437e-01
1.11200e+00 4.46566e-01
1.11600e+00 4.46808e-01
1.12000e+00 4.46967e-01
1.12400e+00 4.47012e-01
1.12800e+00 4.47033e-01
1.13200e+00 4.47065e-01
1.13600e+00 4.47143e-01
1.14000e+00 4.47327e-01
1.14400e+00 4.47723e-01
1.14800e+00 4.48556e-01
1.15200e+00 4.50335e-01
1.15600e+00 4.54060e-01
1.16000e+00 4.60291e-01
1.16400e+00 4.65630e-01
1.16800e+00 4.66986e-01
1.17200e+00 4.67046e-01
1.17600e+00 4.67047e-01
1.18000e+00 4.67047e-01
1.18400e+00 4.67048e-01
1.18800e+00 4.67052e-01
1.19200e+00 4.67063e-01
1.19600e+00 4.67093e-01
1.20000e+00 4.67167e-01
1.20400e+00 4.67332e-01
1.20800e+00 4.67671e-01
1.21200e+00 4.68299e-01
1.21600e+00 4.69347e-01
1.22000e+00 4.70899e-01
1.22400e+00 4.72928e-01
1.22800e+00 4.75368e-01
1.23200e+00 4.78359e-01
1.23600e+00 4.82433e-01
1.24000e+00 4.87857e-01
1.24400e+00 4.92363e-01
1.24800e+00 4.93686e-01
1.25200e+00 4.93782e-01
1.25600e+00 4.93792e-01
1.26000e+00 4.93802e-01
1.26400e+00 4.93824e-01
1.26800e+00 4.93877e-01
1.27200e+00 4.93993e-01
1.27600e+00 4.94264e-01
1.28000e+00 4.94986e-01
1.28400e+00 4.97121e-01
1.28800e+00 5.02793e-01
1.29200e+00 5.11030e-01
1.29600e+00 5.14092e-01
1.30000e+00 5.14022e-01
1.30400e+00 5.11808e-01
1.30800e+00 5.00526e-01
1.31200e+00 4.80669e-01
1.31600e+00 4.72716e-01
1.32000e+00 4.72380e-01
1.32400e+00 4.72730e-01
1.32800e+00 4.74669e-01
1.33200e+00 4.80538e-01
1.33600e+00 4.92608e-01
1.34000e+00 5.05779e-01
1.34400e+00 5.10364e-01
1.34800e+00 5.10659e-01
1.35200e+00 5.10661e-01
1.35600e+00 5.10661e-01
1.36000e+00 5.10661e-01
1.36400e+00 5.10660e-01
1.36800e+00 5.10657e-01
1.37200e+00 5.10635e-01
1.37600e+00 5.10485e-01
1.38000e+00 5.09525e-01
1.38400e+00 5.04275e-01
1.38800e+00 4.87006e-01
1.39200e+00 4.67135e-01
1.39600e+00 4.62138e-01
1.40000e+00 4.61989e-01
1.40400e+00 4.62033e-01
1.40800e+00 4.62297e-01
1.41200e+00 4.63104e-01
1.41600e+00 4.64856e-01
1.42000e+00 4.67784e-01
1.42400e+00 4.71575e-01
1.42800e+00 4.75383e-01
1.43200e+00 4.78609e-01
1.43600e+00 4.81476e-01
1.44000e+00 4.84849e-01
1.44400e+00 4.90251e-01
1.44800e+00 4.99476e-01
1.45200e+00 5.09580e-01
1.45600e+00 5.13254e-01
1.46000e+00 5.13445e-01
1.46400e+00 5.13305e-01
1.46800e+00 5.11790e-01
1.47200e+00 5.02286e-01
1.47600e+00 4.74082e-01
1.48000e+00 4.50890e-01
1.48400e+00 4.47579e-01
1.48800e+00 4.47638e-01
1.49200e+00 4.48373e-01
1.49600e+00 4.50474e-01
1.50000e+00 4.52638e-01
1.50400e+00 4.53230e-01
1.50800e+00 4.53277e-01
1.51200e+00 4.53294e-01
1.51600e+00 4.53330e-01
1.52000e+00 4.53443e-01
1.52400e+00 4.53773e-01
1.52800e+00 4.54652e-01
1.53200e+00 4.56831e-01
1.53600e+00 4.61678e-01
1.54000e+00 4.69496e-01
1.54400e+00 4.75300e-01
1.54800e+00 4.76453e-01
1.55200e+00 4.76489e-01
1.55600e+00 4.76489e-01
1.56000e+00 4.76489e-01
1.56400e+00 4.76489e-01
1.56800e+00 4.76490e-01
1.57200e+00 4.76491e-01
1.57600e+00 4.76496e-01
1.58000e+00 4.76507e-01
1.58400e+00 4.76536e-01
1.58800e+00 4.76602e-01
1.59200e+00 4.76740e-01
1.59600e+00 4.77006e-01
1.60000e+00 4.77484e-01
1.60400e+00 4.78300e-01
1.60800e+00 4.79690e-01
1.61200e+00 4.82168e-01
1.61600e+00 4.86906e-01
1.62000e+00 4.95884e-01
1.62400e+00 5.08442e-01
1.62800e+00 5.16011e-01
1.63200e+00 5.17110e-01
1.63600e+00 5.17129e-01
1.64000e+00 5.17125e-01
1.64400e+00 5.17079e-01
1.64800e+00 5.16690e-01
1.65200e+00 5.13871e-01
1.65600e+00 4.99358e-01
1.66000e+00 4.68303e-01
1.66400e+00 4.52005e-01
1.66800e+00 4.50718e-01
1.67200e+00 4.50796e-01
1.67600e+00 4.51327e-01
1.68000e+00 4.52482e-01
1.68400e+00 4.53456e-01
1.68800e+00 4.53838e-01
1.69200e+00 4.54043e-01
1.69600e+00 4.54358e-01
1.70000e+00 4.55173e-01
1.70400e+00 4.57352e-01
1.70800e+00 4.62219e-01
1.71200e+00 4.68879e-01
1.71600e+00 4.72275e-01
1.72000e+00 4.72656e-01
1.72400e+00 4.72661e-01
1.72800e+00 4.72661e-01
1.73200e+00 4.72661e-01
1.73600e+00 4.72662e-01
1.74000e+00 4.72662e-01
1.74400e+00 4.72662e-01
1.74800e+00 4.72663e-01
1.75200e+00 4.72667e-01
1.75600e+00 4.72675e-01
1.76000e+00 4.72694e-01
1.76400e+00 4.72738e-01
1.76800e+00 4.72841e-01
1.77200e+00 4.73093e-01
1.77600e+00 4.73739e-01
1.78000e+00 4.75416e-01
1.78400e+00 4.79392e-01
1.78800e+00 4.85903e-01
1.79200e+00 4.90399e-01
1.79600e+00 4.91162e-01
1.80000e+00 4.91180e-01
1.80400e+00 4.91180e-01
1.80800e+00 4.91180e-01
1.81200e+00 4.91180e-01
1.81600e+00 4.91180e-01
1.82000e+00 4.91181e-01
1.82400e+00 4.91182e-01
1.82800e+00 4.91186e-01
1.83200e+00 4.91197e-01
1.83600e+00 4.91234e-01
1.84000e+00 4.91373e-01
1.84400e+00 4.91910e-01
1.84800e+00 4.93763e-01
1.85200e+00 4.97525e-01
1.85600e+00 4.99738e-01
1.86000e+00 4.99802e-01
1.86400e+00 4.98886e-01
1.86800e+00 4.93223e-01
1.87200e+00 4.78805e-01
1.87600e+00 4.68404e-01
1.88000e+00 4.67212e-01
1.88400e+00 4.67392e-01
1.88800e+00 4.68762e-01
1.89200e+00 4.73438e-01
1.89600e+00 4.82311e-01
1.90000e+00 4.89107e-01
1.90400e+00 4.90389e-01
1.90800e+00 4.90423e-01
1.91200e+00 4.90423e-01
1.91600e+00 4.90423e-01
1.92000e+00 4.90423e-01
1.92400e+00 4.90423e-01
1.92800e+00 4.90423e-01
1.93200e+00 4.90423e-01
1.93600e+00 4.90423e-01
1.94000e+00 4.90423e-01
1.94400e+00 4.90423e-01
1.94800e+00 4.90423e-01
1.95200e+00 4.90423e-01
1.95600e+00 4.90424e-01
1.96000e+00 4.90424e-01
1.96400e+00 4.90424e-01
1.96800e+00 4.90425e-01
1.97200e+00 4.90428e-01
1.97600e+00 4.90434e-01
1.98000e+00 4.90446e-01
1.98400e+00 4.90473e-01
1.98800e+00 4.90517e-01
1.99200e+00 4.90749e-01
1.99600e+00 4.90770e-01
